   0.0000000000000000        1.3000000089819426E-012   0.0000000000000000     
  0.10000000000000001        1.0946382261092176E-012   0.0000000000000000     
  0.20000000000000001        3.1688248218182540E-013   0.0000000000000000     
  0.30000000000000004        1.5624347656444358E-012   0.0000000000000000     
  0.40000000000000002       -3.4174180232944208E-013   0.0000000000000000     
  0.50000000000000000        1.7366004200296011E-012   0.0000000000000000     
  0.60000000000000009       -1.2363751221935273E-012   0.0000000000000000     
  0.70000000000000007        2.3052708521054946E-012   0.0000000000000000     
  0.80000000000000004       -2.3928738578329782E-012   0.0000000000000000     
  0.90000000000000002        3.4525959816404930E-012   0.0000000000000000     
   1.0000000000000000       -4.0914748889369623E-012   0.0000000000000000     
   1.1000000000000001        5.4245265807802417E-012   0.0000000000000000     
   1.2000000000000002       -6.7250102504051335E-012   0.0000000000000000     
   1.3000000000000000        8.6626340890639059E-012   0.0000000000000000     
   1.4000000000000001       -1.0899040512000014E-011   0.0000000000000000     
   1.5000000000000000        1.3882757013752655E-011   0.0000000000000000     
   1.6000000000000001       -1.7535612795745880E-011   0.0000000000000000     
   1.7000000000000002        2.2232516831108827E-011   0.0000000000000000     
   1.8000000000000000       -2.8093707192966332E-011   0.0000000000000000     
   1.9000000000000001        3.5522115497593713E-011   0.0000000000000000     
   2.0000000000000000       -4.4834861799273862E-011   0.0000000000000000     
   2.1000000000000001        5.6576072539678915E-011   0.0000000000000000     
   2.2000000000000002       -7.1313621567305409E-011   0.0000000000000000     
   2.3000000000000003        8.9821956518466776E-011   0.0000000000000000     
   2.4000000000000004       -1.1302317291867844E-010   0.0000000000000000     
   2.5000000000000000        1.4210299770421352E-010   0.0000000000000000     
   2.6000000000000001       -1.7849257236804808E-010   0.0000000000000000     
   2.7000000000000002        2.2400027679207469E-010   0.0000000000000000     
   2.8000000000000003       -2.8085155156806984E-010   0.0000000000000000     
   2.9000000000000004        3.5179617549439638E-010   0.0000000000000000     
   3.0000000000000000       -4.4023878437803554E-010   0.0000000000000000     
   3.1000000000000001        5.5038945469582062E-010   0.0000000000000000     
   3.2000000000000002       -6.8741805683750378E-010   0.0000000000000000     
   3.3000000000000003        8.5770784808681093E-010   0.0000000000000000     
   3.4000000000000004       -1.0691117839351686E-009   0.0000000000000000     
   3.5000000000000000        1.3312655679505502E-009   0.0000000000000000     
   3.6000000000000001       -1.6559951159241528E-009   0.0000000000000000     
   3.7000000000000002        2.0577868087739705E-009   0.0000000000000000     
   3.8000000000000003       -2.5543690399690341E-009   0.0000000000000000     
   3.9000000000000004        3.1674166410260333E-009   0.0000000000000000     
   4.0000000000000000       -3.9233734320939565E-009   0.0000000000000000     
   4.1000000000000005        4.8544699844841755E-009   0.0000000000000000     
   4.2000000000000002       -5.9999408466549661E-009   0.0000000000000000     
   4.2999999999999998        7.4074787913996106E-009   0.0000000000000000     
   4.4000000000000004       -9.1349839731030100E-009   0.0000000000000000     
   4.5000000000000000        1.1252636853141095E-008   0.0000000000000000     
   4.6000000000000005       -1.3845394906482617E-008   0.0000000000000000     
   4.7000000000000002        1.7015963999480077E-008   0.0000000000000000     
   4.8000000000000007       -2.0888312471454834E-008   0.0000000000000000     
   4.9000000000000004        2.5611877558929237E-008   0.0000000000000000     
   5.0000000000000000       -3.1366532040168137E-008   0.0000000000000000     
   5.1000000000000005        3.8368446617768928E-008   0.0000000000000000     
   5.2000000000000002       -4.6877053332055633E-008   0.0000000000000000     
   5.3000000000000007        5.7203235619725837E-008   0.0000000000000000     
   5.4000000000000004       -6.9718961362495632E-008   0.0000000000000000     
   5.5000000000000000        8.4868618519454424E-008   0.0000000000000000     
   5.6000000000000005       -1.0318229570549079E-007   0.0000000000000000     
   5.7000000000000002        1.2529132932200562E-007   0.0000000000000000     
   5.8000000000000007       -1.5194646879758547E-007   0.0000000000000000     
   5.9000000000000004        1.8403905298099812E-007   0.0000000000000000     
   6.0000000000000000       -2.2262565050716230E-007   0.0000000000000000     
   6.1000000000000005        2.6895667491708204E-007   0.0000000000000000     
   6.2000000000000002       -3.2450955308430715E-007   0.0000000000000000     
   6.3000000000000007        3.9102705508150398E-007   0.0000000000000000     
   6.4000000000000004       -4.7056155369731672E-007   0.0000000000000000     
   6.5000000000000000        5.6552600754237937E-007   0.0000000000000000     
   6.6000000000000005       -6.7875247912266578E-007   0.0000000000000000     
   6.7000000000000002        8.1355926669363239E-007   0.0000000000000000     
   6.8000000000000007       -9.7382771620283480E-007   0.0000000000000000     
   6.9000000000000004        1.1640897989565078E-006   0.0000000000000000     
   7.0000000000000000       -1.3896278760594368E-006   0.0000000000000000     
   7.1000000000000005        1.6565880150066333E-006   0.0000000000000000     
   7.2000000000000002       -1.9721083094109890E-006   0.0000000000000000     
   7.3000000000000007        2.3444639384341027E-006   0.0000000000000000     
   7.4000000000000004       -2.7832306565730243E-006   0.0000000000000000     
   7.5000000000000000        3.2994685699569250E-006   0.0000000000000000     
   7.6000000000000005       -3.9059281948768982E-006   0.0000000000000000     
   7.7000000000000002        4.6172807837183933E-006   0.0000000000000000     
   7.8000000000000007       -5.4503751208423437E-006   0.0000000000000000     
   7.9000000000000004        6.4245229313422897E-006   0.0000000000000000     
   8.0000000000000000       -7.5618150786264622E-006   0.0000000000000000     
   8.0999999999999996        8.8874708820367249E-006   0.0000000000000000     
   8.2000000000000011       -1.0430222653042960E-005   0.0000000000000000     
   8.3000000000000007        1.2222737550003914E-005   0.0000000000000000     
   8.4000000000000004       -1.4302078828125664E-005   0.0000000000000000     
   8.5000000000000000        1.6710208194816778E-005   0.0000000000000000     
   8.5999999999999996       -1.9494530828863538E-005   0.0000000000000000     
   8.7000000000000011        2.2708484298652898E-005   0.0000000000000000     
   8.8000000000000007       -2.6412172116444602E-005   0.0000000000000000     
   8.9000000000000004        3.0673042230866925E-005   0.0000000000000000     
   9.0000000000000000       -3.5566610076811563E-005   0.0000000000000000     
   9.0999999999999996        4.1177225080705649E-005   0.0000000000000000     
   9.2000000000000011       -4.7598878673431521E-005   0.0000000000000000     
   9.3000000000000007        5.4936050810214242E-005   0.0000000000000000     
   9.4000000000000004       -6.3304590917358247E-005   0.0000000000000000     
   9.5000000000000000        7.2832627865535140E-005   0.0000000000000000     
   9.6000000000000014       -8.3661502151990790E-005   0.0000000000000000     
   9.7000000000000011        9.5946711896183448E-005   0.0000000000000000     
   9.8000000000000007       -1.0985886248537402E-004   0.0000000000000000     
   9.9000000000000004        1.2558460791564250E-004   0.0000000000000000     
   10.000000000000000       -1.4332756980487045E-004   0.0000000000000000     
   10.100000000000001        1.6330921793558347E-004   0.0000000000000000     
   10.200000000000001       -1.8576969404939106E-004   0.0000000000000000     
   10.300000000000001        2.1096855820659910E-004   0.0000000000000000     
   10.400000000000000       -2.3918543478134067E-004   0.0000000000000000     
   10.500000000000000        2.7072053280973167E-004   0.0000000000000000     
   10.600000000000001       -3.0589501303587922E-004   0.0000000000000000     
   10.700000000000001        3.4505117190892424E-004   0.0000000000000000     
   10.800000000000001       -3.8855241060803842E-004   0.0000000000000000     
   10.900000000000000        4.3678295535000053E-004   0.0000000000000000     
   11.000000000000000       -4.9014729373528644E-004   0.0000000000000000     
   11.100000000000001        5.4906929049899759E-004   0.0000000000000000     
   11.200000000000001       -6.1399094540945148E-004   0.0000000000000000     
   11.300000000000001        6.8537075576071435E-004   0.0000000000000000     
   11.400000000000000       -7.6368164615869089E-004   0.0000000000000000     
   11.500000000000000        8.4940842953990469E-004   0.0000000000000000     
   11.600000000000001       -9.4304476503212107E-004   0.0000000000000000     
   11.700000000000001        1.0450895810597510E-003   0.0000000000000000     
   11.800000000000001       -1.1560429358924936E-003   0.0000000000000000     
   11.900000000000000        1.2764012923060760E-003   0.0000000000000000     
   12.000000000000000       -1.4066521890384086E-003   0.0000000000000000     
   12.100000000000001        1.5472682986588553E-003   0.0000000000000000     
   12.200000000000001       -1.6987008693926206E-003   0.0000000000000000     
   12.300000000000001        1.8613725580142802E-003   0.0000000000000000     
   12.400000000000000       -2.0356696712310407E-003   0.0000000000000000     
   12.500000000000000        2.2219338445382594E-003   0.0000000000000000     
   12.600000000000001       -2.4204532003919178E-003   0.0000000000000000     
   12.700000000000001        2.6314530409013693E-003   0.0000000000000000     
   12.800000000000001       -2.8550861448129274E-003   0.0000000000000000     
   12.900000000000000        3.0914227536841619E-003   0.0000000000000000     
   13.000000000000000       -3.3404403474282607E-003   0.0000000000000000     
   13.100000000000001        3.6020133253191369E-003   0.0000000000000000     
   13.200000000000001       -3.8759027240349263E-003   0.0000000000000000     
   13.300000000000001        4.1617461193741399E-003   0.0000000000000000     
   13.400000000000000       -4.4590478728621218E-003   0.0000000000000000     
   13.500000000000000        4.7671698975238139E-003   0.0000000000000000     
   13.600000000000001       -5.0853231288251937E-003   0.0000000000000000     
   13.700000000000001        5.4125598965679188E-003   0.0000000000000000     
   13.800000000000001       -5.7477674006833918E-003   0.0000000000000000     
   13.900000000000000        6.0896624985113590E-003   0.0000000000000000     
   14.000000000000000       -6.4367880123848802E-003   0.0000000000000000     
   14.100000000000001        6.7875107640010682E-003   0.0000000000000000     
   14.200000000000001       -7.1400215358387994E-003   0.0000000000000000     
   14.300000000000001        7.4923371492739942E-003   0.0000000000000000     
   14.400000000000000       -7.8423048341448084E-003   0.0000000000000000     
   14.500000000000000        8.1876090447198999E-003   0.0000000000000000     
   14.600000000000001       -8.5257808526067146E-003   0.0000000000000000     
   14.700000000000001        8.8542100181038409E-003   0.0000000000000000     
   14.800000000000001       -9.1701598074868974E-003   0.0000000000000000     
   14.900000000000000        9.4707845857126462E-003   0.0000000000000000     
   15.000000000000000       -9.7531501718335686E-003   0.0000000000000000     
   15.100000000000001        1.0014256898455505E-002   0.0000000000000000     
   15.200000000000001       -1.0251065268070882E-002   0.0000000000000000     
   15.300000000000001        1.0460524047943336E-002   0.0000000000000000     
   15.400000000000000       -1.0639600592837337E-002   0.0000000000000000     
   15.500000000000000        1.0785313132170231E-002   0.0000000000000000     
   15.600000000000001       -1.0894764705579324E-002   0.0000000000000000     
   15.700000000000001        1.0965178380453083E-002   0.0000000000000000     
   15.800000000000001       -1.0993933337108951E-002   0.0000000000000000     
   15.900000000000000        1.0978601363339778E-002   0.0000000000000000     
   16.000000000000000       -1.0916983261683005E-002   0.0000000000000000     
   16.100000000000001        1.0807144640387499E-002   0.0000000000000000     
   16.199999999999999       -1.0647450534447305E-002   0.0000000000000000     
   16.300000000000001        1.0436598286991923E-002   0.0000000000000000     
   16.400000000000002       -1.0173648114510816E-002   0.0000000000000000     
   16.500000000000000        9.8580507831800904E-003   0.0000000000000000     
   16.600000000000001       -9.4896718378446182E-003   0.0000000000000000     
   16.699999999999999        9.0688118508657385E-003   0.0000000000000000     
   16.800000000000001       -8.5962221951678425E-003   0.0000000000000000     
   16.900000000000002        8.0731158939748894E-003   0.0000000000000000     
   17.000000000000000       -7.5011731591683277E-003   0.0000000000000000     
   17.100000000000001        6.8825412996463484E-003   0.0000000000000000     
   17.199999999999999       -6.2198287600609432E-003   0.0000000000000000     
   17.300000000000001        5.5160931377654645E-003   0.0000000000000000     
   17.400000000000002       -4.7748231197399082E-003   0.0000000000000000     
   17.500000000000000        3.9999143808248849E-003   0.0000000000000000     
   17.600000000000001       -3.1956395873830286E-003   0.0000000000000000     
   17.699999999999999        2.3666127546249941E-003   0.0000000000000000     
   17.800000000000001       -1.5177483095480614E-003   0.0000000000000000     
   17.900000000000002        6.5421531185621651E-004   0.0000000000000000     
   18.000000000000000        2.1861261917676734E-004   0.0000000000000000     
   18.100000000000001       -1.0952110357094688E-003   0.0000000000000000     
   18.199999999999999        1.9699613354254531E-003   0.0000000000000000     
   18.300000000000001       -2.8372095963599938E-003   0.0000000000000000     
   18.400000000000002        3.6913267359511312E-003   0.0000000000000000     
   18.500000000000000       -4.5267691182332348E-003   0.0000000000000000     
   18.600000000000001        5.3381387092723718E-003   0.0000000000000000     
   18.699999999999999       -6.1202418740832877E-003   0.0000000000000000     
   18.800000000000001        6.8681459184342861E-003   0.0000000000000000     
   18.900000000000002       -7.5772325067034263E-003   0.0000000000000000     
   19.000000000000000        8.2432471317587172E-003   0.0000000000000000     
   19.100000000000001       -8.8623438739308773E-003   0.0000000000000000     
   19.200000000000003        9.4311247628149006E-003   0.0000000000000000     
   19.300000000000001       -9.9466731460134631E-003   0.0000000000000000     
   19.400000000000002        1.0406580571390340E-002   0.0000000000000000     
   19.500000000000000       -1.0808966801918507E-002   0.0000000000000000     
   19.600000000000001        1.1152492702213954E-002   0.0000000000000000     
   19.700000000000003       -1.1436365860893995E-002   0.0000000000000000     
   19.800000000000001        1.1660338940332318E-002   0.0000000000000000     
   19.900000000000002       -1.1824700872302979E-002   0.0000000000000000     
   20.000000000000000        1.1930261141741491E-002   0.0000000000000000     
   20.100000000000001       -1.1978327518877542E-002   0.0000000000000000     
   20.200000000000003        1.1970677709390561E-002   0.0000000000000000     
   20.300000000000001       -1.1909525491013394E-002   0.0000000000000000     
   20.400000000000002        1.1797481991281705E-002   0.0000000000000000     
   20.500000000000000       -1.1637512832508950E-002   0.0000000000000000     
   20.600000000000001        1.1432891925920235E-002   0.0000000000000000     
   20.700000000000003       -1.1187152736074523E-002   0.0000000000000000     
   20.800000000000001        1.0904037858224613E-002   0.0000000000000000     
   20.900000000000002       -1.0587447755824719E-002   0.0000000000000000     
   21.000000000000000        1.0241389492681571E-002   0.0000000000000000     
   21.100000000000001       -9.8699262650847382E-003   0.0000000000000000     
   21.200000000000003        9.4771284952477018E-003   0.0000000000000000     
   21.300000000000001       -9.0670271892392632E-003   0.0000000000000000     
   21.400000000000002        8.6435701925203449E-003   0.0000000000000000     
   21.500000000000000       -8.2105818963265492E-003   0.0000000000000000     
   21.600000000000001        7.7717268600538377E-003   0.0000000000000000     
   21.700000000000003       -7.3304777213200152E-003   0.0000000000000000     
   21.800000000000001        6.8900876687612743E-003   0.0000000000000000     
   21.900000000000002       -6.4535676548289353E-003   0.0000000000000000     
   22.000000000000000        6.0236684295868351E-003   0.0000000000000000     
   22.100000000000001       -5.6028673837170201E-003   0.0000000000000000     
   22.200000000000003        5.1933601013116580E-003   0.0000000000000000     
   22.300000000000001       -4.7970564427966250E-003   0.0000000000000000     
   22.400000000000002        4.4155809064658708E-003   0.0000000000000000     
   22.500000000000000       -4.0502769547860248E-003   0.0000000000000000     
   22.600000000000001        3.7022149402590014E-003   0.0000000000000000     
   22.700000000000003       -3.3722032249066075E-003   0.0000000000000000     
   22.800000000000001        3.0608020580701317E-003   0.0000000000000000     
   22.900000000000002       -2.7683397593849385E-003   0.0000000000000000     
   23.000000000000000        2.4949307463133976E-003   0.0000000000000000     
   23.100000000000001       -2.2404949486657614E-003   0.0000000000000000     
   23.200000000000003        2.0047781650036943E-003   0.0000000000000000     
   23.300000000000001       -1.7873729364580734E-003   0.0000000000000000     
   23.400000000000002        1.5877395416660073E-003   0.0000000000000000     
   23.500000000000000       -1.4052267504099524E-003   0.0000000000000000     
   23.600000000000001        1.2390920122824116E-003   0.0000000000000000     
   23.700000000000003       -1.0885207988989821E-003   0.0000000000000000     
   23.800000000000001        9.5264486213559587E-004   0.0000000000000000     
   23.900000000000002       -8.3055921599702791E-004   0.0000000000000000     
   24.000000000000000        7.2133769440402295E-004   0.0000000000000000     
   24.100000000000001       -6.2404698042370377E-004   0.0000000000000000     
   24.200000000000003        5.3775904367788679E-004   0.0000000000000000     
   24.300000000000001       -4.6156196065437520E-004   0.0000000000000000     
   24.400000000000002        3.9456912709839100E-004   0.0000000000000000     
   24.500000000000000       -3.3592690212659224E-004   0.0000000000000000     
   24.600000000000001        2.8482074970002111E-004   0.0000000000000000     
   24.700000000000003       -2.4047996459855263E-004   0.0000000000000000     
   24.800000000000001        2.0218108711721728E-004   0.0000000000000000     
   24.900000000000002       -1.6925012335927041E-004   0.0000000000000000     
   25.000000000000000        1.4106369631642214E-004   0.0000000000000000     
   25.100000000000001       -1.1704925758152298E-004   0.0000000000000000     
   25.200000000000003        9.6684490642791950E-005   0.0000000000000000     
   25.300000000000001       -7.9496034504374658E-005   0.0000000000000000     
   25.400000000000002        6.5057651865594094E-005   0.0000000000000000     
   25.500000000000000       -5.2987959248055858E-005   0.0000000000000000     
   25.600000000000001        4.2947827807352486E-005   0.0000000000000000     
   25.700000000000003       -3.4637553985017033E-005   0.0000000000000000     
   25.800000000000001        2.7793888422034971E-005   0.0000000000000000     
   25.900000000000002       -2.2187000510658643E-005   0.0000000000000000     
   26.000000000000000        1.7617445038101160E-005   0.0000000000000000     
   26.100000000000001       -1.3913186196067718E-005   0.0000000000000000     
   26.200000000000003        1.0926723901083459E-005   0.0000000000000000     
   26.300000000000001       -8.5323577165941904E-006   0.0000000000000000     
   26.400000000000002        6.6236143532483639E-006   0.0000000000000000     
   26.500000000000000       -5.1108568703577004E-006   0.0000000000000000     
   26.600000000000001        3.9190865971972340E-006   0.0000000000000000     
   26.700000000000003       -2.9859424420159802E-006   0.0000000000000000     
   26.800000000000001        2.2598973526081636E-006   0.0000000000000000     
   26.900000000000002       -1.6986473675485247E-006   0.0000000000000000     
   27.000000000000000        1.2676853768302101E-006   0.0000000000000000     
   27.100000000000001       -9.3904933137885565E-007   0.0000000000000000     
   27.200000000000003        6.9023271382066963E-007   0.0000000000000000     
   27.300000000000001       -5.0324410637886113E-007   0.0000000000000000     
   27.400000000000002        3.6380207862840420E-007   0.0000000000000000     
   27.500000000000000       -2.6065146994825871E-007   0.0000000000000000     
   27.600000000000001        1.8498748121797648E-007   0.0000000000000000     
   27.700000000000003       -1.2997442070711532E-007   0.0000000000000000     
   27.800000000000001        9.0346858653943366E-008   0.0000000000000000     
   27.900000000000002       -6.2081761855123415E-008   0.0000000000000000     
   28.000000000000000        4.2131134407818020E-008   0.0000000000000000     
   28.100000000000001       -2.8205896062014238E-008   0.0000000000000000     
   28.200000000000003        1.8602602583420561E-008   0.0000000000000000     
   28.300000000000001       -1.2065738771875702E-008   0.0000000000000000     
   28.400000000000002        7.6792630559335493E-009   0.0000000000000000     
   28.500000000000000       -4.7819108428502751E-009   0.0000000000000000     
   28.600000000000001        2.9017613338969687E-009   0.0000000000000000     
   28.700000000000003       -1.7061064024578937E-009   0.0000000000000000     
   28.800000000000001        9.6343113044593547E-010   0.0000000000000000     
   28.900000000000002       -5.1495523192908010E-010   0.0000000000000000     
   29.000000000000000        2.5347009781150849E-010   0.0000000000000000     
   29.100000000000001       -1.0784925288082471E-010   0.0000000000000000     
   29.200000000000003        3.1848672199641063E-011   0.0000000000000000     
   29.300000000000001        3.9264016113576091E-012   0.0000000000000000     
   29.400000000000002       -1.7640460680186456E-011   0.0000000000000000     
   29.500000000000000        2.0161611467218882E-011   0.0000000000000000     
   29.600000000000001       -1.7712005141157409E-011   0.0000000000000000     
   29.700000000000003        1.3628455178041205E-011   0.0000000000000000     
   29.800000000000001       -9.5678389363641251E-012   0.0000000000000000     
   29.900000000000002        6.2072356973390788E-012   0.0000000000000000     
   30.000000000000000       -3.7081130182371173E-012   0.0000000000000000     
   30.100000000000001        2.0036479404598375E-012   0.0000000000000000     
   30.200000000000003       -9.2375283198513213E-013   0.0000000000000000     
   30.300000000000001        3.0214123280461181E-013   0.0000000000000000     
   30.400000000000002        1.8050687798436969E-014   0.0000000000000000     
   30.500000000000000       -1.5601918873235867E-013   0.0000000000000000     
   30.600000000000001        1.8246048889186423E-013   0.0000000000000000     
   30.700000000000003       -1.6467690237044257E-013   0.0000000000000000     
   30.800000000000001        1.2552968345334641E-013   0.0000000000000000     
   30.900000000000002       -8.2722567146700548E-014   0.0000000000000000     
   31.000000000000000        5.4178156886363564E-014   0.0000000000000000     
   31.100000000000001       -2.5483739655481516E-014   0.0000000000000000     
   31.200000000000003        7.9150413399855109E-015   0.0000000000000000     
   31.300000000000001       -3.7500868586756839E-015   0.0000000000000000     
   31.400000000000002       -1.3158043783846953E-015   0.0000000000000000     
   31.500000000000000        3.8145540715629698E-015   0.0000000000000000     
   31.600000000000001       -3.4779009310868853E-015   0.0000000000000000     
   31.700000000000003        1.6378018284570738E-015   0.0000000000000000     
   31.800000000000001       -3.6068924919923852E-016   0.0000000000000000     
   31.900000000000002       -1.4901470413852367E-015   0.0000000000000000     
   32.000000000000000        1.1837456410912559E-015   0.0000000000000000     
   32.100000000000001        9.5585987422945165E-016   0.0000000000000000     
   32.200000000000003        4.1150058552214923E-016   0.0000000000000000     
   32.300000000000004       -4.2796597914681490E-016   0.0000000000000000     
   32.399999999999999        1.3809693645476898E-015   0.0000000000000000     
   32.500000000000000       -8.4234302477408054E-016   0.0000000000000000     
   32.600000000000001       -1.4422064880977286E-015   0.0000000000000000     
   32.700000000000003       -1.6772727689123222E-015   0.0000000000000000     
   32.800000000000004        5.9554332308539800E-016   0.0000000000000000     
   32.899999999999999        2.1077320678968137E-015   0.0000000000000000     
   33.000000000000000        1.1975363007915525E-015   0.0000000000000000     
   33.100000000000001       -1.0417772464688433E-015   0.0000000000000000     
   33.200000000000003       -9.8261356326372795E-016   0.0000000000000000     
   33.300000000000004        1.9749183257475889E-015   0.0000000000000000     
   33.399999999999999       -3.0127206301467964E-015   0.0000000000000000     
   33.500000000000000       -5.3483712252525514E-016   0.0000000000000000     
   33.600000000000001       -6.6718589655409691E-017   0.0000000000000000     
   33.700000000000003        3.7008158926683441E-015   0.0000000000000000     
   33.800000000000004       -1.7624446298898638E-015   0.0000000000000000     
   33.899999999999999        1.8318559518580050E-015   0.0000000000000000     
   34.000000000000000       -3.1967783144414590E-015   0.0000000000000000     
   34.100000000000001        5.1319525250039250E-015   0.0000000000000000     
   34.200000000000003       -5.2071569137973711E-015   0.0000000000000000     
   34.300000000000004        2.0915645978725518E-015   0.0000000000000000     
   34.399999999999999       -4.7123268921212063E-015   0.0000000000000000     
   34.500000000000000        7.1866240933738674E-015   0.0000000000000000     
   34.600000000000001       -4.3858945595976462E-015   0.0000000000000000     
   34.700000000000003        2.1809629766977140E-015   0.0000000000000000     
   34.800000000000004       -3.4239710284447999E-015   0.0000000000000000     
   34.899999999999999        3.6487799308128755E-015   0.0000000000000000     
   35.000000000000000       -2.5361535445197361E-015   0.0000000000000000     
   35.100000000000001        2.1091082877392737E-015   0.0000000000000000     
   35.200000000000003       -8.2626100230190722E-016   0.0000000000000000     
   35.300000000000004        3.3584708360241167E-015   0.0000000000000000     
   35.399999999999999       -3.4349905247893005E-015   0.0000000000000000     
   35.500000000000000        1.5347192346171056E-015   0.0000000000000000     
   35.600000000000001       -3.7420017403634512E-015   0.0000000000000000     
   35.700000000000003        2.4113241585968590E-015   0.0000000000000000     
   35.800000000000004       -1.8699112455402137E-015   0.0000000000000000     
   35.899999999999999        3.4525953321314207E-015   0.0000000000000000     
   36.000000000000000       -1.8331977025552785E-015   0.0000000000000000     
   36.100000000000001        7.9711501913837923E-016   0.0000000000000000     
   36.200000000000003       -1.5881056777966982E-015   0.0000000000000000     
   36.300000000000004        8.6195301707040724E-017   0.0000000000000000     
   36.399999999999999        1.9949952614522187E-015   0.0000000000000000     
   36.500000000000000       -7.8957625640251786E-016   0.0000000000000000     
   36.600000000000001        1.3996918826447375E-016   0.0000000000000000     
   36.700000000000003       -1.6959985463130000E-015   0.0000000000000000     
   36.800000000000004        3.7771935406791512E-015   0.0000000000000000     
   36.899999999999999       -3.7913359665514493E-015   0.0000000000000000     
   37.000000000000000        1.6228039382285905E-015   0.0000000000000000     
   37.100000000000001       -1.0232952875256724E-015   0.0000000000000000     
   37.200000000000003        2.2825500386918453E-015   0.0000000000000000     
   37.300000000000004       -2.4745478748553284E-015   0.0000000000000000     
   37.399999999999999        1.5642967726680189E-015   0.0000000000000000     
   37.500000000000000       -7.5861560793124796E-016   0.0000000000000000     
   37.600000000000001        1.3526492275979309E-015   0.0000000000000000     
   37.700000000000003       -2.7695541086389422E-015   0.0000000000000000     
   37.800000000000004       -1.7442886665747628E-015   0.0000000000000000     
   37.899999999999999        2.8972185549935188E-015   0.0000000000000000     
   38.000000000000000        7.3322836140983967E-016   0.0000000000000000     
   38.100000000000001        8.6065071841705096E-016   0.0000000000000000     
   38.200000000000003       -3.4618587874620347E-016   0.0000000000000000     
   38.300000000000004        2.9976667706862994E-015   0.0000000000000000     
   38.400000000000006       -2.5888997823252550E-015   0.0000000000000000     
   38.500000000000000       -1.6659613698560324E-015   0.0000000000000000     
   38.600000000000001       -3.6900519928921302E-015   0.0000000000000000     
   38.700000000000003        2.2395906787288075E-015   0.0000000000000000     
   38.800000000000004       -1.7158944657673961E-017   0.0000000000000000     
   38.900000000000006        2.4035555696712804E-015   0.0000000000000000     
   39.000000000000000       -1.6203054137869599E-016   0.0000000000000000     
   39.100000000000001        2.4332066404160119E-015   0.0000000000000000     
   39.200000000000003        1.1064151867717867E-015   0.0000000000000000     
   39.300000000000004       -5.1274662432006899E-015   0.0000000000000000     
   39.400000000000006        1.1406008912635407E-015   0.0000000000000000     
   39.500000000000000       -1.7855991378385347E-015   0.0000000000000000     
   39.600000000000001        1.4610579912031741E-015   0.0000000000000000     
   39.700000000000003       -3.0990501802601605E-015   0.0000000000000000     
   39.800000000000004        3.7698030532621608E-015   0.0000000000000000     
   39.900000000000006       -3.6092218939339535E-016   0.0000000000000000     
   40.000000000000000        1.2234228941141608E-015   0.0000000000000000     
   40.100000000000001       -1.9333664562682003E-015   0.0000000000000000     
   40.200000000000003        1.2596691041563734E-015   0.0000000000000000     
   40.300000000000004        1.6445162829881834E-015   0.0000000000000000     
   40.400000000000006       -8.4443442238918515E-016   0.0000000000000000     
   40.500000000000000        6.4105521614584677E-016   0.0000000000000000     
   40.600000000000001       -6.0787274840341490E-016   0.0000000000000000     
   40.700000000000003       -4.7757814185572596E-016   0.0000000000000000     
   40.800000000000004       -4.5111590536614828E-015   0.0000000000000000     
   40.900000000000006        4.1158241833989427E-016   0.0000000000000000     
   41.000000000000000        8.5089672880533492E-016   0.0000000000000000     
   41.100000000000001        1.2754623471006788E-015   0.0000000000000000     
   41.200000000000003        2.2796981630705001E-015   0.0000000000000000     
   41.300000000000004        8.1658107811662363E-016   0.0000000000000000     
   41.400000000000006        8.1259776335791063E-016   0.0000000000000000     
   41.500000000000000       -3.5650698381703912E-015   0.0000000000000000     
   41.600000000000001        2.4224738636440142E-015   0.0000000000000000     
   41.700000000000003       -4.3751877677052648E-015   0.0000000000000000     
   41.800000000000004        1.7710331071671868E-015   0.0000000000000000     
   41.900000000000006        6.3247408045457021E-016   0.0000000000000000     
   42.000000000000000        8.2631393485679857E-016   0.0000000000000000     
   42.100000000000001        2.6876135017893910E-015   0.0000000000000000     
   42.200000000000003       -6.2106035977651818E-016   0.0000000000000000     
   42.300000000000004       -8.7869026613464540E-016   0.0000000000000000     
   42.400000000000006       -5.3932376916031938E-015   0.0000000000000000     
   42.500000000000000        2.3531809211503942E-015   0.0000000000000000     
   42.600000000000001        7.1232504579178894E-016   0.0000000000000000     
   42.700000000000003       -1.6523610009644301E-015   0.0000000000000000     
   42.800000000000004        2.2069076006297968E-015   0.0000000000000000     
   42.900000000000006        1.3436040614420382E-015   0.0000000000000000     
   43.000000000000000        4.8546097640787979E-016   0.0000000000000000     
   43.100000000000001       -2.5656429985553565E-015   0.0000000000000000     
   43.200000000000003        3.2211776729134018E-016   0.0000000000000000     
   43.300000000000004       -1.0000318826014243E-015   0.0000000000000000     
   43.400000000000006        2.4160835082229975E-015   0.0000000000000000     
   43.500000000000000       -3.2717973929049157E-016   0.0000000000000000     
   43.600000000000001        6.2963073680404808E-016   0.0000000000000000     
   43.700000000000003       -1.1437076857006314E-015   0.0000000000000000     
   43.800000000000004        2.2879324498634859E-016   0.0000000000000000     
   43.900000000000006       -1.6790019127945192E-016   0.0000000000000000     
   44.000000000000000       -1.1716919983012211E-015   0.0000000000000000     
   44.100000000000001        3.9448992499621370E-015   0.0000000000000000     
   44.200000000000003       -5.8555227482564632E-015   0.0000000000000000     
   44.300000000000004        1.8479247554564793E-015   0.0000000000000000     
   44.400000000000006       -6.9673167922732117E-016   0.0000000000000000     
   44.500000000000000        3.5163937337461530E-015   0.0000000000000000     
   44.600000000000001        8.4058316896434708E-016   0.0000000000000000     
   44.700000000000003       -2.1497236723112562E-015   0.0000000000000000     
   44.800000000000004       -1.0229993734310964E-015   0.0000000000000000     
   44.900000000000006       -2.0260527209760238E-015   0.0000000000000000     
   45.000000000000000       -4.9874149494036884E-016   0.0000000000000000     
   45.100000000000001       -2.6031466780643655E-016   0.0000000000000000     
   45.200000000000003        2.1458925430662840E-015   0.0000000000000000     
   45.300000000000004        4.4332157163935092E-015   0.0000000000000000     
   45.400000000000006       -4.3034222977809856E-016   0.0000000000000000     
   45.500000000000000        2.5932664178755450E-015   0.0000000000000000     
   45.600000000000001       -8.8125601873825275E-016   0.0000000000000000     
   45.700000000000003       -1.4569465334186090E-015   0.0000000000000000     
   45.800000000000004       -5.3354714749648882E-015   0.0000000000000000     
   45.900000000000006        1.8363838511912054E-015   0.0000000000000000     
   46.000000000000000        1.1646374131919549E-016   0.0000000000000000     
   46.100000000000001        1.8132302331031526E-016   0.0000000000000000     
   46.200000000000003        2.9260376869907754E-015   0.0000000000000000     
   46.300000000000004       -1.2569007454017267E-015   0.0000000000000000     
   46.400000000000006       -2.4070970090388694E-015   0.0000000000000000     
   46.500000000000000        3.7108000950404118E-016   0.0000000000000000     
   46.600000000000001       -5.3718632304893214E-016   0.0000000000000000     
   46.700000000000003        1.0223390107181375E-015   0.0000000000000000     
   46.800000000000004       -9.6435285143445152E-016   0.0000000000000000     
   46.900000000000006        9.5244192993190572E-016   0.0000000000000000     
   47.000000000000000        7.3563199910201125E-016   0.0000000000000000     
   47.100000000000001       -5.4232251912202497E-016   0.0000000000000000     
   47.200000000000003       -2.2940138935065187E-015   0.0000000000000000     
   47.300000000000004       -1.3465304332738569E-015   0.0000000000000000     
   47.400000000000006       -3.5457019139800136E-015   0.0000000000000000     
   47.500000000000000        3.2380840832922080E-015   0.0000000000000000     
   47.600000000000001       -2.7358720635102445E-015   0.0000000000000000     
   47.700000000000003        1.2872956722500605E-015   0.0000000000000000     
   47.800000000000004        3.0173138360106529E-015   0.0000000000000000     
   47.900000000000006        2.2557766736194792E-015   0.0000000000000000     
   48.000000000000000        2.0288280699992307E-015   0.0000000000000000     
   48.100000000000001       -1.7043083009063743E-015   0.0000000000000000     
   48.200000000000003        1.2608630537196123E-015   0.0000000000000000     
   48.300000000000004       -1.9740893612031784E-015   0.0000000000000000     
   48.400000000000006       -7.9725213386219249E-016   0.0000000000000000     
   48.500000000000000       -2.8797720385903492E-015   0.0000000000000000     
   48.600000000000001        1.7842150687096611E-015   0.0000000000000000     
   48.700000000000003        1.8979591678100988E-015   0.0000000000000000     
   48.800000000000004       -1.3325531427629516E-015   0.0000000000000000     
   48.900000000000006        2.1325223107670029E-015   0.0000000000000000     
   49.000000000000000       -5.4971712216328341E-016   0.0000000000000000     
   49.100000000000001        7.8273092781401874E-016   0.0000000000000000     
   49.200000000000003        1.5283485252900082E-016   0.0000000000000000     
   49.300000000000004       -2.5839085254696677E-015   0.0000000000000000     
   49.400000000000006        3.6246471196181069E-015   0.0000000000000000     
   49.500000000000000       -1.9583196154663406E-015   0.0000000000000000     
   49.600000000000001        1.5316257255280814E-015   0.0000000000000000     
   49.700000000000003        6.9285963211733299E-016   0.0000000000000000     
   49.800000000000004       -2.7824255248317736E-015   0.0000000000000000     
   49.900000000000006        5.0654071924799070E-054   0.0000000000000000     
