   0.0000000000000000       -1.3517091901350347E-016   0.0000000000000000     
  0.10000000000000001        9.2000352910160883E-017   0.0000000000000000     
  0.20000000000000001        2.7774858035219719E-016   0.0000000000000000     
  0.30000000000000004        2.4476943142665607E-016   0.0000000000000000     
  0.40000000000000002        1.0613730985129333E-015   0.0000000000000000     
  0.50000000000000000        1.1790332621348899E-015   0.0000000000000000     
  0.60000000000000009        1.6109655749021758E-016   0.0000000000000000     
  0.70000000000000007       -5.2930942596625099E-016   0.0000000000000000     
  0.80000000000000004       -4.6995552866888002E-017   0.0000000000000000     
  0.90000000000000002       -4.9119413955851473E-016   0.0000000000000000     
   1.0000000000000000       -1.2325933254351711E-015   0.0000000000000000     
   1.1000000000000001       -7.6665165621689352E-016   0.0000000000000000     
   1.2000000000000002       -1.8198786242795138E-016   0.0000000000000000     
   1.3000000000000000        1.2994767222326132E-015   0.0000000000000000     
   1.4000000000000001        1.5378440234324784E-015   0.0000000000000000     
   1.5000000000000000       -1.1857018692399502E-015   0.0000000000000000     
   1.6000000000000001       -1.7200993245762933E-015   0.0000000000000000     
   1.7000000000000002        1.4557345961285364E-015   0.0000000000000000     
   1.8000000000000000        2.0826621112260522E-015   0.0000000000000000     
   1.9000000000000001       -4.9788090310286166E-016   0.0000000000000000     
   2.0000000000000000       -9.0725563138003768E-016   0.0000000000000000     
   2.1000000000000001       -1.5863042721551614E-017   0.0000000000000000     
   2.2000000000000002       -1.9098458718999427E-016   0.0000000000000000     
   2.3000000000000003       -7.7653666786510593E-016   0.0000000000000000     
   2.4000000000000004       -5.5946359031024762E-016   0.0000000000000000     
   2.5000000000000000        9.6349182977038061E-016   0.0000000000000000     
   2.6000000000000001        6.8218035007431731E-016   0.0000000000000000     
   2.7000000000000002       -1.4035957336852662E-015   0.0000000000000000     
   2.8000000000000003       -4.2367105434794724E-016   0.0000000000000000     
   2.9000000000000004        2.6611408029198723E-015   0.0000000000000000     
   3.0000000000000000        1.2181330818609138E-015   0.0000000000000000     
   3.1000000000000001       -2.3972919119505631E-015   0.0000000000000000     
   3.2000000000000002       -1.0576947471094704E-015   0.0000000000000000     
   3.3000000000000003        8.4124381764859925E-016   0.0000000000000000     
   3.4000000000000004        3.9747322482330557E-018   0.0000000000000000     
   3.5000000000000000       -6.2101744487803929E-016   0.0000000000000000     
   3.6000000000000001       -6.5920007664489127E-016   0.0000000000000000     
   3.7000000000000002        1.2739232393863368E-015   0.0000000000000000     
   3.8000000000000003        1.8271221069372720E-015   0.0000000000000000     
   3.9000000000000004       -2.5422064813535607E-016   0.0000000000000000     
   4.0000000000000000       -1.2913346864631615E-016   0.0000000000000000     
   4.1000000000000005       -9.5725130970168208E-016   0.0000000000000000     
   4.2000000000000002       -2.6434156092658934E-015   0.0000000000000000     
   4.2999999999999998       -8.8640777322238276E-016   0.0000000000000000     
   4.4000000000000004        1.4173377031443403E-015   0.0000000000000000     
   4.5000000000000000        1.6509471485728680E-015   0.0000000000000000     
   4.6000000000000005        8.4154606538786482E-016   0.0000000000000000     
   4.7000000000000002        1.4741452830294055E-015   0.0000000000000000     
   4.8000000000000007        5.9377968455306771E-017   0.0000000000000000     
   4.9000000000000004       -2.8194871748046584E-015   0.0000000000000000     
   5.0000000000000000       -4.5401313554130746E-016   0.0000000000000000     
   5.1000000000000005        2.7257156659739267E-016   0.0000000000000000     
   5.2000000000000002       -1.7062556887154534E-015   0.0000000000000000     
   5.3000000000000007       -1.2553907405351730E-016   0.0000000000000000     
   5.4000000000000004        1.3343395696082826E-015   0.0000000000000000     
   5.5000000000000000        2.4890903204884523E-015   0.0000000000000000     
   5.6000000000000005        8.6668454999761881E-016   0.0000000000000000     
   5.7000000000000002       -2.3582035452590044E-015   0.0000000000000000     
   5.8000000000000007        8.6087253419555471E-017   0.0000000000000000     
   5.9000000000000004        1.3980286173396899E-015   0.0000000000000000     
   6.0000000000000000       -9.6054466804528075E-016   0.0000000000000000     
   6.1000000000000005       -1.4146679847013492E-015   0.0000000000000000     
   6.2000000000000002       -1.0145298141333243E-015   0.0000000000000000     
   6.3000000000000007        2.4450715897410766E-016   0.0000000000000000     
   6.4000000000000004        1.1558192505364785E-015   0.0000000000000000     
   6.5000000000000000        6.2747543721992344E-016   0.0000000000000000     
   6.6000000000000005        5.5442116048103183E-016   0.0000000000000000     
   6.7000000000000002        1.4014605535906389E-016   0.0000000000000000     
   6.8000000000000007        2.1166400548830092E-016   0.0000000000000000     
   6.9000000000000004       -3.6619695504608656E-016   0.0000000000000000     
   7.0000000000000000       -2.1435219881467320E-015   0.0000000000000000     
   7.1000000000000005        3.5688108642347031E-016   0.0000000000000000     
   7.2000000000000002        2.6993661163130008E-015   0.0000000000000000     
   7.3000000000000007        2.0781263632626950E-016   0.0000000000000000     
   7.4000000000000004       -4.4567057041039354E-016   0.0000000000000000     
   7.5000000000000000        1.5354588933195595E-016   0.0000000000000000     
   7.6000000000000005       -9.2261364098093883E-016   0.0000000000000000     
   7.7000000000000002       -2.3269500220125219E-015   0.0000000000000000     
   7.8000000000000007       -1.9019770234659116E-015   0.0000000000000000     
   7.9000000000000004        2.0733902691550009E-015   0.0000000000000000     
   8.0000000000000000        2.5125846549258035E-015   0.0000000000000000     
   8.0999999999999996       -1.9641148107350512E-016   0.0000000000000000     
   8.2000000000000011        3.3758208834572330E-016   0.0000000000000000     
   8.3000000000000007       -2.2028203653674259E-016   0.0000000000000000     
   8.4000000000000004       -8.0902314621670465E-017   0.0000000000000000     
   8.5000000000000000        1.3367168199271916E-015   0.0000000000000000     
   8.5999999999999996       -3.8799278737085081E-016   0.0000000000000000     
   8.7000000000000011       -8.8369572309709762E-016   0.0000000000000000     
   8.8000000000000007       -8.7420473747484443E-016   0.0000000000000000     
   8.9000000000000004       -9.4232664108227386E-016   0.0000000000000000     
   9.0000000000000000        3.0480172890928278E-016   0.0000000000000000     
   9.0999999999999996       -6.4735783168549463E-016   0.0000000000000000     
   9.2000000000000011       -3.1045495051519504E-016   0.0000000000000000     
   9.3000000000000007        1.0128392550736142E-015   0.0000000000000000     
   9.4000000000000004        7.7542454626359045E-016   0.0000000000000000     
   9.5000000000000000        1.3237879745256955E-015   0.0000000000000000     
   9.6000000000000014       -2.7315509068274283E-016   0.0000000000000000     
   9.7000000000000011       -7.6912596441256208E-016   0.0000000000000000     
   9.8000000000000007        5.8539665222349254E-016   0.0000000000000000     
   9.9000000000000004       -9.5330970322002920E-016   0.0000000000000000     
   10.000000000000000        4.7487287570772177E-016   0.0000000000000000     
   10.100000000000001        1.6328616315791599E-015   0.0000000000000000     
   10.200000000000001       -2.1668242398860128E-015   0.0000000000000000     
   10.300000000000001       -2.3438255473185151E-015   0.0000000000000000     
   10.400000000000000        4.0552491129709306E-016   0.0000000000000000     
   10.500000000000000        8.4293719528620520E-016   0.0000000000000000     
   10.600000000000001        7.0572082041081283E-016   0.0000000000000000     
   10.700000000000001        1.3186616480488235E-015   0.0000000000000000     
   10.800000000000001        1.0530674858823747E-015   0.0000000000000000     
   10.900000000000000        1.4425446369414703E-016   0.0000000000000000     
   11.000000000000000        4.4521534466457172E-016   0.0000000000000000     
   11.100000000000001       -1.1392631305833996E-015   0.0000000000000000     
   11.200000000000001       -2.2641018151112017E-015   0.0000000000000000     
   11.300000000000001        3.2225095719336492E-016   0.0000000000000000     
   11.400000000000000       -5.2498635480982126E-016   0.0000000000000000     
   11.500000000000000       -2.2936704634312349E-015   0.0000000000000000     
   11.600000000000001        5.8325235963240732E-016   0.0000000000000000     
   11.700000000000001        1.8682541531948164E-015   0.0000000000000000     
   11.800000000000001        1.3161532057190476E-015   0.0000000000000000     
   11.900000000000000        1.9802054495814165E-015   0.0000000000000000     
   12.000000000000000        7.4106135157138411E-016   0.0000000000000000     
   12.100000000000001       -1.3447837377026213E-016   0.0000000000000000     
   12.200000000000001        1.4650269352117084E-015   0.0000000000000000     
   12.300000000000001       -8.1839519958764172E-016   0.0000000000000000     
   12.400000000000000       -3.9379934618116665E-015   0.0000000000000000     
   12.500000000000000       -1.1169317640087646E-015   0.0000000000000000     
   12.600000000000001       -6.5452771668112922E-017   0.0000000000000000     
   12.700000000000001       -2.0246236941545350E-015   0.0000000000000000     
   12.800000000000001       -4.2522969289182082E-016   0.0000000000000000     
   12.900000000000000        8.6097328665863366E-016   0.0000000000000000     
   13.000000000000000        1.5613783303354456E-015   0.0000000000000000     
   13.100000000000001        3.6192670637710563E-015   0.0000000000000000     
   13.200000000000001        1.8463988373812350E-015   0.0000000000000000     
   13.300000000000001       -8.8763395242370726E-016   0.0000000000000000     
   13.400000000000000        1.6631641033030448E-016   0.0000000000000000     
   13.500000000000000       -8.2612209428907744E-017   0.0000000000000000     
   13.600000000000001       -2.4345866089875958E-015   0.0000000000000000     
   13.700000000000001       -2.2202104181809891E-015   0.0000000000000000     
   13.800000000000001       -7.5261148199007853E-017   0.0000000000000000     
   13.900000000000000        7.7887615267972238E-016   0.0000000000000000     
   14.000000000000000       -3.5618878374265245E-016   0.0000000000000000     
   14.100000000000001       -5.6326110791666746E-016   0.0000000000000000     
   14.200000000000001        8.1203156606128240E-016   0.0000000000000000     
   14.300000000000001        1.3599371219617857E-015   0.0000000000000000     
   14.400000000000000        2.2482062095350231E-015   0.0000000000000000     
   14.500000000000000        1.3620041458468549E-015   0.0000000000000000     
   14.600000000000001       -2.2762309008321009E-015   0.0000000000000000     
   14.700000000000001       -2.2342692118907857E-015   0.0000000000000000     
   14.800000000000001       -3.8435066279179556E-016   0.0000000000000000     
   14.900000000000000       -1.2092595860049935E-015   0.0000000000000000     
   15.000000000000000       -8.2273442969165582E-016   0.0000000000000000     
   15.100000000000001        1.7908922606365005E-015   0.0000000000000000     
   15.200000000000001        2.1836751104859408E-015   0.0000000000000000     
   15.300000000000001       -2.4600008057403888E-016   0.0000000000000000     
   15.400000000000000       -4.5125366782006416E-017   0.0000000000000000     
   15.500000000000000        8.1046925843950313E-016   0.0000000000000000     
   15.600000000000001       -1.1502000054758238E-015   0.0000000000000000     
   15.700000000000001        2.9918677695958302E-016   0.0000000000000000     
   15.800000000000001        9.0560118781337691E-016   0.0000000000000000     
   15.900000000000000       -2.1148404397564165E-015   0.0000000000000000     
   16.000000000000000        8.5535755197423430E-017   0.0000000000000000     
   16.100000000000001        1.0153881065864556E-015   0.0000000000000000     
   16.199999999999999       -1.7605779747725721E-015   0.0000000000000000     
   16.300000000000001        4.2434609627115937E-016   0.0000000000000000     
   16.400000000000002        1.9344158751068377E-015   0.0000000000000000     
   16.500000000000000        3.6738207360294192E-016   0.0000000000000000     
   16.600000000000001       -2.9205823702342564E-016   0.0000000000000000     
   16.699999999999999       -1.3939642171559664E-015   0.0000000000000000     
   16.800000000000001       -8.3192338396391995E-016   0.0000000000000000     
   16.900000000000002        2.5446360340532950E-016   0.0000000000000000     
   17.000000000000000       -4.6454969423380808E-016   0.0000000000000000     
   17.100000000000001        5.7071185595942951E-016   0.0000000000000000     
   17.199999999999999        1.0999985916036767E-015   0.0000000000000000     
   17.300000000000001       -6.0805119942667677E-016   0.0000000000000000     
   17.400000000000002        2.4957035498358377E-016   0.0000000000000000     
   17.500000000000000        2.0136653745311211E-015   0.0000000000000000     
   17.600000000000001        7.5214324816087201E-016   0.0000000000000000     
   17.699999999999999       -1.0200699059789883E-015   0.0000000000000000     
   17.800000000000001       -1.0741713186725193E-015   0.0000000000000000     
   17.900000000000002       -3.8631444448667499E-016   0.0000000000000000     
   18.000000000000000       -4.2119691892671035E-016   0.0000000000000000     
   18.100000000000001       -1.6460530356093643E-016   0.0000000000000000     
   18.199999999999999        7.8006711995154313E-016   0.0000000000000000     
   18.300000000000001       -2.3024469519045584E-016   0.0000000000000000     
   18.400000000000002       -5.0393739509188823E-016   0.0000000000000000     
   18.500000000000000        6.9829389571667061E-016   0.0000000000000000     
   18.600000000000001       -1.3318559912515129E-016   0.0000000000000000     
   18.699999999999999        2.6619639184750807E-016   0.0000000000000000     
   18.800000000000001        8.7435820400722851E-016   0.0000000000000000     
   18.900000000000002       -4.3253305498573556E-016   0.0000000000000000     
   19.000000000000000       -6.5973050375244377E-016   0.0000000000000000     
   19.100000000000001       -1.2606340556153746E-015   0.0000000000000000     
   19.200000000000003       -7.6006911539932820E-016   0.0000000000000000     
   19.300000000000001        4.0211804987036919E-017   0.0000000000000000     
   19.400000000000002       -1.0268994305017919E-015   0.0000000000000000     
   19.500000000000000        6.5476251185518485E-016   0.0000000000000000     
   19.600000000000001        1.1194551646473521E-015   0.0000000000000000     
   19.700000000000003        2.0611385001686667E-016   0.0000000000000000     
   19.800000000000001        1.2874859493144811E-015   0.0000000000000000     
   19.900000000000002       -4.7864937785746789E-016   0.0000000000000000     
   20.000000000000000       -5.7627538825219653E-016   0.0000000000000000     
   20.100000000000001        2.7645040857422667E-015   0.0000000000000000     
   20.200000000000003        1.8732245263929363E-015   0.0000000000000000     
   20.300000000000001       -2.3556231437537668E-016   0.0000000000000000     
   20.400000000000002       -1.5492233725005437E-015   0.0000000000000000     
   20.500000000000000       -9.6591924561605497E-017   0.0000000000000000     
   20.600000000000001        1.2339752029863251E-015   0.0000000000000000     
   20.700000000000003       -7.9126527135178692E-016   0.0000000000000000     
   20.800000000000001       -2.6406354837377786E-015   0.0000000000000000     
   20.900000000000002        9.2482227501782125E-016   0.0000000000000000     
   21.000000000000000        1.0181273244048085E-015   0.0000000000000000     
   21.100000000000001       -8.1036065911068604E-016   0.0000000000000000     
   21.200000000000003       -3.2487453619391182E-015   0.0000000000000000     
   21.300000000000001        1.6414772958427684E-015   0.0000000000000000     
   21.400000000000002       -6.7624172224750259E-016   0.0000000000000000     
   21.500000000000000        1.5124212999411172E-015   0.0000000000000000     
   21.600000000000001       -8.0235824368414738E-016   0.0000000000000000     
   21.700000000000003        2.8855727523918010E-015   0.0000000000000000     
   21.800000000000001       -5.0624894670901714E-015   0.0000000000000000     
   21.900000000000002        5.5514293587903588E-015   0.0000000000000000     
   22.000000000000000       -5.4317791202420851E-015   0.0000000000000000     
   22.100000000000001        6.9069361950235160E-015   0.0000000000000000     
   22.200000000000003       -9.1118305057662154E-015   0.0000000000000000     
   22.300000000000001        1.1928733459954751E-014   0.0000000000000000     
   22.400000000000002       -1.9623014460319292E-014   0.0000000000000000     
   22.500000000000000        1.8911831767480588E-014   0.0000000000000000     
   22.600000000000001       -2.3974748679618549E-014   0.0000000000000000     
   22.700000000000003        3.2850893224049741E-014   0.0000000000000000     
   22.800000000000001       -4.3328603353670971E-014   0.0000000000000000     
   22.900000000000002        5.3780920745686564E-014   0.0000000000000000     
   23.000000000000000       -6.7296817564665273E-014   0.0000000000000000     
   23.100000000000001        8.8098944695494849E-014   0.0000000000000000     
   23.200000000000003       -1.0704415578690536E-013   0.0000000000000000     
   23.300000000000001        1.3885362994600874E-013   0.0000000000000000     
   23.400000000000002       -1.7727244383360286E-013   0.0000000000000000     
   23.500000000000000        2.2626197975892593E-013   0.0000000000000000     
   23.600000000000001       -2.8311267670899142E-013   0.0000000000000000     
   23.700000000000003        3.5710133856118597E-013   0.0000000000000000     
   23.800000000000001       -4.5525041795922255E-013   0.0000000000000000     
   23.900000000000002        5.7455283626293477E-013   0.0000000000000000     
   24.000000000000000       -7.2693460668822705E-013   0.0000000000000000     
   24.100000000000001        9.1738655705908283E-013   0.0000000000000000     
   24.200000000000003       -1.1596136981108005E-012   0.0000000000000000     
   24.300000000000001        1.4592353734323947E-012   0.0000000000000000     
   24.400000000000002       -1.8375037631784601E-012   0.0000000000000000     
   24.500000000000000        2.3171179839867391E-012   0.0000000000000000     
   24.600000000000001       -2.9178857809655375E-012   0.0000000000000000     
   24.700000000000003        3.6672375165616432E-012   0.0000000000000000     
   24.800000000000001       -4.6062429998127293E-012   0.0000000000000000     
   24.900000000000002        5.7848592930040606E-012   0.0000000000000000     
   25.000000000000000       -7.2563650111329314E-012   0.0000000000000000     
   25.100000000000001        9.1014396917582828E-012   0.0000000000000000     
   25.200000000000003       -1.1396925678845793E-011   0.0000000000000000     
   25.300000000000001        1.4265460376430230E-011   0.0000000000000000     
   25.400000000000002       -1.7844676137009106E-011   0.0000000000000000     
   25.500000000000000        2.2298087171770543E-011   0.0000000000000000     
   25.600000000000001       -2.7844514320664848E-011   0.0000000000000000     
   25.700000000000003        3.4740739696006409E-011   0.0000000000000000     
   25.800000000000001       -4.3307899179474346E-011   0.0000000000000000     
   25.900000000000002        5.3940772630176418E-011   0.0000000000000000     
   26.000000000000000       -6.7133707588783288E-011   0.0000000000000000     
   26.100000000000001        8.3476217975516068E-011   0.0000000000000000     
   26.200000000000003       -1.0370768735040796E-010   0.0000000000000000     
   26.300000000000001        1.2873896430654216E-010   0.0000000000000000     
   26.400000000000002       -1.5965938002245813E-010   0.0000000000000000     
   26.500000000000000        1.9784217573803777E-010   0.0000000000000000     
   26.600000000000001       -2.4493212438002555E-010   0.0000000000000000     
   26.700000000000003        3.0295648216333646E-010   0.0000000000000000     
   26.800000000000001       -3.7439018824674107E-010   0.0000000000000000     
   26.900000000000002        4.6224494828059537E-010   0.0000000000000000     
   27.000000000000000       -5.7019042764910847E-010   0.0000000000000000     
   27.100000000000001        7.0269199592086531E-010   0.0000000000000000     
   27.200000000000003       -8.6517557767374763E-010   0.0000000000000000     
   27.300000000000001        1.0642237066006149E-009   0.0000000000000000     
   27.400000000000002       -1.3078300431552937E-009   0.0000000000000000     
   27.500000000000000        1.6056597109598595E-009   0.0000000000000000     
   27.600000000000001       -1.9694205792924000E-009   0.0000000000000000     
   27.700000000000003        2.4132485051537112E-009   0.0000000000000000     
   27.800000000000001       -2.9542159033014827E-009   0.0000000000000000     
   27.900000000000002        3.6128933586518069E-009   0.0000000000000000     
   28.000000000000000       -4.4140670621446597E-009   0.0000000000000000     
   28.100000000000001        5.3875351079266235E-009   0.0000000000000000     
   28.200000000000003       -6.5690984858253544E-009   0.0000000000000000     
   28.300000000000001        8.0017222138770088E-009   0.0000000000000000     
   28.400000000000002       -9.7368831565444824E-009   0.0000000000000000     
   28.500000000000000        1.1836219109421931E-008   0.0000000000000000     
   28.600000000000001       -1.4373391253015256E-008   0.0000000000000000     
   28.700000000000003        1.7436374526858293E-008   0.0000000000000000     
   28.800000000000001       -2.1130075959540203E-008   0.0000000000000000     
   28.900000000000002        2.5579445816097368E-008   0.0000000000000000     
   29.000000000000000       -3.0933112833185579E-008   0.0000000000000000     
   29.100000000000001        3.7367639418069967E-008   0.0000000000000000     
   29.200000000000003       -4.5092551976238855E-008   0.0000000000000000     
   29.300000000000001        5.4356083645306529E-008   0.0000000000000000     
   29.400000000000002       -6.5452018602805868E-008   0.0000000000000000     
   29.500000000000000        7.8727552224791101E-008   0.0000000000000000     
   29.600000000000001       -9.4592478162198966E-008   0.0000000000000000     
   29.700000000000003        1.1352980763026868E-007   0.0000000000000000     
   29.800000000000001       -1.3610808891786562E-007   0.0000000000000000     
   29.900000000000002        1.6299565444859318E-007   0.0000000000000000     
   30.000000000000000       -1.9497704543102991E-007   0.0000000000000000     
   30.100000000000001        2.3297193848129462E-007   0.0000000000000000     
   30.200000000000003       -2.7805692766866296E-007   0.0000000000000000     
   30.300000000000001        3.3149052019156189E-007   0.0000000000000000     
   30.400000000000002       -3.9474177877559693E-007   0.0000000000000000     
   30.500000000000000        4.6952309161633683E-007   0.0000000000000000     
   30.600000000000001       -5.5782759602102466E-007   0.0000000000000000     
   30.700000000000003        6.6197181396548564E-007   0.0000000000000000     
   30.800000000000001       -7.8464415392538068E-007   0.0000000000000000     
   30.900000000000002        9.2895996618132504E-007   0.0000000000000000     
   31.000000000000000       -1.0985239417978738E-006   0.0000000000000000     
   31.100000000000001        1.2975006309730552E-006   0.0000000000000000     
   31.200000000000003       -1.5306940434401885E-006   0.0000000000000000     
   31.300000000000001        1.8036372410073051E-006   0.0000000000000000     
   31.400000000000002       -2.1226930505058028E-006   0.0000000000000000     
   31.500000000000000        2.4951669018952481E-006   0.0000000000000000     
   31.600000000000001       -2.9294331070520796E-006   0.0000000000000000     
   31.700000000000003        3.4350757242411846E-006   0.0000000000000000     
   31.800000000000001       -4.0230454220166104E-006   0.0000000000000000     
   31.900000000000002        4.7058337022025344E-006   0.0000000000000000     
   32.000000000000000       -5.4976658434051272E-006   0.0000000000000000     
   32.100000000000001        6.4147141748012226E-006   0.0000000000000000     
   32.200000000000003       -7.4753330765546401E-006   0.0000000000000000     
   32.300000000000004        8.7003172450632947E-006   0.0000000000000000     
   32.399999999999999       -1.0113184733129867E-005   0.0000000000000000     
   32.500000000000000        1.1740486254061360E-005   0.0000000000000000     
   32.600000000000001       -1.3612142057604638E-005   0.0000000000000000     
   32.700000000000003        1.5761807772716026E-005   0.0000000000000000     
   32.800000000000004       -1.8227270343836452E-005   0.0000000000000000     
   32.899999999999999        2.1050875030664053E-005   0.0000000000000000     
   33.000000000000000       -2.4279984220747300E-005   0.0000000000000000     
   33.100000000000001        2.7967468562586672E-005   0.0000000000000000     
   33.200000000000003       -3.2172230480798126E-005   0.0000000000000000     
   33.300000000000004        3.6959759827437300E-005   0.0000000000000000     
   33.399999999999999       -4.2402720860148752E-005   0.0000000000000000     
   33.500000000000000        4.8581569233808352E-005   0.0000000000000000     
   33.600000000000001       -5.5585197013842751E-005   0.0000000000000000     
   33.700000000000003        6.3511602929759649E-005   0.0000000000000000     
   33.800000000000004       -7.2468584477811417E-005   0.0000000000000000     
   33.899999999999999        8.2574447223552800E-005   0.0000000000000000     
   34.000000000000000       -9.3958725981586598E-005   0.0000000000000000     
   34.100000000000001        1.0676291120585081E-004   0.0000000000000000     
   34.200000000000003       -1.2114117285824823E-004   0.0000000000000000     
   34.300000000000004        1.3726107263724598E-004   0.0000000000000000     
   34.399999999999999       -1.5530425413365500E-004   0.0000000000000000     
   34.500000000000000        1.7546709906216887E-004   0.0000000000000000     
   34.600000000000001       -1.9796133604936832E-004   0.0000000000000000     
   34.700000000000003        2.2301458716385991E-004   0.0000000000000000     
   34.800000000000004       -2.5087083541335193E-004   0.0000000000000000     
   34.899999999999999        2.8179079530925955E-004   0.0000000000000000     
   35.000000000000000       -3.1605216652445773E-004   0.0000000000000000     
   35.100000000000001        3.5394974953940520E-004   0.0000000000000000     
   35.200000000000003       -3.9579540047314439E-004   0.0000000000000000     
   35.300000000000004        4.4191780113959927E-004   0.0000000000000000     
   35.399999999999999       -4.9266201904683870E-004   0.0000000000000000     
   35.500000000000000        5.4838883125110367E-004   0.0000000000000000     
   35.600000000000001       -6.0947378525272138E-004   0.0000000000000000     
   35.700000000000003        6.7630596962241587E-004   0.0000000000000000     
   35.800000000000004       -7.4928646725558334E-004   0.0000000000000000     
   35.899999999999999        8.2882646433795086E-004   0.0000000000000000     
   36.000000000000000       -9.1534498919785808E-004   0.0000000000000000     
   36.100000000000001        1.0092662565437036E-003   0.0000000000000000     
   36.200000000000003       -1.1110165946400170E-003   0.0000000000000000     
   36.300000000000004        1.2210209356577685E-003   0.0000000000000000     
   36.399999999999999       -1.3396988528875467E-003   0.0000000000000000     
   36.500000000000000        1.4674601325097303E-003   0.0000000000000000     
   36.600000000000001       -1.6046998725774545E-003   0.0000000000000000     
   36.700000000000003        1.7517931075471814E-003   0.0000000000000000     
   36.800000000000004       -1.9090889632363273E-003   0.0000000000000000     
   36.899999999999999        2.0769043543034920E-003   0.0000000000000000     
   37.000000000000000       -2.2555172445699180E-003   0.0000000000000000     
   37.100000000000001        2.4451594992634784E-003   0.0000000000000000     
   37.200000000000003       -2.6460093679636747E-003   0.0000000000000000     
   37.300000000000004        2.8581836470621944E-003   0.0000000000000000     
   37.399999999999999       -3.0817295813814760E-003   0.0000000000000000     
   37.500000000000000        3.3166165758006607E-003   0.0000000000000000     
   37.600000000000001       -3.5627277989049343E-003   0.0000000000000000     
   37.700000000000003        3.8198517724583546E-003   0.0000000000000000     
   37.800000000000004       -4.0876740515985339E-003   0.0000000000000000     
   37.899999999999999        4.3657691120093474E-003   0.0000000000000000     
   38.000000000000000       -4.6535925705666554E-003   0.0000000000000000     
   38.100000000000001        4.9504738758786504E-003   0.0000000000000000     
   38.200000000000003       -5.2556096135959853E-003   0.0000000000000000     
   38.300000000000004        5.5680575787123232E-003   0.0000000000000000     
   38.400000000000006       -5.8867317725886008E-003   0.0000000000000000     
   38.500000000000000        6.2103984860697303E-003   0.0000000000000000     
   38.600000000000001       -6.5376736314679751E-003   0.0000000000000000     
   38.700000000000003        6.8670214849462985E-003   0.0000000000000000     
   38.800000000000004       -7.1967549969731617E-003   0.0000000000000000     
   38.900000000000006        7.5250378215431816E-003   0.0000000000000000     
   39.000000000000000       -7.8498882045300138E-003   0.0000000000000000     
   39.100000000000001        8.1691848582696458E-003   0.0000000000000000     
   39.200000000000003       -8.4806749319826912E-003   0.0000000000000000     
   39.300000000000004        8.7819841675306799E-003   0.0000000000000000     
   39.400000000000006       -9.0706293054543911E-003   0.0000000000000000     
   39.500000000000000        9.3440327790813328E-003   0.0000000000000000     
   39.600000000000001       -9.5995397033867384E-003   0.0000000000000000     
   39.700000000000003        9.8344371317448543E-003   0.0000000000000000     
   39.800000000000004       -1.0045975517241745E-002   0.0000000000000000     
   39.900000000000006        1.0231392276142169E-002   0.0000000000000000     
   40.000000000000000       -1.0387937311712172E-002   0.0000000000000000     
   40.100000000000001        1.0512900313425376E-002   0.0000000000000000     
   40.200000000000003       -1.0603639606908421E-002   0.0000000000000000     
   40.300000000000004        1.0657612285556929E-002   0.0000000000000000     
   40.400000000000006       -1.0672405317337375E-002   0.0000000000000000     
   40.500000000000000        1.0645767278664640E-002   0.0000000000000000     
   40.600000000000001       -1.0575640334118336E-002   0.0000000000000000     
   40.700000000000003        1.0460192047557496E-002   0.0000000000000000     
   40.800000000000004       -1.0297846582312177E-002   0.0000000000000000     
   40.900000000000006        1.0087314830050060E-002   0.0000000000000000     
   41.000000000000000       -9.8276229856609654E-003   0.0000000000000000     
   41.100000000000001        9.5181390883825271E-003   0.0000000000000000     
   41.200000000000003       -9.1585970348746285E-003   0.0000000000000000     
   41.300000000000004        8.7491175951108970E-003   0.0000000000000000     
   41.400000000000006       -8.2902259617976919E-003   0.0000000000000000     
   41.500000000000000        7.7828654052057213E-003   0.0000000000000000     
   41.600000000000001       -7.2284066327715875E-003   0.0000000000000000     
   41.700000000000003        6.6286524941022639E-003   0.0000000000000000     
   41.800000000000004       -5.9858377460080764E-003   0.0000000000000000     
   41.900000000000006        5.3026236124685319E-003   0.0000000000000000     
   42.000000000000000       -4.5820870106522468E-003   0.0000000000000000     
   42.100000000000001        3.8277042991240275E-003   0.0000000000000000     
   42.200000000000003       -3.0433295991578353E-003   0.0000000000000000     
   42.300000000000004        2.2331677027229869E-003   0.0000000000000000     
   42.400000000000006       -1.4017417889595916E-003   0.0000000000000000     
   42.500000000000000        5.5385617135488409E-004   0.0000000000000000     
   42.600000000000001        3.0544558013592731E-004   0.0000000000000000     
   42.700000000000003       -1.1709266481588047E-003   0.0000000000000000     
   42.800000000000004        2.0372067220764084E-003   0.0000000000000000     
   42.900000000000006       -2.8988146793488627E-003   0.0000000000000000     
   43.000000000000000        3.7502438436171045E-003   0.0000000000000000     
   43.100000000000001       -4.5860086869614373E-003   0.0000000000000000     
   43.200000000000003        5.4007026711795185E-003   0.0000000000000000     
   43.300000000000004       -6.1890559233958153E-003   0.0000000000000000     
   43.400000000000006        6.9459923501241352E-003   0.0000000000000000     
   43.500000000000000       -7.6666850548888213E-003   0.0000000000000000     
   43.600000000000001        8.3466092393010855E-003   0.0000000000000000     
   43.700000000000003       -8.9815921705326644E-003   0.0000000000000000     
   43.800000000000004        9.5678584805751650E-003   0.0000000000000000     
   43.900000000000006       -1.0102071725611216E-002   0.0000000000000000     
   44.000000000000000        1.0581369120065834E-002   0.0000000000000000     
   44.100000000000001       -1.1003392098081401E-002   0.0000000000000000     
   44.200000000000003        1.1366308308902831E-002   0.0000000000000000     
   44.300000000000004       -1.1668829020331924E-002   0.0000000000000000     
   44.400000000000006        1.1910217342307272E-002   0.0000000000000000     
   44.500000000000000       -1.2090290760683839E-002   0.0000000000000000     
   44.600000000000001        1.2209415936407833E-002   0.0000000000000000     
   44.700000000000003       -1.2268495168289664E-002   0.0000000000000000     
   44.800000000000004        1.2268949483359413E-002   0.0000000000000000     
   44.900000000000006       -1.2212688578660008E-002   0.0000000000000000     
   45.000000000000000        1.2102084855305650E-002   0.0000000000000000     
   45.100000000000001       -1.1939927709868629E-002   0.0000000000000000     
   45.200000000000003        1.1729391123414288E-002   0.0000000000000000     
   45.300000000000004       -1.1473975471760633E-002   0.0000000000000000     
   45.400000000000006        1.1177469726595555E-002   0.0000000000000000     
   45.500000000000000       -1.0843887530509643E-002   0.0000000000000000     
   45.600000000000001        1.0477421754684938E-002   0.0000000000000000     
   45.700000000000003       -1.0082386298327473E-002   0.0000000000000000     
   45.800000000000004        9.6631561252010396E-003   0.0000000000000000     
   45.900000000000006       -9.2241310772345417E-003   0.0000000000000000     
   46.000000000000000        8.7696501901425757E-003   0.0000000000000000     
   46.100000000000001       -8.3039964205698924E-003   0.0000000000000000     
   46.200000000000003        7.8312731520543688E-003   0.0000000000000000     
   46.300000000000004       -7.3554652533451585E-003   0.0000000000000000     
   46.400000000000006        6.8802728813325675E-003   0.0000000000000000     
   46.500000000000000       -6.4092296165275172E-003   0.0000000000000000     
   46.600000000000001        5.9455094066948070E-003   0.0000000000000000     
   46.700000000000003       -5.4920715301680304E-003   0.0000000000000000     
   46.800000000000004        5.0514952879232239E-003   0.0000000000000000     
   46.900000000000006       -4.6260714587051241E-003   0.0000000000000000     
   47.000000000000000        4.2177765617045252E-003   0.0000000000000000     
   47.100000000000001       -3.8281646282454411E-003   0.0000000000000000     
   47.200000000000003        3.4586605137496697E-003   0.0000000000000000     
   47.300000000000004       -3.1100385094374240E-003   0.0000000000000000     
   47.400000000000006        2.7832706864886697E-003   0.0000000000000000     
   47.500000000000000       -2.4783404954788570E-003   0.0000000000000000     
   47.600000000000001        2.1958875097519061E-003   0.0000000000000000     
   47.700000000000003       -1.9351451208088745E-003   0.0000000000000000     
   47.800000000000004        1.6965164606795040E-003   0.0000000000000000     
   47.900000000000006       -1.4786164448994104E-003   0.0000000000000000     
   48.000000000000000        1.2816157724769410E-003   0.0000000000000000     
   48.100000000000001       -1.1037941392192795E-003   0.0000000000000000     
   48.200000000000003        9.4491273133575043E-004   0.0000000000000000     
   48.300000000000004       -8.0343133050362866E-004   0.0000000000000000     
   48.400000000000006        6.7824110926165506E-004   0.0000000000000000     
   48.500000000000000       -5.6881769723059932E-004   0.0000000000000000     
   48.600000000000001        4.7234122556649071E-004   0.0000000000000000     
   48.700000000000003       -3.9053151614483846E-004   0.0000000000000000     
   48.800000000000004        3.1757698640590121E-004   0.0000000000000000     
   48.900000000000006       -2.5907782065443658E-004   0.0000000000000000     
   49.000000000000000        2.0453922836932565E-004   0.0000000000000000     
   49.100000000000001       -1.6538495925214346E-004   0.0000000000000000     
   49.200000000000003        1.2451996138495254E-004   0.0000000000000000     
   49.300000000000004       -1.0114608854904006E-004   0.0000000000000000     
   49.400000000000006        6.9879556251114085E-005   0.0000000000000000     
   49.500000000000000       -5.8651879717408733E-005   0.0000000000000000     
   49.600000000000001        3.8206689648910197E-005   0.0000000000000000     
   49.700000000000003       -3.3927827944735593E-005   0.0000000000000000     
   49.800000000000004       -1.0140422509996219E-005   0.0000000000000000     
   49.900000000000006        5.0654071924799070E-054   0.0000000000000000     
