   0.0000000000000000        2.8025986454211220E-004   0.0000000000000000     
  0.10000000000000001        2.5191690434976947E-004   0.0000000000000000     
  0.20000000000000001        2.1094006660512827E-004   0.0000000000000000     
  0.30000000000000004        2.2170297491112676E-004   0.0000000000000000     
  0.40000000000000002        1.5193172683780967E-004   0.0000000000000000     
  0.50000000000000000        1.8166276652607181E-004   0.0000000000000000     
  0.60000000000000009        8.9520211990305271E-005   0.0000000000000000     
  0.70000000000000007        1.4727265219808663E-004   0.0000000000000000     
  0.80000000000000004        3.8628307168070808E-005   0.0000000000000000     
  0.90000000000000002        1.2954687957508797E-004   0.0000000000000000     
   1.0000000000000000       -4.9702561772900447E-006   0.0000000000000000     
   1.1000000000000001        1.2581208566913167E-004   0.0000000000000000     
   1.2000000000000002       -4.5515400978702208E-005   0.0000000000000000     
   1.3000000000000000        1.3454049426141207E-004   0.0000000000000000     
   1.4000000000000001       -8.6634414245490460E-005   0.0000000000000000     
   1.5000000000000000        1.5519306147830140E-004   0.0000000000000000     
   1.6000000000000001       -1.3158732581580824E-004   0.0000000000000000     
   1.7000000000000002        1.8806427955834546E-004   0.0000000000000000     
   1.8000000000000000       -1.8346401764929082E-004   0.0000000000000000     
   1.9000000000000001        2.3416918326807585E-004   0.0000000000000000     
   2.0000000000000000       -2.4533815066679431E-004   0.0000000000000000     
   2.1000000000000001        2.9516054429708309E-004   0.0000000000000000     
   2.2000000000000002       -3.2038345125252676E-004   0.0000000000000000     
   2.3000000000000003        3.7326508380820339E-004   0.0000000000000000     
   2.4000000000000004       -4.1195565469148460E-004   0.0000000000000000     
   2.5000000000000000        4.7122833547484140E-004   0.0000000000000000     
   2.6000000000000001       -5.2364138298194231E-004   0.0000000000000000     
   2.7000000000000002        5.9225846071224615E-004   0.0000000000000000     
   2.8000000000000003       -6.5927352001138913E-004   0.0000000000000000     
   2.9000000000000004        7.3995993138710817E-004   0.0000000000000000     
   3.0000000000000000       -8.2291131511552152E-004   0.0000000000000000     
   3.1000000000000001        9.1824865702928935E-004   0.0000000000000000     
   3.2000000000000002       -1.0187825773622940E-003   0.0000000000000000     
   3.3000000000000003        1.1312409645976281E-003   0.0000000000000000     
   3.4000000000000004       -1.2511850011519801E-003   0.0000000000000000     
   3.5000000000000000        1.3831099662004449E-003   0.0000000000000000     
   3.6000000000000001       -1.5243439704272423E-003   0.0000000000000000     
   3.7000000000000002        1.6779043965864833E-003   0.0000000000000000     
   3.8000000000000003       -1.8422251938663404E-003   0.0000000000000000     
   3.9000000000000004        2.0193270708030436E-003   0.0000000000000000     
   4.0000000000000000       -2.2083022738700105E-003   0.0000000000000000     
   4.1000000000000005        2.4104727714479679E-003   0.0000000000000000     
   4.2000000000000002       -2.6252818163869170E-003   0.0000000000000000     
   4.2999999999999998        2.8535286427641983E-003   0.0000000000000000     
   4.4000000000000004       -3.0947919024774083E-003   0.0000000000000000     
   4.5000000000000000        3.3494439970621851E-003   0.0000000000000000     
   4.6000000000000005       -3.6170435536432089E-003   0.0000000000000000     
   4.7000000000000002        3.8975807008903149E-003   0.0000000000000000     
   4.8000000000000007       -4.1904790401226114E-003   0.0000000000000000     
   4.9000000000000004        4.4953597894196095E-003   0.0000000000000000     
   5.0000000000000000       -4.8114252290250683E-003   0.0000000000000000     
   5.1000000000000005        5.1379243556566052E-003   0.0000000000000000     
   5.2000000000000002       -5.4737742897256938E-003   0.0000000000000000     
   5.3000000000000007        5.8178426926976459E-003   0.0000000000000000     
   5.4000000000000004       -6.1687175398791056E-003   0.0000000000000000     
   5.5000000000000000        6.5248786879997314E-003   0.0000000000000000     
   5.6000000000000005       -6.8845605547722868E-003   0.0000000000000000     
   5.7000000000000002        7.2458581031236910E-003   0.0000000000000000     
   5.8000000000000007       -7.6066483937359359E-003   0.0000000000000000     
   5.9000000000000004        7.9646591555555934E-003   0.0000000000000000     
   6.0000000000000000       -8.3174284748740186E-003   0.0000000000000000     
   6.1000000000000005        8.6623533490412883E-003   0.0000000000000000     
   6.2000000000000002       -8.9966749008576850E-003   0.0000000000000000     
   6.3000000000000007        9.3175174917192755E-003   0.0000000000000000     
   6.4000000000000004       -9.6218916984689169E-003   0.0000000000000000     
   6.5000000000000000        9.9067301887357916E-003   0.0000000000000000     
   6.6000000000000005       -1.0168903481051990E-002   0.0000000000000000     
   6.7000000000000002        1.0405255916843170E-002   0.0000000000000000     
   6.8000000000000007       -1.0612630720538176E-002   0.0000000000000000     
   6.9000000000000004        1.0787907461594646E-002   0.0000000000000000     
   7.0000000000000000       -1.0928033641141820E-002   0.0000000000000000     
   7.1000000000000005        1.1030063679874757E-002   0.0000000000000000     
   7.2000000000000002       -1.1091194511016379E-002   0.0000000000000000     
   7.3000000000000007        1.1108805160850239E-002   0.0000000000000000     
   7.4000000000000004       -1.1080493846538158E-002   0.0000000000000000     
   7.5000000000000000        1.1004116533672307E-002   0.0000000000000000     
   7.6000000000000005       -1.0877822974948369E-002   0.0000000000000000     
   7.7000000000000002        1.0700092187410365E-002   0.0000000000000000     
   7.8000000000000007       -1.0469764832153247E-002   0.0000000000000000     
   7.9000000000000004        1.0186073336844268E-002   0.0000000000000000     
   8.0000000000000000       -9.8486680820321498E-003   0.0000000000000000     
   8.0999999999999996        9.4576398989650659E-003   0.0000000000000000     
   8.2000000000000011       -9.0135377422534847E-003   0.0000000000000000     
   8.3000000000000007        8.5173815156330962E-003   0.0000000000000000     
   8.4000000000000004       -7.9706692968169856E-003   0.0000000000000000     
   8.5000000000000000        7.3753788732853513E-003   0.0000000000000000     
   8.5999999999999996       -6.7339631429445095E-003   0.0000000000000000     
   8.7000000000000011        6.0493393534972592E-003   0.0000000000000000     
   8.8000000000000007       -5.3248720099053357E-003   0.0000000000000000     
   8.9000000000000004        4.5643495641316291E-003   0.0000000000000000     
   9.0000000000000000       -3.7719549754123356E-003   0.0000000000000000     
   9.0999999999999996        2.9522304369412884E-003   0.0000000000000000     
   9.2000000000000011       -2.1100365996479303E-003   0.0000000000000000     
   9.3000000000000007        1.2505067818582816E-003   0.0000000000000000     
   9.4000000000000004       -3.7899671260528727E-004   0.0000000000000000     
   9.5000000000000000       -4.9896952404831791E-004   0.0000000000000000     
   9.6000000000000014        1.3777566173067595E-003   0.0000000000000000     
   9.7000000000000011       -2.2516774205209138E-003   0.0000000000000000     
   9.8000000000000007        3.1150537518948810E-003   0.0000000000000000     
   9.9000000000000004       -3.9622777052157115E-003   0.0000000000000000     
   10.000000000000000        4.7878725549757046E-003   0.0000000000000000     
   10.100000000000001       -5.5865523310698294E-003   0.0000000000000000     
   10.200000000000001        6.3532791546745708E-003   0.0000000000000000     
   10.300000000000001       -7.0833174556675406E-003   0.0000000000000000     
   10.400000000000000        7.7722842418177784E-003   0.0000000000000000     
   10.500000000000000       -8.4161946535925465E-003   0.0000000000000000     
   10.600000000000001        9.0115021195257064E-003   0.0000000000000000     
   10.700000000000001       -9.5551325199393928E-003   0.0000000000000000     
   10.800000000000001        1.0044511872676645E-002   0.0000000000000000     
   10.900000000000000       -1.0477587168988448E-002   0.0000000000000000     
   11.000000000000000        1.0852840109395068E-002   0.0000000000000000     
   11.100000000000001       -1.1169293615170460E-002   0.0000000000000000     
   11.200000000000001        1.1426511118654531E-002   0.0000000000000000     
   11.300000000000001       -1.1624588761439980E-002   0.0000000000000000     
   11.400000000000000        1.1764140751785449E-002   0.0000000000000000     
   11.500000000000000       -1.1846278247993849E-002   0.0000000000000000     
   11.600000000000001        1.1872582240774993E-002   0.0000000000000000     
   11.700000000000001       -1.1845071002856332E-002   0.0000000000000000     
   11.800000000000001        1.1766162756000386E-002   0.0000000000000000     
   11.900000000000000       -1.1638634272765480E-002   0.0000000000000000     
   12.000000000000000        1.1465576181876391E-002   0.0000000000000000     
   12.100000000000001       -1.1250345780706784E-002   0.0000000000000000     
   12.200000000000001        1.0996518176190573E-002   0.0000000000000000     
   12.300000000000001       -1.0707836576507703E-002   0.0000000000000000     
   12.400000000000000        1.0388162540288209E-002   0.0000000000000000     
   12.500000000000000       -1.0041426959143264E-002   0.0000000000000000     
   12.600000000000001        9.6715825040919381E-003   0.0000000000000000     
   12.700000000000001       -9.2825582082860444E-003   0.0000000000000000     
   12.800000000000001        8.8782167894689949E-003   0.0000000000000000     
   12.900000000000000       -8.4623152375479099E-003   0.0000000000000000     
   13.000000000000000        8.0384691076732448E-003   0.0000000000000000     
   13.100000000000001       -7.6101208697069806E-003   0.0000000000000000     
   13.200000000000001        7.1805125728766845E-003   0.0000000000000000     
   13.300000000000001       -6.7526629920968270E-003   0.0000000000000000     
   13.400000000000000        6.3293493319960996E-003   0.0000000000000000     
   13.500000000000000       -5.9130934778784039E-003   0.0000000000000000     
   13.600000000000001        5.5061527015879443E-003   0.0000000000000000     
   13.700000000000001       -5.1105146559544852E-003   0.0000000000000000     
   13.800000000000001        4.7278964253730967E-003   0.0000000000000000     
   13.900000000000000       -4.3597473432204726E-003   0.0000000000000000     
   14.000000000000000        4.0072552397377639E-003   0.0000000000000000     
   14.100000000000001       -3.6713557472166712E-003   0.0000000000000000     
   14.200000000000001        3.3527442629372188E-003   0.0000000000000000     
   14.300000000000001       -3.0518901540352180E-003   0.0000000000000000     
   14.400000000000000        2.7690527820974824E-003   0.0000000000000000     
   14.500000000000000       -2.5042989280431405E-003   0.0000000000000000     
   14.600000000000001        2.2575212089565480E-003   0.0000000000000000     
   14.700000000000001       -2.0284570972246012E-003   0.0000000000000000     
   14.800000000000001        1.8167081772694381E-003   0.0000000000000000     
   14.900000000000000       -1.6217593053833076E-003   0.0000000000000000     
   15.000000000000000        1.4429973726259385E-003   0.0000000000000000     
   15.100000000000001       -1.2797294079255526E-003   0.0000000000000000     
   15.200000000000001        1.1311997975896773E-003   0.0000000000000000     
   15.300000000000001       -9.9660643734432973E-004   0.0000000000000000     
   15.400000000000000        8.7511567242682775E-004   0.0000000000000000     
   15.500000000000000       -7.6587591963563149E-004   0.0000000000000000     
   15.600000000000001        6.6802990180292573E-004   0.0000000000000000     
   15.700000000000001       -5.8072545892195234E-004   0.0000000000000000     
   15.800000000000001        5.0312493096302897E-004   0.0000000000000000     
   15.900000000000000       -4.3441313487374810E-004   0.0000000000000000     
   16.000000000000000        3.7380398184539315E-004   0.0000000000000000     
   16.100000000000001       -3.2054580073422642E-004   0.0000000000000000     
   16.199999999999999        2.7392544960904629E-004   0.0000000000000000     
   16.300000000000001       -2.3327130963799660E-004   0.0000000000000000     
   16.400000000000002        1.9795526418238290E-004   0.0000000000000000     
   16.500000000000000       -1.6739377138935409E-004   0.0000000000000000     
   16.600000000000001        1.4104814091128046E-004   0.0000000000000000     
   16.699999999999999       -1.1842412500906244E-004   0.0000000000000000     
   16.800000000000001        9.9070931721035609E-005   0.0000000000000000     
   16.900000000000002       -8.2579763166933467E-005   0.0000000000000000     
   17.000000000000000        6.8581975863565302E-005   0.0000000000000000     
   17.100000000000001       -5.6746952694242121E-005   0.0000000000000000     
   17.199999999999999        4.6779767962465634E-005   0.0000000000000000     
   17.300000000000001       -3.8418718210121648E-005   0.0000000000000000     
   17.400000000000002        3.1432782632913033E-005   0.0000000000000000     
   17.500000000000000       -2.5619067956444223E-005   0.0000000000000000     
   17.600000000000001        2.0800283924460607E-005   0.0000000000000000     
   17.699999999999999       -1.6822287319727129E-005   0.0000000000000000     
   17.800000000000001        1.3551724623823210E-005   0.0000000000000000     
   17.900000000000002       -1.0873796323664272E-005   0.0000000000000000     
   18.000000000000000        8.6901594854011172E-006   0.0000000000000000     
   18.100000000000001       -6.9169795067951462E-006   0.0000000000000000     
   18.199999999999999        5.4831370878701269E-006   0.0000000000000000     
   18.300000000000001       -4.3285922589407800E-006   0.0000000000000000     
   18.400000000000002        3.4029038508903183E-006   0.0000000000000000     
   18.500000000000000       -2.6639000683532126E-006   0.0000000000000000     
   18.600000000000001        2.0764935795277016E-006   0.0000000000000000     
   18.699999999999999       -1.6116329594190083E-006   0.0000000000000000     
   18.800000000000001        1.2453812646606355E-006   0.0000000000000000     
   18.900000000000002       -9.5811174898171969E-007   0.0000000000000000     
   19.000000000000000        7.3381044616898737E-007   0.0000000000000000     
   19.100000000000001       -5.5947532051318883E-007   0.0000000000000000     
   19.200000000000003        4.2460185475364717E-007   0.0000000000000000     
   19.300000000000001       -3.2074541701363650E-007   0.0000000000000000     
   19.400000000000002        2.4115121948755337E-007   0.0000000000000000     
   19.500000000000000       -1.8044329416734709E-007   0.0000000000000000     
   19.600000000000001        1.3436469064502913E-007   0.0000000000000000     
   19.700000000000003       -9.9561745907988102E-008   0.0000000000000000     
   19.800000000000001        7.3405991949866422E-008   0.0000000000000000     
   19.900000000000002       -5.3848024704539170E-008   0.0000000000000000     
   20.000000000000000        3.9298294202870320E-008   0.0000000000000000     
   20.100000000000001       -2.8530434655434314E-008   0.0000000000000000     
   20.200000000000003        2.0603340862336148E-008   0.0000000000000000     
   20.300000000000001       -1.4798714260584942E-008   0.0000000000000000     
   20.400000000000002        1.0571303666749551E-008   0.0000000000000000     
   20.500000000000000       -7.5094942726025456E-009   0.0000000000000000     
   20.600000000000001        5.3042999265683435E-009   0.0000000000000000     
   20.700000000000003       -3.7250964529518556E-009   0.0000000000000000     
   20.800000000000001        2.6007194662743124E-009   0.0000000000000000     
   20.900000000000002       -1.8048781434441868E-009   0.0000000000000000     
   21.000000000000000        1.2449510964186372E-009   0.0000000000000000     
   21.100000000000001       -8.5340462043600357E-010   0.0000000000000000     
   21.200000000000003        5.8130333656194697E-010   0.0000000000000000     
   21.300000000000001       -3.9340741252422827E-010   0.0000000000000000     
   21.400000000000002        2.6449039553142274E-010   0.0000000000000000     
   21.500000000000000       -1.7662293827461221E-010   0.0000000000000000     
   21.600000000000001        1.1713878171460232E-010   0.0000000000000000     
   21.700000000000003       -7.7141642172598805E-011   0.0000000000000000     
   21.800000000000001        5.0436751853414420E-011   0.0000000000000000     
   21.900000000000002       -3.2734561010921010E-011   0.0000000000000000     
   22.000000000000000        2.1086216704055355E-011   0.0000000000000000     
   22.100000000000001       -1.3480384282700049E-011   0.0000000000000000     
   22.200000000000003        8.5482644488390766E-012   0.0000000000000000     
   22.300000000000001       -5.3767017523354864E-012   0.0000000000000000     
   22.400000000000002        3.3567423395991144E-012   0.0000000000000000     
   22.500000000000000       -2.0771893218572581E-012   0.0000000000000000     
   22.600000000000001        1.2741769886192802E-012   0.0000000000000000     
   22.700000000000003       -7.7400279047680182E-013   0.0000000000000000     
   22.800000000000001        4.6515299929508743E-013   0.0000000000000000     
   22.900000000000002       -2.8112059763306974E-013   0.0000000000000000     
   23.000000000000000        1.6696846423384530E-013   0.0000000000000000     
   23.100000000000001       -9.3643653433321078E-014   0.0000000000000000     
   23.200000000000003        5.4799783142462762E-014   0.0000000000000000     
   23.300000000000001       -3.3003403587860716E-014   0.0000000000000000     
   23.400000000000002        1.7890785361437491E-014   0.0000000000000000     
   23.500000000000000       -1.0566858663983366E-014   0.0000000000000000     
   23.600000000000001        6.3705154763712533E-015   0.0000000000000000     
   23.700000000000003       -5.1582995866834232E-015   0.0000000000000000     
   23.800000000000001        4.6786616936496183E-015   0.0000000000000000     
   23.900000000000002       -5.1374064986907899E-016   0.0000000000000000     
   24.000000000000000       -6.2455645663452727E-016   0.0000000000000000     
   24.100000000000001       -2.2768197875852836E-015   0.0000000000000000     
   24.200000000000003        2.7956570136913447E-015   0.0000000000000000     
   24.300000000000001       -1.7504255694874303E-015   0.0000000000000000     
   24.400000000000002        3.4707465462366009E-016   0.0000000000000000     
   24.500000000000000        8.8678330660932346E-016   0.0000000000000000     
   24.600000000000001       -3.6089204017091018E-016   0.0000000000000000     
   24.700000000000003        1.8515282679517789E-015   0.0000000000000000     
   24.800000000000001       -4.7700419071310479E-015   0.0000000000000000     
   24.900000000000002        1.9731730790940728E-015   0.0000000000000000     
   25.000000000000000        9.0447158282336571E-016   0.0000000000000000     
   25.100000000000001        3.3659727204752852E-015   0.0000000000000000     
   25.200000000000003       -5.0909902736264499E-015   0.0000000000000000     
   25.300000000000001        2.5576148829109059E-015   0.0000000000000000     
   25.400000000000002       -3.4795877455525922E-015   0.0000000000000000     
   25.500000000000000        3.5982015271204192E-015   0.0000000000000000     
   25.600000000000001       -3.4083629186984035E-015   0.0000000000000000     
   25.700000000000003        4.9744437594666036E-015   0.0000000000000000     
   25.800000000000001       -1.7074421440761841E-015   0.0000000000000000     
   25.900000000000002       -5.4032438915065227E-016   0.0000000000000000     
   26.000000000000000       -2.5799832461936562E-015   0.0000000000000000     
   26.100000000000001        4.1036098723118023E-015   0.0000000000000000     
   26.200000000000003       -4.4989689787927154E-015   0.0000000000000000     
   26.300000000000001        4.0876511229820590E-015   0.0000000000000000     
   26.400000000000002       -4.1117573546236542E-015   0.0000000000000000     
   26.500000000000000        6.4343084359588128E-015   0.0000000000000000     
   26.600000000000001       -4.8142765016049971E-015   0.0000000000000000     
   26.700000000000003        1.5973759846667752E-015   0.0000000000000000     
   26.800000000000001       -2.1605072031607300E-015   0.0000000000000000     
   26.900000000000002        3.4213056147155391E-015   0.0000000000000000     
   27.000000000000000       -2.3149379469495045E-015   0.0000000000000000     
   27.100000000000001       -2.6697996247416969E-016   0.0000000000000000     
   27.200000000000003       -3.5007285519903531E-015   0.0000000000000000     
   27.300000000000001        7.2531386156366309E-015   0.0000000000000000     
   27.400000000000002       -2.2971605553497454E-016   0.0000000000000000     
   27.500000000000000       -2.1915145843018525E-015   0.0000000000000000     
   27.600000000000001       -1.0617527368680233E-015   0.0000000000000000     
   27.700000000000003       -1.3621803306078855E-015   0.0000000000000000     
   27.800000000000001        6.5845202183752014E-016   0.0000000000000000     
   27.900000000000002       -1.2482859946275252E-016   0.0000000000000000     
   28.000000000000000        3.3139023921191660E-015   0.0000000000000000     
   28.100000000000001       -2.0230672532420066E-015   0.0000000000000000     
   28.200000000000003        1.5341393024266046E-015   0.0000000000000000     
   28.300000000000001       -2.6799644616585073E-015   0.0000000000000000     
   28.400000000000002        2.9687660310469303E-015   0.0000000000000000     
   28.500000000000000       -2.8041033369513355E-015   0.0000000000000000     
   28.600000000000001        1.6296204024632563E-017   0.0000000000000000     
   28.700000000000003       -5.3529118087143823E-016   0.0000000000000000     
   28.800000000000001        1.7464059663803228E-015   0.0000000000000000     
   28.900000000000002       -9.2629294134010564E-016   0.0000000000000000     
   29.000000000000000        3.0337220422661354E-015   0.0000000000000000     
   29.100000000000001       -8.8028997187861905E-016   0.0000000000000000     
   29.200000000000003       -1.5068403537042934E-015   0.0000000000000000     
   29.300000000000001        3.7704543595547533E-017   0.0000000000000000     
   29.400000000000002       -3.7684747087193405E-015   0.0000000000000000     
   29.500000000000000        4.3276511895983513E-015   0.0000000000000000     
   29.600000000000001       -1.1819468397276684E-015   0.0000000000000000     
   29.700000000000003        3.2089181654058583E-015   0.0000000000000000     
   29.800000000000001       -3.7914309837343886E-015   0.0000000000000000     
   29.900000000000002        2.3175966119957789E-015   0.0000000000000000     
   30.000000000000000        2.3165789675874669E-016   0.0000000000000000     
   30.100000000000001       -2.1856976540037227E-015   0.0000000000000000     
   30.200000000000003       -4.8578494862845386E-016   0.0000000000000000     
   30.300000000000001       -8.8182973093251723E-016   0.0000000000000000     
   30.400000000000002        3.6472906599698537E-015   0.0000000000000000     
   30.500000000000000       -1.4150022969512024E-015   0.0000000000000000     
   30.600000000000001        2.0457814441653572E-015   0.0000000000000000     
   30.700000000000003       -2.5392693432588413E-015   0.0000000000000000     
   30.800000000000001        9.8087164015018157E-016   0.0000000000000000     
   30.900000000000002       -1.7611590305530672E-015   0.0000000000000000     
   31.000000000000000        1.1114782386433921E-015   0.0000000000000000     
   31.100000000000001       -1.0975259444478530E-015   0.0000000000000000     
   31.200000000000003        1.3215166462795362E-015   0.0000000000000000     
   31.300000000000001        8.8454682965601782E-016   0.0000000000000000     
   31.400000000000002       -1.0865193490700332E-015   0.0000000000000000     
   31.500000000000000        1.6173412338064676E-015   0.0000000000000000     
   31.600000000000001       -1.6811456042863255E-015   0.0000000000000000     
   31.700000000000003        8.7936370408073563E-016   0.0000000000000000     
   31.800000000000001       -1.8369642614506858E-015   0.0000000000000000     
   31.900000000000002       -9.8271249043461078E-016   0.0000000000000000     
   32.000000000000000        8.3346590438584068E-016   0.0000000000000000     
   32.100000000000001        9.9382331283139479E-016   0.0000000000000000     
   32.200000000000003        3.5839441540444430E-015   0.0000000000000000     
   32.300000000000004       -1.6550438797925886E-015   0.0000000000000000     
   32.399999999999999        1.2241067165354074E-015   0.0000000000000000     
   32.500000000000000       -6.2607075985427699E-015   0.0000000000000000     
   32.600000000000001        2.1613539354403473E-015   0.0000000000000000     
   32.700000000000003       -1.0591033141623415E-015   0.0000000000000000     
   32.800000000000004       -7.8673980618583359E-017   0.0000000000000000     
   32.899999999999999        4.5852170547258082E-015   0.0000000000000000     
   33.000000000000000       -5.5576063800555390E-016   0.0000000000000000     
   33.100000000000001        1.7599543789015484E-015   0.0000000000000000     
   33.200000000000003       -3.6950190787038842E-015   0.0000000000000000     
   33.300000000000004       -1.7981726362684906E-016   0.0000000000000000     
   33.399999999999999       -4.4626675897131024E-016   0.0000000000000000     
   33.500000000000000       -8.6841726615866126E-016   0.0000000000000000     
   33.600000000000001        1.8200743215907503E-015   0.0000000000000000     
   33.700000000000003       -2.7461693891413694E-015   0.0000000000000000     
   33.800000000000004        1.7926437278943441E-015   0.0000000000000000     
   33.899999999999999        2.3267696455423038E-015   0.0000000000000000     
   34.000000000000000        2.6309222148977740E-015   0.0000000000000000     
   34.100000000000001       -7.4399984639265700E-016   0.0000000000000000     
   34.200000000000003       -2.0746154886647411E-015   0.0000000000000000     
   34.300000000000004       -5.3135764561654360E-015   0.0000000000000000     
   34.399999999999999        3.7709726771154050E-016   0.0000000000000000     
   34.500000000000000        6.4374693733111062E-016   0.0000000000000000     
   34.600000000000001        3.6250835837467370E-015   0.0000000000000000     
   34.700000000000003        1.5854806253036118E-015   0.0000000000000000     
   34.800000000000004       -5.7596628556024768E-016   0.0000000000000000     
   34.899999999999999        2.4161589879080332E-015   0.0000000000000000     
   35.000000000000000       -3.5488404973138239E-015   0.0000000000000000     
   35.100000000000001       -1.0709190284726036E-015   0.0000000000000000     
   35.200000000000003       -2.3538696257215717E-015   0.0000000000000000     
   35.300000000000004        5.1642162115772262E-016   0.0000000000000000     
   35.399999999999999        1.3125039053503696E-015   0.0000000000000000     
   35.500000000000000        1.4401753375940761E-015   0.0000000000000000     
   35.600000000000001        2.0763534810430690E-015   0.0000000000000000     
   35.700000000000003       -1.0520575977392192E-016   0.0000000000000000     
   35.800000000000004       -2.1919676851001538E-015   0.0000000000000000     
   35.899999999999999       -9.5120702146164790E-016   0.0000000000000000     
   36.000000000000000        3.4307308275077840E-016   0.0000000000000000     
   36.100000000000001        8.9561119178086300E-018   0.0000000000000000     
   36.200000000000003       -3.5383206701379056E-016   0.0000000000000000     
   36.300000000000004        3.4962323340970083E-015   0.0000000000000000     
   36.399999999999999       -4.5082265869295168E-015   0.0000000000000000     
   36.500000000000000        2.1369513770305413E-015   0.0000000000000000     
   36.600000000000001       -2.3649796222927939E-015   0.0000000000000000     
   36.700000000000003        2.5290509248576514E-015   0.0000000000000000     
   36.800000000000004        2.3915911045321188E-015   0.0000000000000000     
   36.899999999999999       -2.3810233327814174E-015   0.0000000000000000     
   37.000000000000000       -2.2790092390488593E-016   0.0000000000000000     
   37.100000000000001       -1.7658870128729270E-015   0.0000000000000000     
   37.200000000000003        9.3952284772276407E-016   0.0000000000000000     
   37.300000000000004        6.6353774319813879E-016   0.0000000000000000     
   37.399999999999999       -3.9061294365695880E-016   0.0000000000000000     
   37.500000000000000        2.0561037578174886E-015   0.0000000000000000     
   37.600000000000001       -2.4205111251313088E-015   0.0000000000000000     
   37.700000000000003        4.8646395223153209E-016   0.0000000000000000     
   37.800000000000004       -3.0212116786804355E-016   0.0000000000000000     
   37.899999999999999        1.6539716719550930E-015   0.0000000000000000     
   38.000000000000000       -2.2903606447833724E-015   0.0000000000000000     
   38.100000000000001        1.7176501950122465E-015   0.0000000000000000     
   38.200000000000003       -2.9891566966150617E-016   0.0000000000000000     
   38.300000000000004        7.4371603574356156E-016   0.0000000000000000     
   38.400000000000006        2.0426803893657571E-016   0.0000000000000000     
   38.500000000000000       -2.4954623989452228E-015   0.0000000000000000     
   38.600000000000001       -1.2252314635984501E-015   0.0000000000000000     
   38.700000000000003        2.2211301171558869E-015   0.0000000000000000     
   38.800000000000004       -1.0122796609485918E-016   0.0000000000000000     
   38.900000000000006        3.0992355776208999E-015   0.0000000000000000     
   39.000000000000000       -1.9845656308658035E-015   0.0000000000000000     
   39.100000000000001       -4.2928372935484615E-016   0.0000000000000000     
   39.200000000000003       -2.5630126943906562E-016   0.0000000000000000     
   39.300000000000004       -6.6701099020625181E-016   0.0000000000000000     
   39.400000000000006        4.5526768385524768E-016   0.0000000000000000     
   39.500000000000000       -2.0673031861821650E-015   0.0000000000000000     
   39.600000000000001        2.4206546526383701E-015   0.0000000000000000     
   39.700000000000003        1.2590280255992842E-015   0.0000000000000000     
   39.800000000000004       -7.7777506984744593E-016   0.0000000000000000     
   39.900000000000006       -1.3094309077186694E-015   0.0000000000000000     
   40.000000000000000        1.0069941098070776E-015   0.0000000000000000     
   40.100000000000001        2.6431801439563895E-016   0.0000000000000000     
   40.200000000000003       -1.0726345310186299E-015   0.0000000000000000     
   40.300000000000004        9.5930601657833824E-016   0.0000000000000000     
   40.400000000000006       -1.3338384280509774E-015   0.0000000000000000     
   40.500000000000000        9.9033827193719323E-017   0.0000000000000000     
   40.600000000000001        2.0387319416503932E-015   0.0000000000000000     
   40.700000000000003       -2.3033744021676862E-015   0.0000000000000000     
   40.800000000000004        1.8279717552208847E-015   0.0000000000000000     
   40.900000000000006       -1.9702777608864739E-015   0.0000000000000000     
   41.000000000000000        9.9027831472461901E-016   0.0000000000000000     
   41.100000000000001        2.0966785012694822E-015   0.0000000000000000     
   41.200000000000003       -1.6055860722060549E-015   0.0000000000000000     
   41.300000000000004       -1.4011658972261396E-015   0.0000000000000000     
   41.400000000000006        5.9060929259420131E-016   0.0000000000000000     
   41.500000000000000        1.5638451180116795E-015   0.0000000000000000     
   41.600000000000001       -2.3159785134881734E-015   0.0000000000000000     
   41.700000000000003        6.3308608987841219E-016   0.0000000000000000     
   41.800000000000004        1.1084571796593458E-015   0.0000000000000000     
   41.900000000000006        7.9898037286218532E-016   0.0000000000000000     
   42.000000000000000        5.3484814516594885E-017   0.0000000000000000     
   42.100000000000001       -4.1653534291695234E-015   0.0000000000000000     
   42.200000000000003        2.0429144883085776E-015   0.0000000000000000     
   42.300000000000004        1.8397270287950337E-015   0.0000000000000000     
   42.400000000000006       -7.6297474086886332E-016   0.0000000000000000     
   42.500000000000000       -3.0862095327616690E-016   0.0000000000000000     
   42.600000000000001        9.0014544308149962E-016   0.0000000000000000     
   42.700000000000003       -1.5114790231963688E-015   0.0000000000000000     
   42.800000000000004        2.1038637962153450E-016   0.0000000000000000     
   42.900000000000006        7.9427701684927180E-016   0.0000000000000000     
   43.000000000000000        1.2135051041938500E-015   0.0000000000000000     
   43.100000000000001       -2.5936971361258761E-015   0.0000000000000000     
   43.200000000000003       -1.0395188822926879E-015   0.0000000000000000     
   43.300000000000004        3.3706361212065468E-016   0.0000000000000000     
   43.400000000000006        2.6129874361106234E-015   0.0000000000000000     
   43.500000000000000        5.0341041995948140E-016   0.0000000000000000     
   43.600000000000001       -1.3751997631947347E-016   0.0000000000000000     
   43.700000000000003        1.2777045028799835E-015   0.0000000000000000     
   43.800000000000004       -2.9847740329538110E-015   0.0000000000000000     
   43.900000000000006       -3.4238642955766435E-015   0.0000000000000000     
   44.000000000000000        1.5848461257795628E-015   0.0000000000000000     
   44.100000000000001        3.8814999406641007E-015   0.0000000000000000     
   44.200000000000003       -7.8135443599755569E-016   0.0000000000000000     
   44.300000000000004        7.2015430445421395E-016   0.0000000000000000     
   44.400000000000006       -9.7860602422308685E-016   0.0000000000000000     
   44.500000000000000        1.0412203540584185E-015   0.0000000000000000     
   44.600000000000001       -3.1664039456996621E-015   0.0000000000000000     
   44.700000000000003       -1.4062421716636516E-015   0.0000000000000000     
   44.800000000000004       -6.7203961136788051E-016   0.0000000000000000     
   44.900000000000006        3.1066135760529056E-015   0.0000000000000000     
   45.000000000000000        3.9993234289583769E-015   0.0000000000000000     
   45.100000000000001        4.5035081316649138E-016   0.0000000000000000     
   45.200000000000003       -4.7296266645441162E-016   0.0000000000000000     
   45.300000000000004       -3.3373998204247718E-015   0.0000000000000000     
   45.400000000000006       -3.6123158429377135E-015   0.0000000000000000     
   45.500000000000000        1.2646539290213420E-015   0.0000000000000000     
   45.600000000000001        5.7011665739152245E-016   0.0000000000000000     
   45.700000000000003       -3.7595166962894381E-016   0.0000000000000000     
   45.800000000000004        2.0704937731329461E-015   0.0000000000000000     
   45.900000000000006        4.2834082754865810E-016   0.0000000000000000     
   46.000000000000000        2.2210591246103465E-015   0.0000000000000000     
   46.100000000000001       -1.2633405330170771E-015   0.0000000000000000     
   46.200000000000003       -4.8505277945216663E-016   0.0000000000000000     
   46.300000000000004        6.0689819559502476E-016   0.0000000000000000     
   46.400000000000006       -2.3741642975673982E-015   0.0000000000000000     
   46.500000000000000       -8.2420955049574092E-016   0.0000000000000000     
   46.600000000000001       -6.4744824820957399E-016   0.0000000000000000     
   46.700000000000003        1.6937935311100502E-015   0.0000000000000000     
   46.800000000000004        5.0138603909507978E-016   0.0000000000000000     
   46.900000000000006        7.8867173176134480E-016   0.0000000000000000     
   47.000000000000000        8.4937584650911021E-016   0.0000000000000000     
   47.100000000000001       -8.7565927378119378E-016   0.0000000000000000     
   47.200000000000003        8.7103223059066953E-016   0.0000000000000000     
   47.300000000000004       -2.0483013239811383E-015   0.0000000000000000     
   47.400000000000006       -6.7865452261566680E-016   0.0000000000000000     
   47.500000000000000       -1.4085038811598484E-015   0.0000000000000000     
   47.600000000000001       -1.4245311255868690E-016   0.0000000000000000     
   47.700000000000003        3.2458903806154290E-015   0.0000000000000000     
   47.800000000000004        1.0271795399172455E-015   0.0000000000000000     
   47.900000000000006        2.1083666702711411E-015   0.0000000000000000     
   48.000000000000000        6.8144966940715577E-016   0.0000000000000000     
   48.100000000000001       -3.4942134566521376E-015   0.0000000000000000     
   48.200000000000003       -4.1023265147824128E-015   0.0000000000000000     
   48.300000000000004       -7.1242703081284293E-016   0.0000000000000000     
   48.400000000000006        1.8290548817921373E-015   0.0000000000000000     
   48.500000000000000        2.4576928142782757E-015   0.0000000000000000     
   48.600000000000001        6.7597031908534448E-017   0.0000000000000000     
   48.700000000000003       -2.0605118831550904E-016   0.0000000000000000     
   48.800000000000004        2.4074471409115420E-015   0.0000000000000000     
   48.900000000000006       -5.3760462983107525E-016   0.0000000000000000     
   49.000000000000000       -3.2287122886705883E-015   0.0000000000000000     
   49.100000000000001       -8.4137332825203766E-016   0.0000000000000000     
   49.200000000000003        1.4433033164767663E-015   0.0000000000000000     
   49.300000000000004        1.9959376679884937E-015   0.0000000000000000     
   49.400000000000006        7.2241014839230316E-016   0.0000000000000000     
   49.500000000000000       -2.8205896784306322E-015   0.0000000000000000     
   49.600000000000001       -1.0844611889987145E-015   0.0000000000000000     
   49.700000000000003        1.7278076255915120E-015   0.0000000000000000     
   49.800000000000004        8.3034780082545495E-016   0.0000000000000000     
   49.900000000000006        5.0654071924799070E-054   0.0000000000000000     
