   0.0000000000000000        4.3238739991940207E-003   0.0000000000000000     
  0.10000000000000001        3.9544201482008311E-003   0.0000000000000000     
  0.20000000000000001        3.4430224426336424E-003   0.0000000000000000     
  0.30000000000000004        3.5007939102491750E-003   0.0000000000000000     
  0.40000000000000002        2.6549657133537979E-003   0.0000000000000000     
  0.50000000000000000        2.8999709341394502E-003   0.0000000000000000     
  0.60000000000000009        1.8131838166628735E-003   0.0000000000000000     
  0.70000000000000007        2.3264520279187551E-003   0.0000000000000000     
  0.80000000000000004        1.1284430549029899E-003   0.0000000000000000     
  0.90000000000000002        1.9389612416908597E-003   0.0000000000000000     
   1.0000000000000000        5.6497936370522540E-004   0.0000000000000000     
   1.1000000000000001        1.7038818887839414E-003   0.0000000000000000     
   1.2000000000000002        8.5228244178401814E-005   0.0000000000000000     
   1.3000000000000000        1.5952860446432401E-003   0.0000000000000000     
   1.4000000000000001       -3.4150239616221939E-004   0.0000000000000000     
   1.5000000000000000        1.5938945442072303E-003   0.0000000000000000     
   1.6000000000000001       -7.4022072858171393E-004   0.0000000000000000     
   1.7000000000000002        1.6857368259320861E-003   0.0000000000000000     
   1.8000000000000000       -1.1312325299096509E-003   0.0000000000000000     
   1.9000000000000001        1.8609496670099052E-003   0.0000000000000000     
   2.0000000000000000       -1.5309054170219315E-003   0.0000000000000000     
   2.1000000000000001        2.1127002216348185E-003   0.0000000000000000     
   2.2000000000000002       -1.9522292451966282E-003   0.0000000000000000     
   2.3000000000000003        2.4362168397102004E-003   0.0000000000000000     
   2.4000000000000004       -2.4051914915920606E-003   0.0000000000000000     
   2.5000000000000000        2.8279123314043962E-003   0.0000000000000000     
   2.6000000000000001       -2.8969907827150684E-003   0.0000000000000000     
   2.7000000000000002        3.2845876485562368E-003   0.0000000000000000     
   2.8000000000000003       -3.4321154174648321E-003   0.0000000000000000     
   2.9000000000000004        3.8027088186637636E-003   0.0000000000000000     
   3.0000000000000000       -4.0123170156520270E-003   0.0000000000000000     
   3.1000000000000001        4.3777558168723776E-003   0.0000000000000000     
   3.2000000000000002       -4.6365123549973013E-003   0.0000000000000000     
   3.3000000000000003        5.0036483050417161E-003   0.0000000000000000     
   3.4000000000000004       -5.3006489563540253E-003   0.0000000000000000     
   3.5000000000000000        5.6722591984589557E-003   0.0000000000000000     
   3.6000000000000001       -5.9975718044016956E-003   0.0000000000000000     
   3.7000000000000002        6.3730322293821667E-003   0.0000000000000000     
   3.8000000000000003       -6.7169294053247225E-003   0.0000000000000000     
   3.9000000000000004        7.0927234667266916E-003   0.0000000000000000     
   4.0000000000000000       -7.4451567746032649E-003   0.0000000000000000     
   4.1000000000000005        7.8152885711139323E-003   0.0000000000000000     
   4.2000000000000002       -8.1655705001438521E-003   0.0000000000000000     
   4.2999999999999998        8.5219369513901272E-003   0.0000000000000000     
   4.4000000000000004       -8.8586063757472005E-003   0.0000000000000000     
   4.5000000000000000        9.1913706143845302E-003   0.0000000000000000     
   4.6000000000000005       -9.5022230091115559E-003   0.0000000000000000     
   4.7000000000000002        9.8002192236308020E-003   0.0000000000000000     
   4.8000000000000007       -1.0072485224964156E-002   0.0000000000000000     
   4.9000000000000004        1.0323673799623566E-002   0.0000000000000000     
   5.0000000000000000       -1.0544329194143274E-002   0.0000000000000000     
   5.1000000000000005        1.0736309967757662E-002   0.0000000000000000     
   5.2000000000000002       -1.0892497484459741E-002   0.0000000000000000     
   5.3000000000000007        1.1013078339666478E-002   0.0000000000000000     
   5.4000000000000004       -1.1092617390570355E-002   0.0000000000000000     
   5.5000000000000000        1.1130425421848191E-002   0.0000000000000000     
   5.6000000000000005       -1.1122380957480372E-002   0.0000000000000000     
   5.7000000000000002        1.1067494535159645E-002   0.0000000000000000     
   5.8000000000000007       -1.0962771266465186E-002   0.0000000000000000     
   5.9000000000000004        1.0807343906941304E-002   0.0000000000000000     
   6.0000000000000000       -1.0599268112031325E-002   0.0000000000000000     
   6.1000000000000005        1.0338109717893272E-002   0.0000000000000000     
   6.2000000000000002       -1.0022958463980131E-002   0.0000000000000000     
   6.3000000000000007        9.6540367201547340E-003   0.0000000000000000     
   6.4000000000000004       -9.2314742312076380E-003   0.0000000000000000     
   6.5000000000000000        8.7562991372104743E-003   0.0000000000000000     
   6.6000000000000005       -8.2296826847591664E-003   0.0000000000000000     
   6.7000000000000002        7.6535405941627818E-003   0.0000000000000000     
   6.8000000000000007       -7.0300638967571022E-003   0.0000000000000000     
   6.9000000000000004        6.3620740107129658E-003   0.0000000000000000     
   7.0000000000000000       -5.6527246251059111E-003   0.0000000000000000     
   7.1000000000000005        4.9057003594251188E-003   0.0000000000000000     
   7.2000000000000002       -4.1250185576997139E-003   0.0000000000000000     
   7.3000000000000007        3.3151279995002748E-003   0.0000000000000000     
   7.4000000000000004       -2.4807674814171766E-003   0.0000000000000000     
   7.5000000000000000        1.6270004363281630E-003   0.0000000000000000     
   7.6000000000000005       -7.5910500585688837E-004   0.0000000000000000     
   7.7000000000000002       -1.1743213205620290E-004   0.0000000000000000     
   7.8000000000000007        9.9700818710362206E-004   0.0000000000000000     
   7.9000000000000004       -1.8739354954170316E-003   0.0000000000000000     
   8.0000000000000000        2.7425233115063400E-003   0.0000000000000000     
   8.0999999999999996       -3.5971229591669823E-003   0.0000000000000000     
   8.2000000000000011        4.4322014807846631E-003   0.0000000000000000     
   8.3000000000000007       -5.2423923759804111E-003   0.0000000000000000     
   8.4000000000000004        6.0225610340322172E-003   0.0000000000000000     
   8.5000000000000000       -6.7678546177536601E-003   0.0000000000000000     
   8.5999999999999996        7.4737578809485044E-003   0.0000000000000000     
   8.7000000000000011       -8.1361371710458753E-003   0.0000000000000000     
   8.8000000000000007        8.7512847722009627E-003   0.0000000000000000     
   8.9000000000000004       -9.3159532259479792E-003   0.0000000000000000     
   9.0000000000000000        9.8273864805938707E-003   0.0000000000000000     
   9.0999999999999996       -1.0283341901794965E-002   0.0000000000000000     
   9.2000000000000011        1.0682107054647942E-002   0.0000000000000000     
   9.3000000000000007       -1.1022507940645417E-002   0.0000000000000000     
   9.4000000000000004        1.1303911031102867E-002   0.0000000000000000     
   9.5000000000000000       -1.1526217410178622E-002   0.0000000000000000     
   9.6000000000000014        1.1689850580319346E-002   0.0000000000000000     
   9.7000000000000011       -1.1795737265833359E-002   0.0000000000000000     
   9.8000000000000007        1.1845282404522227E-002   0.0000000000000000     
   9.9000000000000004       -1.1840338311507338E-002   0.0000000000000000     
   10.000000000000000        1.1783169056520932E-002   0.0000000000000000     
   10.100000000000001       -1.1676410443024324E-002   0.0000000000000000     
   10.200000000000001        1.1523026570688938E-002   0.0000000000000000     
   10.300000000000001       -1.1326263602254919E-002   0.0000000000000000     
   10.400000000000000        1.1089601673822728E-002   0.0000000000000000     
   10.500000000000000       -1.0816705673620804E-002   0.0000000000000000     
   10.600000000000001        1.0511375765020637E-002   0.0000000000000000     
   10.700000000000001       -1.0177498383174175E-002   0.0000000000000000     
   10.800000000000001        9.8189984812674155E-003   0.0000000000000000     
   10.900000000000000       -9.4397936831789007E-003   0.0000000000000000     
   11.000000000000000        9.0437509812015260E-003   0.0000000000000000     
   11.100000000000001       -8.6346465073873623E-003   0.0000000000000000     
   11.200000000000001        8.2161288502055237E-003   0.0000000000000000     
   11.300000000000001       -7.7916862818902134E-003   0.0000000000000000     
   11.400000000000000        7.3646181850103871E-003   0.0000000000000000     
   11.500000000000000       -6.9380108654786493E-003   0.0000000000000000     
   11.600000000000001        6.5147178564354657E-003   0.0000000000000000     
   11.700000000000001       -6.0973447254332449E-003   0.0000000000000000     
   11.800000000000001        5.6882383193707980E-003   0.0000000000000000     
   11.900000000000000       -5.2894803035413076E-003   0.0000000000000000     
   12.000000000000000        4.9028847857815593E-003   0.0000000000000000     
   12.100000000000001       -4.5299997565837486E-003   0.0000000000000000     
   12.200000000000001        4.1721120279641687E-003   0.0000000000000000     
   12.300000000000001       -3.8302553141032051E-003   0.0000000000000000     
   12.400000000000000        3.5052210683595496E-003   0.0000000000000000     
   12.500000000000000       -3.1975716720005778E-003   0.0000000000000000     
   12.600000000000001        2.9076555612227006E-003   0.0000000000000000     
   12.700000000000001       -2.6356238788587867E-003   0.0000000000000000     
   12.800000000000001        2.3814482458272179E-003   0.0000000000000000     
   12.900000000000000       -2.1449392633860029E-003   0.0000000000000000     
   13.000000000000000        1.9257653798917533E-003   0.0000000000000000     
   13.100000000000001       -1.7234717837894974E-003   0.0000000000000000     
   13.200000000000001        1.5374990170178198E-003   0.0000000000000000     
   13.300000000000001       -1.3672010385297295E-003   0.0000000000000000     
   13.400000000000000        1.2118625053308743E-003   0.0000000000000000     
   13.500000000000000       -1.0707150771082962E-003   0.0000000000000000     
   13.600000000000001        9.4295258919714631E-004   0.0000000000000000     
   13.700000000000001       -8.2774497646759314E-004   0.0000000000000000     
   13.800000000000001        7.2425086691636992E-004   0.0000000000000000     
   13.900000000000000       -6.3162879762607713E-004   0.0000000000000000     
   14.000000000000000        5.4904703678628939E-004   0.0000000000000000     
   14.100000000000001       -4.7569202328085679E-004   0.0000000000000000     
   14.200000000000001        4.1077545968064017E-004   0.0000000000000000     
   14.300000000000001       -3.5354011508184516E-004   0.0000000000000000     
   14.400000000000000        3.0326441115894053E-004   0.0000000000000000     
   14.500000000000000       -2.5926587809959055E-004   0.0000000000000000     
   14.600000000000001        2.2090357678942064E-004   0.0000000000000000     
   14.700000000000001       -1.8757959012401368E-004   0.0000000000000000     
   14.800000000000001        1.5873968978771306E-004   0.0000000000000000     
   14.900000000000000       -1.3387328546292336E-004   0.0000000000000000     
   15.000000000000000        1.1251276188189986E-004   0.0000000000000000     
   15.100000000000001       -9.4232305526447974E-005   0.0000000000000000     
   15.200000000000001        7.8646317383024381E-005   0.0000000000000000     
   15.300000000000001       -6.5407501684494707E-005   0.0000000000000000     
   15.400000000000000        5.4204713072137014E-005   0.0000000000000000     
   15.500000000000000       -4.4760636389321806E-005   0.0000000000000000     
   15.600000000000001        3.6829364925854796E-005   0.0000000000000000     
   15.700000000000001       -3.0193934320379708E-005   0.0000000000000000     
   15.800000000000001        2.4663860852323563E-005   0.0000000000000000     
   15.900000000000000       -2.0072724807258070E-005   0.0000000000000000     
   16.000000000000000        1.6275831838341263E-005   0.0000000000000000     
   16.100000000000001       -1.3147978155925410E-005   0.0000000000000000     
   16.199999999999999        1.0581338950485779E-005   0.0000000000000000     
   16.300000000000001       -8.4834935669194347E-006   0.0000000000000000     
   16.400000000000002        6.7755959829966173E-006   0.0000000000000000     
   16.500000000000000       -5.3906947706987939E-006   0.0000000000000000     
   16.600000000000001        4.2722029252509622E-006   0.0000000000000000     
   16.699999999999999       -3.3725151113277481E-006   0.0000000000000000     
   16.800000000000001        2.6517674225445375E-006   0.0000000000000000     
   16.900000000000002       -2.0767327940393651E-006   0.0000000000000000     
   17.000000000000000        1.6198440484944233E-006   0.0000000000000000     
   17.100000000000001       -1.2583355518286712E-006   0.0000000000000000     
   17.199999999999999        9.7349388570945683E-007   0.0000000000000000     
   17.300000000000001       -7.5000789567335929E-007   0.0000000000000000     
   17.400000000000002        5.7540834923670276E-007   0.0000000000000000     
   17.500000000000000       -4.3958772703107954E-007   0.0000000000000000     
   17.600000000000001        3.3439123123039962E-007   0.0000000000000000     
   17.699999999999999       -2.5327041461258626E-007   0.0000000000000000     
   17.800000000000001        1.9099151509677527E-007   0.0000000000000000     
   17.900000000000002       -1.4339134386930771E-007   0.0000000000000000     
   18.000000000000000        1.0717406425600280E-007   0.0000000000000000     
   18.100000000000001       -7.9742967464031225E-008   0.0000000000000000     
   18.199999999999999        5.9062044425112413E-008   0.0000000000000000     
   18.300000000000001       -4.3542645211141985E-008   0.0000000000000000     
   18.400000000000002        3.1951222953025069E-008   0.0000000000000000     
   18.500000000000000       -2.3334687281650902E-008   0.0000000000000000     
   18.600000000000001        1.6960287236851148E-008   0.0000000000000000     
   18.699999999999999       -1.2267477979412409E-008   0.0000000000000000     
   18.800000000000001        8.8296105947355747E-009   0.0000000000000000     
   18.900000000000002       -6.3236007488065639E-009   0.0000000000000000     
   19.000000000000000        4.5060500261951525E-009   0.0000000000000000     
   19.100000000000001       -3.1945346909228281E-009   0.0000000000000000     
   19.200000000000003        2.2530418137914526E-009   0.0000000000000000     
   19.300000000000001       -1.5807033833469828E-009   0.0000000000000000     
   19.400000000000002        1.1031114178261700E-009   0.0000000000000000     
   19.500000000000000       -7.6567438153516127E-010   0.0000000000000000     
   19.600000000000001        5.2855691748414517E-010   0.0000000000000000     
   19.700000000000003       -3.6284822241308631E-010   0.0000000000000000     
   19.800000000000001        2.4769147688877946E-010   0.0000000000000000     
   19.900000000000002       -1.6812081194929203E-010   0.0000000000000000     
   20.000000000000000        1.1345254620942069E-010   0.0000000000000000     
   20.100000000000001       -7.6110490089005559E-011   0.0000000000000000     
   20.200000000000003        5.0753351815847122E-011   0.0000000000000000     
   20.300000000000001       -3.3640238654339454E-011   0.0000000000000000     
   20.400000000000002        2.2163820770438545E-011   0.0000000000000000     
   20.500000000000000       -1.4509587311054957E-011   0.0000000000000000     
   20.600000000000001        9.4354692837995372E-012   0.0000000000000000     
   20.700000000000003       -6.0988901926633169E-012   0.0000000000000000     
   20.800000000000001        3.9184796579604307E-012   0.0000000000000000     
   20.900000000000002       -2.5003740117143841E-012   0.0000000000000000     
   21.000000000000000        1.5831689929351484E-012   0.0000000000000000     
   21.100000000000001       -9.9402719378797837E-013   0.0000000000000000     
   21.200000000000003        6.2196482647011731E-013   0.0000000000000000     
   21.300000000000001       -3.8788719251493132E-013   0.0000000000000000     
   21.400000000000002        2.3708626565653820E-013   0.0000000000000000     
   21.500000000000000       -1.4309523850681317E-013   0.0000000000000000     
   21.600000000000001        8.8781706699703035E-014   0.0000000000000000     
   21.700000000000003       -5.5473766782918334E-014   0.0000000000000000     
   21.800000000000001        3.3213391430281202E-014   0.0000000000000000     
   21.900000000000002       -2.0531685790947422E-014   0.0000000000000000     
   22.000000000000000        1.3471063048032170E-014   0.0000000000000000     
   22.100000000000001       -8.1975767116026104E-015   0.0000000000000000     
   22.200000000000003        4.3702625524149632E-015   0.0000000000000000     
   22.300000000000001       -6.9155261260289664E-016   0.0000000000000000     
   22.400000000000002        6.5401725395104359E-016   0.0000000000000000     
   22.500000000000000       -4.6157542425513364E-015   0.0000000000000000     
   22.600000000000001        2.9399300849620945E-015   0.0000000000000000     
   22.700000000000003        7.3417204912832712E-016   0.0000000000000000     
   22.800000000000001        1.4271332271044630E-016   0.0000000000000000     
   22.900000000000002        1.9169002543495369E-015   0.0000000000000000     
   23.000000000000000       -3.7005921446783720E-015   0.0000000000000000     
   23.100000000000001        2.5435971443455621E-015   0.0000000000000000     
   23.200000000000003       -5.3421379302575844E-015   0.0000000000000000     
   23.300000000000001        3.8944488939861562E-015   0.0000000000000000     
   23.400000000000002        1.2409206204718956E-015   0.0000000000000000     
   23.500000000000000        2.0580245371040836E-015   0.0000000000000000     
   23.600000000000001       -4.7521865593214047E-015   0.0000000000000000     
   23.700000000000003        1.6037077695854333E-015   0.0000000000000000     
   23.800000000000001       -1.5272158172969481E-015   0.0000000000000000     
   23.900000000000002        3.4663403165367466E-015   0.0000000000000000     
   24.000000000000000       -4.0129971586997632E-015   0.0000000000000000     
   24.100000000000001        3.3362755070914855E-015   0.0000000000000000     
   24.200000000000003       -2.8913929367665082E-015   0.0000000000000000     
   24.300000000000001        4.1938455306807279E-015   0.0000000000000000     
   24.400000000000002       -4.3711629938752201E-015   0.0000000000000000     
   24.500000000000000        3.7899075688506783E-015   0.0000000000000000     
   24.600000000000001       -3.6906932349646853E-015   0.0000000000000000     
   24.700000000000003        3.3413883115820439E-015   0.0000000000000000     
   24.800000000000001       -4.4243245238578170E-015   0.0000000000000000     
   24.900000000000002        3.4589159244104020E-015   0.0000000000000000     
   25.000000000000000       -1.1309998942750398E-015   0.0000000000000000     
   25.100000000000001        3.5723049204137441E-015   0.0000000000000000     
   25.200000000000003       -5.4064934831413540E-015   0.0000000000000000     
   25.300000000000001        3.8649003174662491E-015   0.0000000000000000     
   25.400000000000002       -2.7388678753056353E-015   0.0000000000000000     
   25.500000000000000        7.8893349383835483E-016   0.0000000000000000     
   25.600000000000001       -2.0736038299073177E-016   0.0000000000000000     
   25.700000000000003        1.2317941752834642E-015   0.0000000000000000     
   25.800000000000001       -1.4080646517358424E-016   0.0000000000000000     
   25.900000000000002       -1.1974093732672386E-015   0.0000000000000000     
   26.000000000000000        1.6029645715549877E-015   0.0000000000000000     
   26.100000000000001       -1.0865901341654571E-015   0.0000000000000000     
   26.200000000000003        1.0401717968217662E-015   0.0000000000000000     
   26.300000000000001       -2.2386773829280115E-015   0.0000000000000000     
   26.400000000000002        7.8536598470562454E-016   0.0000000000000000     
   26.500000000000000       -4.5209581664378068E-016   0.0000000000000000     
   26.600000000000001        3.1505948450233496E-015   0.0000000000000000     
   26.700000000000003       -2.8213058178605781E-015   0.0000000000000000     
   26.800000000000001        3.0563932692861678E-015   0.0000000000000000     
   26.900000000000002       -3.8673923252265028E-015   0.0000000000000000     
   27.000000000000000        1.6850776553516432E-015   0.0000000000000000     
   27.100000000000001       -1.7033532170007997E-015   0.0000000000000000     
   27.200000000000003        3.0992053639251080E-016   0.0000000000000000     
   27.300000000000001        2.9733286344221811E-015   0.0000000000000000     
   27.400000000000002       -1.2375585316886232E-015   0.0000000000000000     
   27.500000000000000        1.1756559576795889E-015   0.0000000000000000     
   27.600000000000001       -3.2147305272532786E-015   0.0000000000000000     
   27.700000000000003        2.3442653739429301E-015   0.0000000000000000     
   27.800000000000001       -3.3368098926537146E-015   0.0000000000000000     
   27.900000000000002        2.7365108293696534E-015   0.0000000000000000     
   28.000000000000000       -1.7578350917375349E-017   0.0000000000000000     
   28.100000000000001        1.5504645574532432E-015   0.0000000000000000     
   28.200000000000003       -1.6412916762483051E-015   0.0000000000000000     
   28.300000000000001       -9.9006933698094890E-016   0.0000000000000000     
   28.400000000000002        1.3974719790807813E-015   0.0000000000000000     
   28.500000000000000       -1.4405337890750033E-015   0.0000000000000000     
   28.600000000000001        1.6301015710220710E-015   0.0000000000000000     
   28.700000000000003       -2.2531716423358148E-015   0.0000000000000000     
   28.800000000000001        2.4251122031570908E-015   0.0000000000000000     
   28.900000000000002       -8.1072721925504765E-016   0.0000000000000000     
   29.000000000000000        1.5633768202207934E-015   0.0000000000000000     
   29.100000000000001       -2.9016355142867774E-015   0.0000000000000000     
   29.200000000000003        1.5951973207449165E-015   0.0000000000000000     
   29.300000000000001       -1.1903085880177632E-015   0.0000000000000000     
   29.400000000000002        1.2575755624659278E-016   0.0000000000000000     
   29.500000000000000        2.4999342904865564E-015   0.0000000000000000     
   29.600000000000001       -2.2447748492508329E-015   0.0000000000000000     
   29.700000000000003        1.1885864323520287E-015   0.0000000000000000     
   29.800000000000001       -2.3931218329576886E-015   0.0000000000000000     
   29.900000000000002        2.2853347215672551E-015   0.0000000000000000     
   30.000000000000000       -3.2799975686818661E-016   0.0000000000000000     
   30.100000000000001       -7.6420078666016628E-016   0.0000000000000000     
   30.200000000000003        3.2932809946396294E-015   0.0000000000000000     
   30.300000000000001       -5.2204337475013876E-015   0.0000000000000000     
   30.400000000000002        2.8983736683777343E-015   0.0000000000000000     
   30.500000000000000       -2.7398421311090193E-015   0.0000000000000000     
   30.600000000000001        2.3544239321884960E-015   0.0000000000000000     
   30.700000000000003        2.1708044776915438E-015   0.0000000000000000     
   30.800000000000001       -1.3284481105557751E-015   0.0000000000000000     
   30.900000000000002       -4.8811040987517034E-016   0.0000000000000000     
   31.000000000000000       -1.3544027867284749E-015   0.0000000000000000     
   31.100000000000001       -2.0016714901655268E-016   0.0000000000000000     
   31.200000000000003       -4.8009627334616123E-016   0.0000000000000000     
   31.300000000000001        1.3812240400749746E-015   0.0000000000000000     
   31.400000000000002        1.4553175254459594E-015   0.0000000000000000     
   31.500000000000000        8.7122702786910555E-016   0.0000000000000000     
   31.600000000000001       -2.1984361969929448E-015   0.0000000000000000     
   31.700000000000003        1.6833805148600479E-016   0.0000000000000000     
   31.800000000000001       -2.9281210894142985E-016   0.0000000000000000     
   31.900000000000002       -2.1999228728970163E-015   0.0000000000000000     
   32.000000000000000        2.6211041676556067E-015   0.0000000000000000     
   32.100000000000001       -8.6846240230387505E-016   0.0000000000000000     
   32.200000000000003        1.9527213246220596E-015   0.0000000000000000     
   32.300000000000004       -7.9057394602002735E-016   0.0000000000000000     
   32.399999999999999        7.2544205020293638E-016   0.0000000000000000     
   32.500000000000000       -1.4385440546794840E-015   0.0000000000000000     
   32.600000000000001        1.9741668894377785E-016   0.0000000000000000     
   32.700000000000003       -1.4210115696166774E-015   0.0000000000000000     
   32.800000000000004        9.3709401817077955E-016   0.0000000000000000     
   32.899999999999999        7.4048821510300034E-016   0.0000000000000000     
   33.000000000000000       -2.2377016479291354E-015   0.0000000000000000     
   33.100000000000001        3.7400233940222635E-015   0.0000000000000000     
   33.200000000000003       -1.0552384876157330E-016   0.0000000000000000     
   33.300000000000004        7.8397568885284435E-016   0.0000000000000000     
   33.399999999999999       -3.6025324121317555E-015   0.0000000000000000     
   33.500000000000000       -2.5003479692204426E-015   0.0000000000000000     
   33.600000000000001        3.4411519650631621E-015   0.0000000000000000     
   33.700000000000003        1.5955716135242934E-016   0.0000000000000000     
   33.800000000000004        1.6957197900764466E-015   0.0000000000000000     
   33.899999999999999       -5.1821441759581908E-016   0.0000000000000000     
   34.000000000000000       -1.7829896971744910E-015   0.0000000000000000     
   34.100000000000001        2.1510892254639715E-015   0.0000000000000000     
   34.200000000000003       -2.9009699761970245E-015   0.0000000000000000     
   34.300000000000004        1.2188639464335685E-015   0.0000000000000000     
   34.399999999999999       -1.2583634338729217E-015   0.0000000000000000     
   34.500000000000000        2.1418002930896035E-015   0.0000000000000000     
   34.600000000000001       -1.1285969398613802E-015   0.0000000000000000     
   34.700000000000003        2.6662772745632516E-015   0.0000000000000000     
   34.800000000000004       -2.4121268006870483E-015   0.0000000000000000     
   34.899999999999999       -6.5953527331505516E-016   0.0000000000000000     
   35.000000000000000        2.6476504157052332E-015   0.0000000000000000     
   35.100000000000001       -3.0186405210029388E-015   0.0000000000000000     
   35.200000000000003       -7.4226877517678812E-016   0.0000000000000000     
   35.300000000000004        6.4003574158899909E-016   0.0000000000000000     
   35.399999999999999        1.7501033165627709E-015   0.0000000000000000     
   35.500000000000000        3.7299803315586809E-015   0.0000000000000000     
   35.600000000000001       -3.3127831650279481E-015   0.0000000000000000     
   35.700000000000003       -1.2121941256468840E-015   0.0000000000000000     
   35.800000000000004       -1.2594537822842176E-015   0.0000000000000000     
   35.899999999999999        3.2436678420276624E-016   0.0000000000000000     
   36.000000000000000       -8.7924219218281714E-016   0.0000000000000000     
   36.100000000000001        3.4416080125948758E-015   0.0000000000000000     
   36.200000000000003       -4.1339873170979064E-016   0.0000000000000000     
   36.300000000000004       -9.2806003631076293E-016   0.0000000000000000     
   36.399999999999999        1.7918316812074106E-015   0.0000000000000000     
   36.500000000000000        6.2928254708213109E-016   0.0000000000000000     
   36.600000000000001       -2.9023667018920964E-015   0.0000000000000000     
   36.700000000000003        1.0903768121455626E-016   0.0000000000000000     
   36.800000000000004       -3.1347761408297230E-015   0.0000000000000000     
   36.899999999999999        2.0918297283448783E-015   0.0000000000000000     
   37.000000000000000        1.3410876536569020E-016   0.0000000000000000     
   37.100000000000001        2.7548213814968101E-015   0.0000000000000000     
   37.200000000000003        2.3771656764143297E-015   0.0000000000000000     
   37.300000000000004       -4.4814522898050631E-016   0.0000000000000000     
   37.399999999999999       -3.0611061854838538E-015   0.0000000000000000     
   37.500000000000000       -2.9570774154331619E-015   0.0000000000000000     
   37.600000000000001        2.0661838662928737E-015   0.0000000000000000     
   37.700000000000003       -1.7787468339786907E-015   0.0000000000000000     
   37.800000000000004       -7.0019867729785711E-016   0.0000000000000000     
   37.899999999999999        2.9474802325147449E-015   0.0000000000000000     
   38.000000000000000        2.9651503875272469E-015   0.0000000000000000     
   38.100000000000001        1.3131261355469068E-015   0.0000000000000000     
   38.200000000000003       -2.7892461489073507E-015   0.0000000000000000     
   38.300000000000004       -1.2026650893215684E-015   0.0000000000000000     
   38.400000000000006       -1.1492625677468356E-015   0.0000000000000000     
   38.500000000000000       -2.0516142360705042E-015   0.0000000000000000     
   38.600000000000001        1.3182363133804595E-015   0.0000000000000000     
   38.700000000000003        6.4222093665847744E-016   0.0000000000000000     
   38.800000000000004        2.7507716639294266E-015   0.0000000000000000     
   38.900000000000006       -2.0359375939521716E-015   0.0000000000000000     
   39.000000000000000        2.2278167494613577E-015   0.0000000000000000     
   39.100000000000001        1.4927544053734941E-015   0.0000000000000000     
   39.200000000000003       -2.5153909314307218E-015   0.0000000000000000     
   39.300000000000004       -2.0161828449303825E-015   0.0000000000000000     
   39.400000000000006       -1.4836162891927163E-015   0.0000000000000000     
   39.500000000000000        9.2172629307401618E-016   0.0000000000000000     
   39.600000000000001        2.5251486384414586E-016   0.0000000000000000     
   39.700000000000003        2.0937233477492791E-015   0.0000000000000000     
   39.800000000000004        2.6035799243345248E-015   0.0000000000000000     
   39.900000000000006       -6.1866045944721114E-016   0.0000000000000000     
   40.000000000000000       -2.6780851187626975E-015   0.0000000000000000     
   40.100000000000001       -2.5348179195956563E-015   0.0000000000000000     
   40.200000000000003        1.1135716447151086E-015   0.0000000000000000     
   40.300000000000004        1.5806291735146151E-015   0.0000000000000000     
   40.400000000000006        1.1716178184919779E-015   0.0000000000000000     
   40.500000000000000        1.3318669092002257E-016   0.0000000000000000     
   40.600000000000001       -6.9319366816701213E-016   0.0000000000000000     
   40.700000000000003       -1.9080013555098866E-015   0.0000000000000000     
   40.800000000000004        3.0955620182387214E-016   0.0000000000000000     
   40.900000000000006       -7.7741347027066371E-016   0.0000000000000000     
   41.000000000000000        2.9323051510583320E-015   0.0000000000000000     
   41.100000000000001        1.8489051702603101E-016   0.0000000000000000     
   41.200000000000003       -7.9750019603216790E-016   0.0000000000000000     
   41.300000000000004       -1.7003182937500630E-016   0.0000000000000000     
   41.400000000000006       -7.8954019765283733E-016   0.0000000000000000     
   41.500000000000000       -1.3690119811873315E-015   0.0000000000000000     
   41.600000000000001        1.9107079985255320E-015   0.0000000000000000     
   41.700000000000003        5.3319378191380456E-016   0.0000000000000000     
   41.800000000000004        2.6697547981444732E-016   0.0000000000000000     
   41.900000000000006       -2.4133126298252047E-015   0.0000000000000000     
   42.000000000000000        6.1089230632540254E-017   0.0000000000000000     
   42.100000000000001        3.4012735780508654E-015   0.0000000000000000     
   42.200000000000003       -2.5086901871380707E-015   0.0000000000000000     
   42.300000000000004        9.8932390068595534E-016   0.0000000000000000     
   42.400000000000006       -2.9516036038670857E-016   0.0000000000000000     
   42.500000000000000       -3.7370642015355654E-017   0.0000000000000000     
   42.600000000000001       -5.0165264618138443E-017   0.0000000000000000     
   42.700000000000003        1.2551015998280501E-015   0.0000000000000000     
   42.800000000000004       -3.2462199370551938E-015   0.0000000000000000     
   42.900000000000006       -1.1280119265155261E-015   0.0000000000000000     
   43.000000000000000        2.7258185639530377E-015   0.0000000000000000     
   43.100000000000001        2.7332943759264058E-015   0.0000000000000000     
   43.200000000000003       -6.0412288497621320E-016   0.0000000000000000     
   43.300000000000004       -5.1166427945958525E-016   0.0000000000000000     
   43.400000000000006       -2.2336641875228408E-015   0.0000000000000000     
   43.500000000000000       -1.4998860732481224E-016   0.0000000000000000     
   43.600000000000001       -6.3028615029123200E-016   0.0000000000000000     
   43.700000000000003        2.1864298440816058E-016   0.0000000000000000     
   43.800000000000004        4.2637270962102516E-015   0.0000000000000000     
   43.900000000000006       -2.5528438646864451E-015   0.0000000000000000     
   44.000000000000000       -7.0948607805800425E-016   0.0000000000000000     
   44.100000000000001        4.9545233477306618E-016   0.0000000000000000     
   44.200000000000003       -4.0410505134714208E-016   0.0000000000000000     
   44.300000000000004        6.2662501481375023E-016   0.0000000000000000     
   44.400000000000006       -4.7061616030234657E-016   0.0000000000000000     
   44.500000000000000        3.5255537027893106E-016   0.0000000000000000     
   44.600000000000001        6.9690678223759869E-017   0.0000000000000000     
   44.700000000000003        2.0222563530907043E-016   0.0000000000000000     
   44.800000000000004       -1.2068815890575078E-015   0.0000000000000000     
   44.900000000000006        1.2472609635931917E-015   0.0000000000000000     
   45.000000000000000        1.1798339573926295E-016   0.0000000000000000     
   45.100000000000001       -2.4735312780977640E-015   0.0000000000000000     
   45.200000000000003        2.5176515587589497E-015   0.0000000000000000     
   45.300000000000004       -7.5741140106430368E-017   0.0000000000000000     
   45.400000000000006       -9.8565260468167064E-016   0.0000000000000000     
   45.500000000000000        1.1834993985775668E-015   0.0000000000000000     
   45.600000000000001       -7.1110581068332433E-016   0.0000000000000000     
   45.700000000000003       -1.3215825632147494E-015   0.0000000000000000     
   45.800000000000004        1.1536134428853469E-015   0.0000000000000000     
   45.900000000000006        1.0687030988177937E-015   0.0000000000000000     
   46.000000000000000        2.0606183291575714E-016   0.0000000000000000     
   46.100000000000001        9.0795825700697050E-017   0.0000000000000000     
   46.200000000000003       -2.4261410673005170E-015   0.0000000000000000     
   46.300000000000004       -9.7339244486061832E-016   0.0000000000000000     
   46.400000000000006        1.8701538980972177E-015   0.0000000000000000     
   46.500000000000000        1.7172114626561354E-015   0.0000000000000000     
   46.600000000000001       -1.7205438940436884E-015   0.0000000000000000     
   46.700000000000003       -1.4267804196208886E-015   0.0000000000000000     
   46.800000000000004        2.6396161390194668E-015   0.0000000000000000     
   46.900000000000006        1.5373393136958236E-015   0.0000000000000000     
   47.000000000000000       -2.3431181610357227E-015   0.0000000000000000     
   47.100000000000001       -1.1045265415117092E-015   0.0000000000000000     
   47.200000000000003        1.0477027060065547E-015   0.0000000000000000     
   47.300000000000004       -9.4225908765808538E-016   0.0000000000000000     
   47.400000000000006        7.4298150264103918E-016   0.0000000000000000     
   47.500000000000000        1.4622573441426375E-015   0.0000000000000000     
   47.600000000000001       -1.2449348244836430E-015   0.0000000000000000     
   47.700000000000003       -2.0125902577097533E-016   0.0000000000000000     
   47.800000000000004        6.2771464235375074E-017   0.0000000000000000     
   47.900000000000006       -9.5558304424700730E-016   0.0000000000000000     
   48.000000000000000        8.8571271752616250E-017   0.0000000000000000     
   48.100000000000001       -7.2502396898832146E-016   0.0000000000000000     
   48.200000000000003        1.3099122605712122E-015   0.0000000000000000     
   48.300000000000004        3.0273743436703341E-015   0.0000000000000000     
   48.400000000000006       -7.2176599855039376E-016   0.0000000000000000     
   48.500000000000000        9.3800634292078442E-018   0.0000000000000000     
   48.600000000000001       -8.8072366114859861E-016   0.0000000000000000     
   48.700000000000003       -1.1215073188648850E-015   0.0000000000000000     
   48.800000000000004       -1.0390452948713731E-015   0.0000000000000000     
   48.900000000000006       -4.3321234965934612E-015   0.0000000000000000     
   49.000000000000000        1.6480996283647008E-015   0.0000000000000000     
   49.100000000000001        4.4037602702754564E-015   0.0000000000000000     
   49.200000000000003        1.4520336923664813E-015   0.0000000000000000     
   49.300000000000004        1.6357637967477425E-015   0.0000000000000000     
   49.400000000000006        4.4783383942700752E-017   0.0000000000000000     
   49.500000000000000       -2.8457018336266694E-015   0.0000000000000000     
   49.600000000000001       -4.1243871726147225E-015   0.0000000000000000     
   49.700000000000003       -1.3671010173886307E-015   0.0000000000000000     
   49.800000000000004        2.7003026764851790E-015   0.0000000000000000     
   49.900000000000006        5.0654071924799070E-054   0.0000000000000000     
