   0.0000000000000000        2.5003622771558218E-015   0.0000000000000000     
  0.10000000000000001        1.1447412954312362E-015   0.0000000000000000     
  0.20000000000000001       -2.5948590384604392E-015   0.0000000000000000     
  0.30000000000000004        3.2891228462209539E-015   0.0000000000000000     
  0.40000000000000002       -2.8902443531228193E-015   0.0000000000000000     
  0.50000000000000000        7.7626435363204171E-015   0.0000000000000000     
  0.60000000000000009       -5.8124114149940376E-015   0.0000000000000000     
  0.70000000000000007        1.0903539537672117E-014   0.0000000000000000     
  0.80000000000000004       -1.3016220618655213E-014   0.0000000000000000     
  0.90000000000000002        1.3203934501758402E-014   0.0000000000000000     
   1.0000000000000000       -1.9524668050606071E-014   0.0000000000000000     
   1.1000000000000001        2.6434719028937516E-014   0.0000000000000000     
   1.2000000000000002       -3.2855764040013452E-014   0.0000000000000000     
   1.3000000000000000        4.2830316899646333E-014   0.0000000000000000     
   1.4000000000000001       -5.2969334111943616E-014   0.0000000000000000     
   1.5000000000000000        6.9625374949957853E-014   0.0000000000000000     
   1.6000000000000001       -8.9851838562531815E-014   0.0000000000000000     
   1.7000000000000002        1.1288292413535661E-013   0.0000000000000000     
   1.8000000000000000       -1.4645111537952046E-013   0.0000000000000000     
   1.9000000000000001        1.8726544667598831E-013   0.0000000000000000     
   2.0000000000000000       -2.3923609921834564E-013   0.0000000000000000     
   2.1000000000000001        3.0752262569329457E-013   0.0000000000000000     
   2.2000000000000002       -3.9053838698597677E-013   0.0000000000000000     
   2.3000000000000003        4.9928671409023929E-013   0.0000000000000000     
   2.4000000000000004       -6.4023537564125103E-013   0.0000000000000000     
   2.5000000000000000        8.1660512571927353E-013   0.0000000000000000     
   2.6000000000000001       -1.0410028221619848E-012   0.0000000000000000     
   2.7000000000000002        1.3253995894561581E-012   0.0000000000000000     
   2.8000000000000003       -1.6891893436496397E-012   0.0000000000000000     
   2.9000000000000004        2.1528719276317109E-012   0.0000000000000000     
   3.0000000000000000       -2.7379352195349526E-012   0.0000000000000000     
   3.1000000000000001        3.4806045867857026E-012   0.0000000000000000     
   3.2000000000000002       -4.4228732395810773E-012   0.0000000000000000     
   3.3000000000000003        5.6168068355724442E-012   0.0000000000000000     
   3.4000000000000004       -7.1274507397500188E-012   0.0000000000000000     
   3.5000000000000000        9.0340035833460005E-012   0.0000000000000000     
   3.6000000000000001       -1.1444791006467290E-011   0.0000000000000000     
   3.7000000000000002        1.4491260190098942E-011   0.0000000000000000     
   3.8000000000000003       -1.8333649178479894E-011   0.0000000000000000     
   3.9000000000000004        2.3173192893774584E-011   0.0000000000000000     
   4.0000000000000000       -2.9264404811388714E-011   0.0000000000000000     
   4.1000000000000005        3.6931004276990204E-011   0.0000000000000000     
   4.2000000000000002       -4.6567711624831850E-011   0.0000000000000000     
   4.2999999999999998        5.8669435925806513E-011   0.0000000000000000     
   4.4000000000000004       -7.3855248058542623E-011   0.0000000000000000     
   4.5000000000000000        9.2882532956540462E-011   0.0000000000000000     
   4.6000000000000005       -1.1671229201034116E-010   0.0000000000000000     
   4.7000000000000002        1.4653189545227971E-010   0.0000000000000000     
   4.8000000000000007       -1.8379519052679851E-010   0.0000000000000000     
   4.9000000000000004        2.3032600627720299E-010   0.0000000000000000     
   5.0000000000000000       -2.8836855769168871E-010   0.0000000000000000     
   5.1000000000000005        3.6069190685233980E-010   0.0000000000000000     
   5.2000000000000002       -4.5073158506022437E-010   0.0000000000000000     
   5.3000000000000007        5.6269694881549338E-010   0.0000000000000000     
   5.4000000000000004       -7.0178534433009099E-010   0.0000000000000000     
   5.5000000000000000        8.7439548028772798E-010   0.0000000000000000     
   5.6000000000000005       -1.0883580952416888E-009   0.0000000000000000     
   5.7000000000000002        1.3533058503424475E-009   0.0000000000000000     
   5.8000000000000007       -1.6810344220013480E-009   0.0000000000000000     
   5.9000000000000004        2.0859566192053300E-009   0.0000000000000000     
   6.0000000000000000       -2.5857090280463749E-009   0.0000000000000000     
   6.1000000000000005        3.2018004415158239E-009   0.0000000000000000     
   6.2000000000000002       -3.9604472831461717E-009   0.0000000000000000     
   6.3000000000000007        4.8935739637265276E-009   0.0000000000000000     
   6.4000000000000004       -6.0399652643391109E-009   0.0000000000000000     
   6.5000000000000000        7.4467168915116135E-009   0.0000000000000000     
   6.6000000000000005       -9.1709265616912488E-009   0.0000000000000000     
   6.7000000000000002        1.1281708676662779E-008   0.0000000000000000     
   6.8000000000000007       -1.3862635955256708E-008   0.0000000000000000     
   6.9000000000000004        1.7014597048953992E-008   0.0000000000000000     
   7.0000000000000000       -2.0859224897709324E-008   0.0000000000000000     
   7.1000000000000005        2.5542959914343134E-008   0.0000000000000000     
   7.2000000000000002       -3.1241841252344146E-008   0.0000000000000000     
   7.3000000000000007        3.8167204055286071E-008   0.0000000000000000     
   7.4000000000000004       -4.6572369982994954E-008   0.0000000000000000     
   7.5000000000000000        5.6760546686258559E-008   0.0000000000000000     
   7.6000000000000005       -6.9094125281325873E-008   0.0000000000000000     
   7.7000000000000002        8.4005557369986227E-008   0.0000000000000000     
   7.8000000000000007       -1.0201014263949500E-007   0.0000000000000000     
   7.9000000000000004        1.2372095895701113E-007   0.0000000000000000     
   8.0000000000000000       -1.4986628438724716E-007   0.0000000000000000     
   8.0999999999999996        1.8130991375900291E-007   0.0000000000000000     
   8.2000000000000011       -2.1907473901331816E-007   0.0000000000000000     
   8.3000000000000007        2.6437015959055643E-007   0.0000000000000000     
   8.4000000000000004       -3.1862381078963956E-007   0.0000000000000000     
   8.5000000000000000        3.8351818140140415E-007   0.0000000000000000     
   8.5999999999999996       -4.6103291381198195E-007   0.0000000000000000     
   8.7000000000000011        5.5349343930999796E-007   0.0000000000000000     
   8.8000000000000007       -6.6362682036647598E-007   0.0000000000000000     
   8.9000000000000004        7.9462577870175240E-007   0.0000000000000000     
   9.0000000000000000       -9.5022183356882363E-007   0.0000000000000000     
   9.0999999999999996        1.1347687699231192E-006   0.0000000000000000     
   9.2000000000000011       -1.3533376186014456E-006   0.0000000000000000     
   9.3000000000000007        1.6118244430865979E-006   0.0000000000000000     
   9.4000000000000004       -1.9170724745431338E-006   0.0000000000000000     
   9.5000000000000000        2.2770100492802433E-006   0.0000000000000000     
   9.6000000000000014       -2.7008060408210777E-006   0.0000000000000000     
   9.7000000000000011        3.1990445885356409E-006   0.0000000000000000     
   9.8000000000000007       -3.7839209162978968E-006   0.0000000000000000     
   9.9000000000000004        4.4694602678221811E-006   0.0000000000000000     
   10.000000000000000       -5.2717619278100851E-006   0.0000000000000000     
   10.100000000000001        6.2092704468253224E-006   0.0000000000000000     
   10.200000000000001       -7.3030762375213019E-006   0.0000000000000000     
   10.300000000000001        8.5772475758234398E-006   0.0000000000000000     
   10.400000000000000       -1.0059196242406526E-005   0.0000000000000000     
   10.500000000000000        1.1780078813340009E-005   0.0000000000000000     
   10.600000000000001       -1.3775235490608522E-005   0.0000000000000000     
   10.700000000000001        1.6084668367307894E-005   0.0000000000000000     
   10.800000000000001       -1.8753560580980502E-005   0.0000000000000000     
   10.900000000000000        2.1832837670612047E-005   0.0000000000000000     
   11.000000000000000       -2.5379772037525535E-005   0.0000000000000000     
   11.100000000000001        2.9458630823039223E-005   0.0000000000000000     
   11.200000000000001       -3.4141367158381772E-005   0.0000000000000000     
   11.300000000000001        3.9508353906063121E-005   0.0000000000000000     
   11.400000000000000       -4.5649158255188511E-005   0.0000000000000000     
   11.500000000000000        5.2663354673502082E-005   0.0000000000000000     
   11.600000000000001       -6.0661372570865930E-005   0.0000000000000000     
   11.700000000000001        6.9765373981938700E-005   0.0000000000000000     
   11.800000000000001       -8.0110155094390608E-005   0.0000000000000000     
   11.900000000000000        9.1844064070059679E-005   0.0000000000000000     
   12.000000000000000       -1.0512992606065628E-004   0.0000000000000000     
   12.100000000000001        1.2014596435446053E-004   0.0000000000000000     
   12.200000000000001       -1.3708670496179884E-004   0.0000000000000000     
   12.300000000000001        1.5616384982284937E-004   0.0000000000000000     
   12.400000000000000       -1.7760710166632389E-004   0.0000000000000000     
   12.500000000000000        2.0166492154542534E-004   0.0000000000000000     
   12.600000000000001       -2.2860519762718097E-004   0.0000000000000000     
   12.700000000000001        2.5871580175183286E-004   0.0000000000000000     
   12.800000000000001       -2.9230500796588612E-004   0.0000000000000000     
   12.900000000000000        3.2970174490283278E-004   0.0000000000000000     
   13.000000000000000       -3.7125565215525186E-004   0.0000000000000000     
   13.100000000000001        4.1733690862681060E-004   0.0000000000000000     
   13.200000000000001       -4.6833579920976511E-004   0.0000000000000000     
   13.300000000000001        5.2466198502694407E-004   0.0000000000000000     
   13.400000000000000       -5.8674344123237857E-004   0.0000000000000000     
   13.500000000000000        6.5502502602525958E-004   0.0000000000000000     
   13.600000000000001       -7.2996664463330341E-004   0.0000000000000000     
   13.700000000000001        8.1204097253304638E-004   0.0000000000000000     
   13.800000000000001       -9.0173070374292732E-004   0.0000000000000000     
   13.900000000000000        9.9952529220355868E-004   0.0000000000000000     
   14.000000000000000       -1.1059171572616502E-003   0.0000000000000000     
   14.100000000000001        1.2213973284252700E-003   0.0000000000000000     
   14.200000000000001       -1.3464505096396899E-003   0.0000000000000000     
   14.300000000000001        1.4815495493805894E-003   0.0000000000000000     
   14.400000000000000       -1.6271493102214228E-003   0.0000000000000000     
   14.500000000000000        1.7836799399678375E-003   0.0000000000000000     
   14.600000000000001       -1.9515395558581418E-003   0.0000000000000000     
   14.700000000000001        2.1310863641232627E-003   0.0000000000000000     
   14.800000000000001       -2.3226302488608009E-003   0.0000000000000000     
   14.900000000000000        2.5264238768335353E-003   0.0000000000000000     
   15.000000000000000       -2.7426533785168475E-003   0.0000000000000000     
   15.100000000000001        2.9714286798052355E-003   0.0000000000000000     
   15.200000000000001       -3.2127735737450609E-003   0.0000000000000000     
   15.300000000000001        3.4666156368587078E-003   0.0000000000000000     
   15.400000000000000       -3.7327761096326737E-003   0.0000000000000000     
   15.500000000000000        4.0109598759599675E-003   0.0000000000000000     
   15.600000000000001       -4.3007456906805682E-003   0.0000000000000000     
   15.700000000000001        4.6015768178486027E-003   0.0000000000000000     
   15.800000000000001       -4.9127522548184765E-003   0.0000000000000000     
   15.900000000000000        5.2334187277121502E-003   0.0000000000000000     
   16.000000000000000       -5.5625636525174042E-003   0.0000000000000000     
   16.100000000000001        5.8990092621593309E-003   0.0000000000000000     
   16.199999999999999       -6.2414081029880863E-003   0.0000000000000000     
   16.300000000000001        6.5882401042935360E-003   0.0000000000000000     
   16.400000000000002       -6.9378114206990133E-003   0.0000000000000000     
   16.500000000000000        7.2882552395892317E-003   0.0000000000000000     
   16.600000000000001       -7.6375347341117120E-003   0.0000000000000000     
   16.699999999999999        7.9834483259100617E-003   0.0000000000000000     
   16.800000000000001       -8.3236374008575521E-003   0.0000000000000000     
   16.900000000000002        8.6555965957948143E-003   0.0000000000000000     
   17.000000000000000       -8.9766867441009018E-003   0.0000000000000000     
   17.100000000000001        9.2841505334465557E-003   0.0000000000000000     
   17.199999999999999       -9.5751308906137627E-003   0.0000000000000000     
   17.300000000000001        9.8466920656063682E-003   0.0000000000000000     
   17.400000000000002       -1.0095843341613696E-002   0.0000000000000000     
   17.500000000000000        1.0319565249086948E-002   0.0000000000000000     
   17.600000000000001       -1.0514838111527603E-002   0.0000000000000000     
   17.699999999999999        1.0678672699245394E-002   0.0000000000000000     
   17.800000000000001       -1.0808142715658425E-002   0.0000000000000000     
   17.900000000000002        1.0900418789689887E-002   0.0000000000000000     
   18.000000000000000       -1.0952803599053859E-002   0.0000000000000000     
   18.100000000000001        1.0962767703304309E-002   0.0000000000000000     
   18.199999999999999       -1.0927985623927848E-002   0.0000000000000000     
   18.300000000000001        1.0846371672636914E-002   0.0000000000000000     
   18.400000000000002       -1.0716114999318559E-002   0.0000000000000000     
   18.500000000000000        1.0535713309159409E-002   0.0000000000000000     
   18.600000000000001       -1.0304004685090452E-002   0.0000000000000000     
   18.699999999999999        1.0020196947790739E-002   0.0000000000000000     
   18.800000000000001       -9.6838939917672836E-003   0.0000000000000000     
   18.900000000000002        9.2951185531640508E-003   0.0000000000000000     
   19.000000000000000       -8.8543308930542283E-003   0.0000000000000000     
   19.100000000000001        8.3624429191239431E-003   0.0000000000000000     
   19.200000000000003       -7.8208273192127056E-003   0.0000000000000000     
   19.300000000000001        7.2313213410224479E-003   0.0000000000000000     
   19.400000000000002       -6.5962249231315663E-003   0.0000000000000000     
   19.500000000000000        5.9182929626713770E-003   0.0000000000000000     
   19.600000000000001       -5.2007215926739318E-003   0.0000000000000000     
   19.700000000000003        4.4471284364388866E-003   0.0000000000000000     
   19.800000000000001       -3.6615269054375505E-003   0.0000000000000000     
   19.900000000000002        2.8482947091575681E-003   0.0000000000000000     
   20.000000000000000       -2.0121368484838620E-003   0.0000000000000000     
   20.100000000000001        1.1580434659953906E-003   0.0000000000000000     
   20.200000000000003       -2.9124302512159952E-004   0.0000000000000000     
   20.300000000000001       -5.8284861664298891E-004   0.0000000000000000     
   20.400000000000002        1.4586825899859607E-003   0.0000000000000000     
   20.500000000000000       -2.3306341251296599E-003   0.0000000000000000     
   20.600000000000001        3.1930616017281110E-003   0.0000000000000000     
   20.700000000000003       -4.0403666959965496E-003   0.0000000000000000     
   20.800000000000001        4.8670547474644350E-003   0.0000000000000000     
   20.900000000000002       -5.6677944476278691E-003   0.0000000000000000     
   21.000000000000000        6.4374759493223107E-003   0.0000000000000000     
   21.100000000000001       -7.1712665091635723E-003   0.0000000000000000     
   21.200000000000003        7.8646628064456461E-003   0.0000000000000000     
   21.300000000000001       -8.5135391296935602E-003   0.0000000000000000     
   21.400000000000002        9.1141906859924827E-003   0.0000000000000000     
   21.500000000000000       -9.6633713672838167E-003   0.0000000000000000     
   21.600000000000001        1.0158325400310995E-002   0.0000000000000000     
   21.700000000000003       -1.0596812411196402E-002   0.0000000000000000     
   21.800000000000001        1.0977125549362476E-002   0.0000000000000000     
   21.900000000000002       -1.1298102436434240E-002   0.0000000000000000     
   22.000000000000000        1.1559128831408054E-002   0.0000000000000000     
   22.100000000000001       -1.1760135030644584E-002   0.0000000000000000     
   22.200000000000003        1.1901585147886660E-002   0.0000000000000000     
   22.300000000000001       -1.1984459542493112E-002   0.0000000000000000     
   22.400000000000002        1.2010230780612370E-002   0.0000000000000000     
   22.500000000000000       -1.1980833622110726E-002   0.0000000000000000     
   22.600000000000001        1.1898629622815047E-002   0.0000000000000000     
   22.700000000000003       -1.1766367025441390E-002   0.0000000000000000     
   22.800000000000001        1.1587136681806129E-002   0.0000000000000000     
   22.900000000000002       -1.1364324801771944E-002   0.0000000000000000     
   23.000000000000000        1.1101563360659502E-002   0.0000000000000000     
   23.100000000000001       -1.0802679015569486E-002   0.0000000000000000     
   23.200000000000003        1.0471641382203340E-002   0.0000000000000000     
   23.300000000000001       -1.0112511508120536E-002   0.0000000000000000     
   23.400000000000002        9.7293913461281700E-003   0.0000000000000000     
   23.500000000000000       -9.3263749843117191E-003   0.0000000000000000     
   23.600000000000001        8.9075023283353445E-003   0.0000000000000000     
   23.700000000000003       -8.4767158588343033E-003   0.0000000000000000     
   23.800000000000001        8.0378210043151582E-003   0.0000000000000000     
   23.900000000000002       -7.5944505797058389E-003   0.0000000000000000     
   24.000000000000000        7.1500336453747572E-003   0.0000000000000000     
   24.100000000000001       -6.7077690430988931E-003   0.0000000000000000     
   24.200000000000003        6.2706037664650724E-003   0.0000000000000000     
   24.300000000000001       -5.8412162262012329E-003   0.0000000000000000     
   24.400000000000002        5.4220043773521125E-003   0.0000000000000000     
   24.500000000000000       -5.0150785877336726E-003   0.0000000000000000     
   24.600000000000001        4.6222590470910126E-003   0.0000000000000000     
   24.700000000000003       -4.2450774448799834E-003   0.0000000000000000     
   24.800000000000001        3.8847825836885938E-003   0.0000000000000000     
   24.900000000000002       -3.5423495448455963E-003   0.0000000000000000     
   25.000000000000000        3.2184919836719763E-003   0.0000000000000000     
   25.100000000000001       -2.9136771046389298E-003   0.0000000000000000     
   25.200000000000003        2.6281428503213355E-003   0.0000000000000000     
   25.300000000000001       -2.3619168331347937E-003   0.0000000000000000     
   25.400000000000002        2.1148365441936282E-003   0.0000000000000000     
   25.500000000000000       -1.8865703881059640E-003   0.0000000000000000     
   25.600000000000001        1.6766391159321759E-003   0.0000000000000000     
   25.700000000000003       -1.4844372587125665E-003   0.0000000000000000     
   25.800000000000001        1.3092542001888312E-003   0.0000000000000000     
   25.900000000000002       -1.1502945682766706E-003   0.0000000000000000     
   26.000000000000000        1.0066976686492245E-003   0.0000000000000000     
   26.100000000000001       -8.7755572983463774E-004   0.0000000000000000     
   26.200000000000003        7.6193077558247906E-004   0.0000000000000000     
   26.300000000000001       -6.5886998612045501E-004   0.0000000000000000     
   26.400000000000002        5.6741945436100390E-004   0.0000000000000000     
   26.500000000000000       -4.8663628466795157E-004   0.0000000000000000     
   26.600000000000001        4.1559902037523416E-004   0.0000000000000000     
   26.700000000000003       -3.5341642081843983E-004   0.0000000000000000     
   26.800000000000001        2.9923463885289181E-004   0.0000000000000000     
   26.900000000000002       -2.5224287555029753E-004   0.0000000000000000     
   27.000000000000000        2.1167760966679615E-004   0.0000000000000000     
   27.100000000000001       -1.7682551585693009E-004   0.0000000000000000     
   27.200000000000003        1.4702519719140991E-004   0.0000000000000000     
   27.300000000000001       -1.2166786503453935E-004   0.0000000000000000     
   27.400000000000002        1.0019710281360156E-004   0.0000000000000000     
   27.500000000000000       -8.2107849999779836E-005   0.0000000000000000     
   27.600000000000001        6.6944739633074312E-005   0.0000000000000000     
   27.700000000000003       -5.4299916688907680E-005   0.0000000000000000     
   27.800000000000001        4.3810456751206649E-005   0.0000000000000000     
   27.900000000000002       -3.5155495008659738E-005   0.0000000000000000     
   28.000000000000000        2.8053164619946707E-005   0.0000000000000000     
   28.100000000000001       -2.2257432281175018E-005   0.0000000000000000     
   28.200000000000003        1.7554906956384653E-005   0.0000000000000000     
   28.300000000000001       -1.3761685961864789E-005   0.0000000000000000     
   28.400000000000002        1.0720291336443752E-005   0.0000000000000000     
   28.500000000000000       -8.2967384272552943E-006   0.0000000000000000     
   28.600000000000001        6.3777686808367415E-006   0.0000000000000000     
   28.700000000000003       -4.8682694920579120E-006   0.0000000000000000     
   28.800000000000001        3.6888957480153078E-006   0.0000000000000000     
   28.900000000000002       -2.7739007060616962E-006   0.0000000000000000     
   29.000000000000000        2.0691778090296388E-006   0.0000000000000000     
   29.100000000000001       -1.5305100740648028E-006   0.0000000000000000     
   29.200000000000003        1.1220197313454483E-006   0.0000000000000000     
   29.300000000000001       -8.1480773679988394E-007   0.0000000000000000     
   29.400000000000002        5.8577059802459533E-007   0.0000000000000000     
   29.500000000000000       -4.1658049241968955E-007   0.0000000000000000     
   29.600000000000001        2.9281381898328875E-007   0.0000000000000000     
   29.700000000000003       -2.0321307782057396E-007   0.0000000000000000     
   29.800000000000001        1.3906714163741905E-007   0.0000000000000000     
   29.900000000000002       -9.3695496189763047E-008   0.0000000000000000     
   30.000000000000000        6.2022819016693078E-008   0.0000000000000000     
   30.100000000000001       -4.0231227853626716E-008   0.0000000000000000     
   30.200000000000003        2.5478622173853884E-008   0.0000000000000000     
   30.300000000000001       -1.5672698634723342E-008   0.0000000000000000     
   30.400000000000002        9.2913985119971860E-009   0.0000000000000000     
   30.500000000000000       -5.2416417970140755E-009   0.0000000000000000     
   30.600000000000001        2.7493606622047492E-009   0.0000000000000000     
   30.700000000000003       -1.2748221402694569E-009   0.0000000000000000     
   30.800000000000001        4.4811872066312695E-010   0.0000000000000000     
   30.900000000000002       -2.0674517731346732E-011   0.0000000000000000     
   31.000000000000000       -1.7077727495618219E-010   0.0000000000000000     
   31.100000000000001        2.3059662669678426E-010   0.0000000000000000     
   31.200000000000003       -2.2326846776692016E-010   0.0000000000000000     
   31.300000000000001        1.8692516721610745E-010   0.0000000000000000     
   31.400000000000002       -1.4275441877700084E-010   0.0000000000000000     
   31.500000000000000        1.0143769292882308E-010   0.0000000000000000     
   31.600000000000001       -6.7439533411572047E-011   0.0000000000000000     
   31.700000000000003        4.1762206741103953E-011   0.0000000000000000     
   31.800000000000001       -2.3678473764173021E-011   0.0000000000000000     
   31.900000000000002        1.1767967351867077E-011   0.0000000000000000     
   32.000000000000000       -4.4845169675961505E-012   0.0000000000000000     
   32.100000000000001        4.3330042450224894E-013   0.0000000000000000     
   32.200000000000003        1.5035794981704914E-012   0.0000000000000000     
   32.300000000000004       -2.1623691741241100E-012   0.0000000000000000     
   32.399999999999999        2.1245758883846578E-012   0.0000000000000000     
   32.500000000000000       -1.7633239608077695E-012   0.0000000000000000     
   32.600000000000001        1.3126281793253698E-012   0.0000000000000000     
   32.700000000000003       -8.8816142563671333E-013   0.0000000000000000     
   32.800000000000004        5.4271358091063296E-013   0.0000000000000000     
   32.899999999999999       -2.9355596742498839E-013   0.0000000000000000     
   33.000000000000000        1.2358394125816714E-013   0.0000000000000000     
   33.100000000000001       -2.5172250493071978E-014   0.0000000000000000     
   33.200000000000003       -2.2482187204508545E-014   0.0000000000000000     
   33.300000000000004        4.8113396623437004E-014   0.0000000000000000     
   33.399999999999999       -4.9764272156181303E-014   0.0000000000000000     
   33.500000000000000        3.8923003204864806E-014   0.0000000000000000     
   33.600000000000001       -3.0868448838740940E-014   0.0000000000000000     
   33.700000000000003        2.1012453134541550E-014   0.0000000000000000     
   33.800000000000004       -1.4275233118946760E-014   0.0000000000000000     
   33.899999999999999        5.8266459844627913E-015   0.0000000000000000     
   34.000000000000000        1.2965234897411614E-017   0.0000000000000000     
   34.100000000000001        1.1662851223047920E-015   0.0000000000000000     
   34.200000000000003        3.7929955952222891E-015   0.0000000000000000     
   34.300000000000004       -3.4633916093608789E-015   0.0000000000000000     
   34.399999999999999        3.2345172985129124E-015   0.0000000000000000     
   34.500000000000000       -6.1358458940845037E-015   0.0000000000000000     
   34.600000000000001        3.6732885303725052E-016   0.0000000000000000     
   34.700000000000003       -6.0850469861197485E-016   0.0000000000000000     
   34.800000000000004        2.2513562290008633E-015   0.0000000000000000     
   34.899999999999999        1.0213626985955063E-015   0.0000000000000000     
   35.000000000000000       -9.2895974712156514E-016   0.0000000000000000     
   35.100000000000001        1.9699297953570093E-016   0.0000000000000000     
   35.200000000000003       -1.4698561976310752E-015   0.0000000000000000     
   35.300000000000004        1.4647134020231149E-015   0.0000000000000000     
   35.399999999999999        5.3145104341696067E-016   0.0000000000000000     
   35.500000000000000        9.6143444665588522E-016   0.0000000000000000     
   35.600000000000001        1.4326984405243151E-016   0.0000000000000000     
   35.700000000000003       -3.5212123484727013E-016   0.0000000000000000     
   35.800000000000004       -3.1548900423088845E-015   0.0000000000000000     
   35.899999999999999        7.3391652932984426E-016   0.0000000000000000     
   36.000000000000000       -3.0819702503501156E-015   0.0000000000000000     
   36.100000000000001        2.8846388223953959E-015   0.0000000000000000     
   36.200000000000003       -3.2172715060028195E-016   0.0000000000000000     
   36.300000000000004        6.4838113853735798E-015   0.0000000000000000     
   36.399999999999999       -3.1818680206511606E-015   0.0000000000000000     
   36.500000000000000        2.2595544113080235E-015   0.0000000000000000     
   36.600000000000001       -5.2877864267159158E-015   0.0000000000000000     
   36.700000000000003        2.8811907992470288E-015   0.0000000000000000     
   36.800000000000004       -5.6016898181991202E-015   0.0000000000000000     
   36.899999999999999        3.5764445197164331E-015   0.0000000000000000     
   37.000000000000000       -4.3561356375233016E-015   0.0000000000000000     
   37.100000000000001        6.0104219320136243E-015   0.0000000000000000     
   37.200000000000003       -2.4265456435348715E-015   0.0000000000000000     
   37.300000000000004        3.2765681414987421E-015   0.0000000000000000     
   37.399999999999999       -2.8458690419949539E-015   0.0000000000000000     
   37.500000000000000        3.7197813551448061E-015   0.0000000000000000     
   37.600000000000001       -1.8723540022831648E-015   0.0000000000000000     
   37.700000000000003       -1.0587859642866196E-015   0.0000000000000000     
   37.800000000000004       -1.8636802704888475E-015   0.0000000000000000     
   37.899999999999999        3.1750755889311975E-015   0.0000000000000000     
   38.000000000000000       -2.5415999054064300E-015   0.0000000000000000     
   38.100000000000001        2.1313404791149781E-015   0.0000000000000000     
   38.200000000000003       -5.0266638300331012E-016   0.0000000000000000     
   38.300000000000004        2.3248954811199750E-015   0.0000000000000000     
   38.400000000000006       -4.3260680175061126E-015   0.0000000000000000     
   38.500000000000000       -4.5223559911794113E-016   0.0000000000000000     
   38.600000000000001       -4.0148551953928656E-016   0.0000000000000000     
   38.700000000000003        9.7170015757859674E-016   0.0000000000000000     
   38.800000000000004        1.9110722762690375E-015   0.0000000000000000     
   38.900000000000006       -1.1345892223702425E-015   0.0000000000000000     
   39.000000000000000        3.7946515161071994E-015   0.0000000000000000     
   39.100000000000001       -1.7727281352904849E-015   0.0000000000000000     
   39.200000000000003       -2.2270211126228218E-016   0.0000000000000000     
   39.300000000000004       -4.9478911067330799E-015   0.0000000000000000     
   39.400000000000006        4.1337968342258955E-015   0.0000000000000000     
   39.500000000000000       -6.0630775142791495E-016   0.0000000000000000     
   39.600000000000001        2.0856263857908999E-015   0.0000000000000000     
   39.700000000000003       -8.2130303159754983E-016   0.0000000000000000     
   39.800000000000004        2.4422710822109294E-015   0.0000000000000000     
   39.900000000000006       -2.4227735758655680E-015   0.0000000000000000     
   40.000000000000000       -2.9647355401465015E-015   0.0000000000000000     
   40.100000000000001       -1.2407067800157159E-015   0.0000000000000000     
   40.200000000000003        6.5225579855812382E-016   0.0000000000000000     
   40.300000000000004        1.8956137761385043E-015   0.0000000000000000     
   40.400000000000006       -2.6588269097969178E-016   0.0000000000000000     
   40.500000000000000        3.0664107567873016E-015   0.0000000000000000     
   40.600000000000001       -2.6457533072127599E-016   0.0000000000000000     
   40.700000000000003        9.5503064797465400E-016   0.0000000000000000     
   40.800000000000004       -3.8080481703074234E-015   0.0000000000000000     
   40.900000000000006        4.3295626711968988E-016   0.0000000000000000     
   41.000000000000000       -1.4515188950952727E-015   0.0000000000000000     
   41.100000000000001        7.6323763363319286E-016   0.0000000000000000     
   41.200000000000003       -1.2636004793571651E-015   0.0000000000000000     
   41.300000000000004        2.7938081873472145E-015   0.0000000000000000     
   41.400000000000006        2.1947524645485467E-015   0.0000000000000000     
   41.500000000000000        1.1213722429620627E-016   0.0000000000000000     
   41.600000000000001        3.2746111123286347E-016   0.0000000000000000     
   41.700000000000003       -3.4234109634355263E-015   0.0000000000000000     
   41.800000000000004        3.2912039663793028E-016   0.0000000000000000     
   41.900000000000006       -1.7773003883849598E-015   0.0000000000000000     
   42.000000000000000        2.1471120149344752E-015   0.0000000000000000     
   42.100000000000001       -2.9957592951622432E-015   0.0000000000000000     
   42.200000000000003        2.8197283167583174E-015   0.0000000000000000     
   42.300000000000004       -2.8065593875172647E-015   0.0000000000000000     
   42.400000000000006        2.4864191471899864E-015   0.0000000000000000     
   42.500000000000000        7.9984163284523679E-016   0.0000000000000000     
   42.600000000000001       -1.0191921729739406E-015   0.0000000000000000     
   42.700000000000003       -2.1835801591719176E-015   0.0000000000000000     
   42.800000000000004        9.9551259674639960E-016   0.0000000000000000     
   42.900000000000006        5.7103035427046781E-015   0.0000000000000000     
   43.000000000000000       -1.1593940530738203E-015   0.0000000000000000     
   43.100000000000001        4.8984224002749415E-016   0.0000000000000000     
   43.200000000000003       -7.9932710245502383E-016   0.0000000000000000     
   43.300000000000004       -5.0555622775775031E-016   0.0000000000000000     
   43.400000000000006       -1.6774478501966749E-015   0.0000000000000000     
   43.500000000000000       -1.4424639880065671E-015   0.0000000000000000     
   43.600000000000001        5.3124828484952381E-016   0.0000000000000000     
   43.700000000000003       -1.2378441814139160E-016   0.0000000000000000     
   43.800000000000004        3.2269699032533151E-016   0.0000000000000000     
   43.900000000000006       -1.5486627286986169E-015   0.0000000000000000     
   44.000000000000000        5.3482077843069942E-015   0.0000000000000000     
   44.100000000000001        3.3211121051120742E-016   0.0000000000000000     
   44.200000000000003        9.9411689053423676E-016   0.0000000000000000     
   44.300000000000004       -3.9627790645209187E-015   0.0000000000000000     
   44.400000000000006       -6.9225924369742988E-016   0.0000000000000000     
   44.500000000000000       -1.4055701005617130E-015   0.0000000000000000     
   44.600000000000001       -3.8564599244997971E-015   0.0000000000000000     
   44.700000000000003        2.0871797353383021E-016   0.0000000000000000     
   44.800000000000004        4.8305061077027063E-016   0.0000000000000000     
   44.900000000000006        3.5300158479400689E-015   0.0000000000000000     
   45.000000000000000       -2.3214073880469662E-015   0.0000000000000000     
   45.100000000000001        3.9773921068909645E-016   0.0000000000000000     
   45.200000000000003        4.0648930343294788E-017   0.0000000000000000     
   45.300000000000004        6.3685913220751729E-017   0.0000000000000000     
   45.400000000000006        8.9167265510917664E-016   0.0000000000000000     
   45.500000000000000       -2.7443530297558830E-015   0.0000000000000000     
   45.600000000000001        3.6282770185893372E-015   0.0000000000000000     
   45.700000000000003        1.7799964735846329E-016   0.0000000000000000     
   45.800000000000004        3.1497437214292112E-015   0.0000000000000000     
   45.900000000000006       -7.7420812534991301E-016   0.0000000000000000     
   46.000000000000000       -1.5960395209064650E-015   0.0000000000000000     
   46.100000000000001       -3.5429284881098806E-015   0.0000000000000000     
   46.200000000000003       -4.3574368963836366E-015   0.0000000000000000     
   46.300000000000004        3.7421187521178111E-015   0.0000000000000000     
   46.400000000000006        1.9548272943802128E-015   0.0000000000000000     
   46.500000000000000        4.2199091177757756E-015   0.0000000000000000     
   46.600000000000001        1.3686473215915434E-015   0.0000000000000000     
   46.700000000000003        1.7499657193880509E-015   0.0000000000000000     
   46.800000000000004       -4.5733842246439952E-015   0.0000000000000000     
   46.900000000000006        1.0619700787240127E-015   0.0000000000000000     
   47.000000000000000       -2.6552082123996817E-015   0.0000000000000000     
   47.100000000000001       -1.2696921313688556E-016   0.0000000000000000     
   47.200000000000003       -2.5458540766369162E-015   0.0000000000000000     
   47.300000000000004       -1.0778845650377459E-015   0.0000000000000000     
   47.400000000000006        3.4120098923260392E-015   0.0000000000000000     
   47.500000000000000        2.0126303015571709E-015   0.0000000000000000     
   47.600000000000001        1.2034022676511489E-015   0.0000000000000000     
   47.700000000000003       -2.9823764198596589E-015   0.0000000000000000     
   47.800000000000004        5.9419326969011532E-016   0.0000000000000000     
   47.900000000000006        3.6225037942327390E-015   0.0000000000000000     
   48.000000000000000       -1.7653218360583468E-015   0.0000000000000000     
   48.100000000000001        2.9957358509299499E-015   0.0000000000000000     
   48.200000000000003       -2.7664477607649212E-015   0.0000000000000000     
   48.300000000000004        1.0746096159537182E-015   0.0000000000000000     
   48.400000000000006       -3.7144939621876511E-015   0.0000000000000000     
   48.500000000000000       -2.5730875842904131E-015   0.0000000000000000     
   48.600000000000001        4.7519618993353266E-016   0.0000000000000000     
   48.700000000000003        1.3023660903821891E-015   0.0000000000000000     
   48.800000000000004        2.7772053565468762E-015   0.0000000000000000     
   48.900000000000006        1.4029227573407000E-015   0.0000000000000000     
   49.000000000000000        2.4076196080966643E-015   0.0000000000000000     
   49.100000000000001        1.2165290541848008E-015   0.0000000000000000     
   49.200000000000003       -2.0505045973832975E-015   0.0000000000000000     
   49.300000000000004        6.5009074144852212E-016   0.0000000000000000     
   49.400000000000006       -2.0495308823505174E-015   0.0000000000000000     
   49.500000000000000       -2.5399952256397763E-016   0.0000000000000000     
   49.600000000000001       -7.0395210690582449E-016   0.0000000000000000     
   49.700000000000003        3.2928704855049279E-015   0.0000000000000000     
   49.800000000000004        3.2533409108002129E-016   0.0000000000000000     
   49.900000000000006        5.0654071924799070E-054   0.0000000000000000     
