   0.0000000000000000        4.8695458958928080E-005   0.0000000000000000     
  0.10000000000000001        5.5649863135431044E-005  -1.6313511652865427E-008
  0.20000000000000001        6.6143364555606223E-005   4.4445494280772606E-008
  0.30000000000000004        7.0425123823398343E-005  -6.2664912701998934E-008
  0.40000000000000002        9.2675050777058708E-005   2.9390282231131016E-008
  0.50000000000000000        1.0489715431814462E-004  -5.1864255930519749E-008
  0.60000000000000009        1.3727867554224702E-004   1.1182860516775686E-008
  0.70000000000000007        1.6209867279040686E-004  -4.2626982741493915E-008
  0.80000000000000004        2.0391253909314078E-004  -4.4544442797580027E-009
  0.90000000000000002        2.4503481892859902E-004  -4.0847985510949327E-008
   1.0000000000000000        3.0216514817422969E-004  -1.9591894295559468E-008
   1.1000000000000001        3.6483262220725354E-004  -4.5691343332844623E-008
   1.2000000000000002        4.4480048925248404E-004  -3.6340444104778752E-008
   1.3000000000000000        5.3663785604212083E-004  -5.7124172093221830E-008
   1.4000000000000001        6.4923470811216900E-004  -5.6755955075704573E-008
   1.5000000000000000        7.8082295361290481E-004  -7.5846744066016903E-008
   1.6000000000000001        9.3888121983481975E-004  -8.3018436856610973E-008
   1.7000000000000002        1.1244884286432753E-003  -1.0323844620067350E-007
   1.8000000000000000        1.3447774601947724E-003  -1.1758558341673374E-007
   1.9000000000000001        1.6032516132306349E-003  -1.4134543360901151E-007
   2.0000000000000000        1.9075095903252918E-003  -1.6332486217629269E-007
   2.1000000000000001        2.2633309222960972E-003  -1.9289608559925789E-007
   2.2000000000000002        2.6794332461453859E-003  -2.2362640370710440E-007
   2.3000000000000003        3.1639139954471457E-003  -2.6133101920976450E-007
   2.4000000000000004        3.7271651196573679E-003  -3.0249554315087477E-007
   2.5000000000000000        4.3797708386557749E-003  -3.5083490042874898E-007
   2.6000000000000001        5.1342893490918251E-003  -4.0462089343419824E-007
   2.7000000000000002        6.0040382988321254E-003  -4.6635720920712294E-007
   2.8000000000000003        7.0041843895681799E-003  -5.3541124313893861E-007
   2.9000000000000004        8.1510602568295489E-003  -6.1360893774402978E-007
   3.0000000000000000        9.4628310775535397E-003  -7.0099258998945492E-007
   3.1000000000000001        1.0959120152347585E-002  -7.9902211589231952E-007
   3.2000000000000002        1.2661412871602058E-002  -9.0815537441492105E-007
   3.3000000000000003        1.4592851322296230E-002  -1.0296593911192904E-006
   3.4000000000000004        1.6778467833843923E-002  -1.1642416423466665E-006
   3.5000000000000000        1.9245059859010941E-002  -1.3130618699406382E-006
   3.6000000000000001        2.2021303172821957E-002  -1.4769625614104233E-006
   3.7000000000000002        2.5137649255864935E-002  -1.6570252388065152E-006
   3.8000000000000003        2.8626342666259991E-002  -1.8541385000108336E-006
   3.9000000000000004        3.2521302093584371E-002  -2.0692968978801692E-006
   4.0000000000000000        3.6858051552138942E-002  -2.3033567116255991E-006
   4.1000000000000005        4.1673558280208980E-002  -2.5571904165363542E-006
   4.2000000000000002        4.7006079556758416E-002  -2.8315453965508808E-006
   4.2999999999999998        5.2894938953208182E-002  -3.1271178872226209E-006
   4.4000000000000004        5.9380287524288977E-002  -3.4444672862917570E-006
   4.5000000000000000        6.6502806619143123E-002  -3.7840454472131922E-006
   4.6000000000000005        7.4303382571652990E-002  -4.1461405867711037E-006
   4.7000000000000002        8.2822730565807010E-002  -4.5308820339351147E-006
   4.8000000000000007        9.2100984867680855E-002  -4.9381997814797065E-006
   4.9000000000000004       0.10217724476691740       -5.3678160233667143E-006
   5.0000000000000000       0.11308908720295335       -5.8192131383977058E-006
   5.1000000000000005       0.12487204280340593       -6.2916185373126346E-006
   5.2000000000000002       0.13755904388941900       -6.7839776120660223E-006
   5.3000000000000007       0.15117984601775697       -7.2949358195141734E-006
   5.4000000000000004       0.16576043121771047       -7.8228152109790140E-006
   5.5000000000000000       0.18132239788658033       -8.3655963247461782E-006
   5.6000000000000005       0.19788234607030381       -8.9208980923906277E-006
   5.7000000000000002       0.21545126554863761       -9.4859614629788157E-006
   5.8000000000000007       0.23403393632048905       -1.0057633209399923E-005
   5.9000000000000004       0.25362835061274047       -1.0632352984074412E-005
   6.0000000000000000       0.27422516673386149       -1.1206142082908211E-005
   6.1000000000000005       0.29580720486604056       -1.1774595700148775E-005
   6.2000000000000002       0.31834899539047279       -1.2332878209995212E-005
   6.3000000000000007       0.34181639002300607       -1.2875722688369557E-005
   6.4000000000000004       0.36616624596415071       -1.3397434840835403E-005
   6.5000000000000000       0.39134619267592091       -1.3891902365652098E-005
   6.6000000000000005       0.41729449031009586       -1.4352610341002667E-005
   6.7000000000000002       0.44393998786122846       -1.4772663688114637E-005
   6.8000000000000007       0.47120218806324593       -1.5144817623511338E-005
   6.9000000000000004       0.49899142472459151       -1.5461517270228980E-005
   7.0000000000000000       0.52720915674036894       -1.5714947588396847E-005
   7.1000000000000005       0.55574838136798266       -1.5897094907527984E-005
   7.2000000000000002       0.58449416758683315       -1.5999821341096525E-005
   7.3000000000000007       0.61332430847329389       -1.6014953343177004E-005
   7.4000000000000004       0.64211008956779780       -1.5934385559118165E-005
   7.5000000000000000       0.67071716821021232       -1.5750200891001466E-005
   7.6000000000000005       0.69900655682102653       -1.5454807358667088E-005
   7.7000000000000002       0.72683570114277518       -1.5041091788361075E-005
   7.8000000000000007       0.75405964257189539       -1.4502589657798923E-005
   7.9000000000000004       0.78053225194563414       -1.3833669454941631E-005
   8.0000000000000000       0.80610752054047141       -1.3029728751927546E-005
   8.0999999999999996       0.83064089262841057       -1.2087397778507689E-005
   8.2000000000000011       0.85399062275794579       -1.1004744725640622E-005
   8.3000000000000007       0.87601914001370718       -9.7814753297729921E-006
   8.4000000000000004       0.89659440088690501       -8.4191176724493401E-006
   8.5000000000000000       0.91559121208436778       -6.9211817031345090E-006
   8.5999999999999996       0.93289250462974405       -5.2932820178987334E-006
   8.7000000000000011       0.94839054097973408       -3.5432121130779300E-006
   8.8000000000000007       0.96198803758885976       -1.6809589472174475E-006
   8.9000000000000004       0.97359918640478538        2.8135164312777385E-007
   9.0000000000000000       0.98315056014489788        2.3295852082800115E-006
   9.0999999999999996       0.99058188787189949        4.4478071094803552E-006
   9.2000000000000011       0.99584668931888864        6.6185666116582832E-006
   9.3000000000000007       0.99891275857420303        8.8232487138831272E-006
   9.4000000000000004       0.99976249007887397        1.1042480437523346E-005
   9.5000000000000000       0.99839304236411330        1.3256573700471198E-005
   9.6000000000000014       0.99481633751172549        1.5445983671639798E-005
   9.7000000000000011       0.98905889690084814        1.7591760098288013E-005
   9.8000000000000007       0.98116151635781712        1.9675969716864083E-005
   9.9000000000000004       0.97117878629871446        2.1682070433178726E-005
   10.000000000000000       0.95917846479830271        2.3595222089953880E-005
   10.100000000000001       0.94524071368935991        2.5402523800811205E-005
   10.200000000000001       0.92945720975333912        2.7093173322942044E-005
   10.300000000000001       0.91193014477359979        2.8658549186624043E-005
   10.400000000000000       0.89277112965760796        3.0092220759717499E-005
   10.500000000000000       0.87210001897500999        3.1389894821450221E-005
   10.600000000000001       0.85004367308846074        3.2549309389294155E-005
   10.700000000000001       0.82673467556775859        3.3570086561045189E-005
   10.800000000000001       0.80231002377295491        3.4453556131210443E-005
   10.900000000000000       0.77690981037546525        3.5202560972221772E-005
   11.000000000000000       0.75067591316897087        3.5821253865682533E-005
   11.100000000000001       0.72375070982225209        3.6314893878877640E-005
   11.200000000000001       0.69627583326668130        3.6689648688898753E-005
   11.300000000000001       0.66839098221949500        3.6952407623286946E-005
   11.400000000000000       0.64023279995166671        3.7110608698046667E-005
   11.500000000000000       0.61193383285042968        3.7172081661741763E-005
   11.600000000000001       0.58362157863775732        3.7144908007977572E-005
   11.700000000000001       0.55541763232553565        3.7037298104623050E-005
   11.800000000000001       0.52743693615296550        3.6857484983479520E-005
   11.900000000000000       0.49978713790031520        3.6613633909231771E-005
   12.000000000000000       0.47256806014069896        3.6313766577017809E-005
   12.100000000000001       0.44587128121233305        3.5965698632315104E-005
   12.200000000000001       0.41977982699831712        3.5576989148535886E-005
   12.300000000000001       0.39436797101706189        3.5154900698069923E-005
   12.400000000000000       0.36970113887737899        3.4706368706701736E-005
   12.500000000000000       0.34583591185746160        3.4237978855566228E-005
   12.600000000000001       0.32282012324112580        3.3755951393634607E-005
   12.700000000000001       0.30069304009857634        3.3266131323106337E-005
   12.800000000000001       0.27948562243814506        3.2773983523366915E-005
   12.900000000000000       0.25922085108195791        3.2284591978141750E-005
   13.000000000000000       0.23991411522972153        3.1802662360399023E-005
   13.100000000000001       0.22157365046498498        3.1332527315648182E-005
   13.200000000000001       0.20420101791793352        3.0878153857139511E-005
   13.300000000000001       0.18779161541569397        3.0443152356324117E-005
   13.400000000000000       0.17233521171132965        3.0030786669459848E-005
   13.500000000000000       0.15781649526921959        2.9643984997693301E-005
   13.600000000000001       0.14421562958053649        2.9285351124042326E-005
   13.700000000000001       0.13150880756894542        2.8957175718759480E-005
   13.800000000000001       0.11966879830544010        2.8661447443874702E-005
   13.900000000000000       0.10866547996360737        2.8399863631947702E-005
   14.000000000000000        9.8466353694192196E-002   2.8173840351817585E-005
   14.100000000000001        8.9037033864639389E-002   2.7984521717024839E-005
   14.200000000000001        8.0341710878046743E-002   2.7832788332561841E-005
   14.300000000000001        7.2343583543564363E-002   2.7719264819083546E-005
   14.400000000000000        6.5005258702833524E-002   2.7644326396378050E-005
   14.500000000000000        5.8289116514662814E-002   2.7608104552102409E-005
   14.600000000000001        5.2157640452316106E-002   2.7610491866069763E-005
   14.700000000000001        4.6573711668570376E-002   2.7651146102605278E-005
   14.800000000000001        4.1500867926316042E-002   2.7729493726085635E-005
   14.900000000000000        3.6903527774210909E-002   2.7844733030962244E-005
   15.000000000000000        3.2747181064747562E-002   2.7995837113167774E-005
   15.100000000000001        2.8998547266218908E-002   2.8181556934633689E-005
   15.200000000000001        2.5625703310664157E-002   2.8400424755224119E-005
   15.300000000000001        2.2598182949143161E-002   2.8650758214680113E-005
   15.400000000000000        1.9887049756727480E-002   2.8930665350747865E-005
   15.500000000000000        1.7464946045691685E-002   2.9238050827736412E-005
   15.600000000000001        1.5306120011620437E-002   2.9570623630478414E-005
   15.700000000000001        1.3386433457944632E-002   2.9925906444650756E-005
   15.800000000000001        1.1683352425039295E-002   3.0301246902846774E-005
   15.900000000000000        1.0175922996168025E-002   3.0693830820755508E-005
   16.000000000000000        8.8447344690226280E-003   3.1100697488585908E-005
   16.100000000000001        7.6718719743573442E-003   3.1518757012552509E-005
   16.199999999999999        6.6408604965474301E-003   3.1944809632631057E-005
   16.300000000000001        5.7366021103015278E-003   3.2375566866943320E-005
   16.400000000000002        4.9453080971599691E-003   3.2807674266006472E-005
   16.500000000000000        4.2544274490273126E-003   3.3237735491198483E-005
   16.600000000000001        3.6525731073322920E-003   3.3662337377957810E-005
   16.699999999999999        3.1294471287327706E-003   3.4078075594177051E-005
   16.800000000000001        2.6757658140711790E-003   3.4481580474556792E-005
   16.900000000000002        2.2831856888467319E-003   3.4869542589442093E-005
   17.000000000000000        1.9442310827291755E-003   3.5238737607418168E-005
   17.100000000000001        1.6522239235698248E-003   3.5586050020900685E-005
   17.199999999999999        1.4012162396736911E-003   3.5908495335391792E-005
   17.300000000000001        1.1859257523804433E-003   3.6203240363469463E-005
   17.400000000000002        1.0016748409412172E-003   3.6467621320590648E-005
   17.500000000000000        8.4433307204145327E-004   3.6699159482617815E-005
   17.600000000000001        7.1026340796371081E-004   3.6895574235358515E-005
   17.699999999999999        5.9627213934490770E-004   3.7054793418862038E-005
   17.800000000000001        4.9956253070897324E-004   3.7174960941521125E-005
   17.900000000000002        4.1769211849617430E-004   3.7254441707803363E-005
   18.000000000000000        3.4853356162835802E-004   3.7291823965684988E-005
   18.100000000000001        2.9023891319238370E-004   3.7285919233610881E-005
   18.199999999999999        2.4120715735960455E-004   3.7235760010898459E-005
   18.300000000000001        2.0005483785790214E-004   3.7140595507714348E-005
   18.400000000000002        1.6558959204854948E-004   3.6999885653022589E-005
   18.500000000000000        1.3678639757428454E-004   3.6813293648727975E-005
   18.600000000000001        1.1276633524127187E-004   3.6580677340567192E-005
   18.699999999999999        9.2777672554046725E-005   3.6302079666809783E-005
   18.800000000000001        7.6179075516791635E-005   3.5977718433738097E-005
   18.900000000000002        6.2424762109578120E-005   3.5607975644534231E-005
   19.000000000000000        5.1051418455106974E-005   3.5193386587676151E-005
   19.100000000000001        4.1666707455916607E-005   3.4734628863350320E-005
   19.200000000000003        3.3939209687782825E-005   3.4232511502826830E-005
   19.300000000000001        2.7589646739967708E-005   3.3687964308548510E-005
   19.400000000000002        2.2383248084578341E-005   3.3102027520532141E-005
   19.500000000000000        1.8123133320155448E-005   3.2475841891025789E-005
   19.600000000000001        1.4644592576328744E-005   3.1810639230744430E-005
   19.700000000000003        1.1810158248690562E-005   3.1107733471404603E-005
   19.800000000000001        9.5053713370561915E-006   3.0368512274860824E-005
   19.900000000000002        7.6351553198195997E-006   2.9594429205094163E-005
   20.000000000000000        6.1207194218168063E-006   2.8786996469318265E-005
   20.100000000000001        4.8969217136456915E-006   2.7947778223841924E-005
   20.200000000000003        3.9100301010607760E-006   2.7078384434412920E-005
   20.300000000000001        3.1158265889044442E-006   2.6180465272577349E-005
   20.400000000000002        2.4780066509558572E-006   2.5255706027003471E-005
   20.500000000000000        1.9668315257289153E-006   2.4305822502527281E-005
   20.600000000000001        1.5579965635247931E-006   2.3332556879424159E-005
   20.700000000000003        1.2316835594523132E-006   2.2337674000841751E-005
   20.800000000000001        9.7176931415711193E-007   2.1322958057623351E-005
   20.900000000000002        7.6516642947228236E-007   2.0290209636479021E-005
   21.000000000000000        6.0127566195308103E-007   1.9241243099691874E-005
   21.100000000000001        4.7153216654863130E-007   1.8177884261920281E-005
   21.200000000000003        3.6903055129547019E-007   1.7101968332607516E-005
   21.300000000000001        2.8821576649589524E-007   1.6015338090378927E-005
   21.400000000000002        2.2462900665579132E-007   1.4919842258510087E-005
   21.500000000000000        1.7469930760372008E-007   1.3817334049305338E-005
   21.600000000000001        1.3557309432815633E-007   1.2709669847298956E-005
   21.700000000000003        1.0497508982337691E-007   1.1598708000453945E-005
   21.800000000000001        8.1095095416166080E-008   1.0486307690208484E-005
   21.900000000000002        6.2496102786589145E-008   9.3743278505102478E-006
   22.000000000000000        4.8039837270623675E-008   8.2646261077069460E-006
   22.100000000000001        3.6826626881491369E-008   7.1590577118770351E-006
   22.200000000000003        2.8146934357156917E-008   6.0594744322855244E-006
   22.300000000000001        2.1442381580755971E-008   4.9677233878390168E-006
   22.400000000000002        1.6274505363763126E-008   3.8856457855367555E-006
   22.500000000000000        1.2299741818424685E-008   2.8150755380840815E-006
   22.600000000000001        9.2494678262849304E-009   1.7578377336987265E-006
   22.700000000000003        6.9140993016683382E-009   7.1574692954500150E-007
   22.800000000000001        5.1304832903564113E-009  -3.0939475806576649E-007
   22.900000000000002        3.7718474595280709E-009  -1.3157997947478948E-006
   23.000000000000000        2.7399415991313194E-009  -2.3016976270568837E-006
   23.100000000000001        1.9587397859029640E-009  -3.2653373659955337E-006
   23.200000000000003        1.3695620012543298E-009  -4.2049907811479876E-006
   23.300000000000001        9.2720864294908716E-010  -5.1189556293937487E-006
   23.400000000000002        5.9691909010553483E-010  -6.0055593422989161E-006
   23.500000000000000        3.5204075787803976E-010  -6.8631630926313218E-006
   23.600000000000001        1.7215273529161945E-010  -7.6901662595341985E-006
   23.700000000000003        4.1661690930867458E-011  -8.4850113077150852E-006
   23.800000000000001       -5.1330968005107829E-011  -9.2461890928635386E-006
   23.900000000000002       -1.1588922016320496E-010  -9.9722446007452763E-006
   24.000000000000000       -1.5888966936965367E-010  -1.0661783121920588E-005
   24.100000000000001       -1.8556616931262060E-010  -1.1313476857713874E-005
   24.200000000000003       -1.9987847789293517E-010  -1.1926071945812405E-005
   24.300000000000001       -2.0482824836546729E-010  -1.2498395884854283E-005
   24.400000000000002       -2.0269322517291427E-010  -1.3029365328676699E-005
   24.500000000000000       -1.9519116754271988E-010  -1.3517994209143490E-005
   24.600000000000001       -1.8364047609996324E-010  -1.3963402135790804E-005
   24.700000000000003       -1.6903142391593883E-010  -1.4364823006949329E-005
   24.800000000000001       -1.5212957144417824E-010  -1.4721613753893896E-005
   24.900000000000002       -1.3353052473791588E-010  -1.5033263125211669E-005
   25.000000000000000       -1.1368648835628191E-010  -1.5299400403632288E-005
   25.100000000000001       -9.2968031905559372E-011  -1.5519803932987813E-005
   25.200000000000003       -7.1666122534851695E-011  -1.5694409318280522E-005
   25.300000000000001       -5.0024695463811519E-011  -1.5823317147663858E-005
   25.400000000000002       -2.8244745551914279E-011  -1.5906800073051254E-005
   25.500000000000000       -6.5037578490516347E-012  -1.5945309074346277E-005
   25.600000000000001        1.5039090686897368E-011  -1.5939478724881525E-005
   25.700000000000003        3.6250938141496323E-011  -1.5890131269218618E-005
   25.800000000000001        5.6994858826289669E-011  -1.5798279324079451E-005
   25.900000000000002        7.7153743278704661E-011  -1.5665127015259367E-005
   26.000000000000000        9.6615446314304948E-011  -1.5492069372095067E-005
   26.100000000000001        1.1527136316146273E-010  -1.5280689814620599E-005
   26.200000000000003        1.3302384577077913E-010  -1.5032755588547504E-005
   26.300000000000001        1.4977726710678476E-010  -1.4750211029529242E-005
   26.400000000000002        1.6544643970726907E-010  -1.4435168571081691E-005
   26.500000000000000        1.7995339766757193E-010  -1.4089897449414734E-005
   26.600000000000001        1.9322532695768062E-010  -1.3716810103701735E-005
   26.700000000000003        2.0520251464098189E-010  -1.3318446319969759E-005
   26.800000000000001        2.1583381549365222E-010  -1.2897455221176125E-005
   26.900000000000002        2.2507834269965317E-010  -1.2456575262419630E-005
   27.000000000000000        2.3290738485943762E-010  -1.1998612448038831E-005
   27.100000000000001        2.3930404551205940E-010  -1.1526417043776189E-005
   27.200000000000003        2.4426518867142924E-010  -1.1042859110863237E-005
   27.300000000000001        2.4779901147232782E-010  -1.0550803236832037E-005
   27.400000000000002        2.4992751356839508E-010  -1.0053082878650159E-005
   27.500000000000000        2.5068514578080698E-010  -9.5524747643632949E-006
   27.600000000000001        2.5011837076997527E-010  -9.0516738189399556E-006
   27.700000000000003        2.4828913073803249E-010  -8.5532690857424349E-006
   27.800000000000001        2.4526163833982106E-010  -8.0597211070943422E-006
   27.900000000000002        2.4111860873722737E-010  -7.5733412041935893E-006
   28.000000000000000        2.3595067823557994E-010  -7.0962730589470909E-006
   28.100000000000001        2.2984770468072392E-010  -6.6304769489039274E-006
   28.200000000000003        2.2291227102361020E-010  -6.1777169222794738E-006
   28.300000000000001        2.1525371559313134E-010  -5.7395511261185160E-006
   28.400000000000002        2.0697371946268282E-010  -5.3173254189115527E-006
   28.500000000000000        1.9818129680129255E-010  -4.9121703130412144E-006
   28.600000000000001        1.8898812479905532E-010  -4.5250012053402454E-006
   28.700000000000003        1.7949212072178255E-010  -4.1565217700303635E-006
   28.800000000000001        1.6979903694073636E-010  -3.8072303096491321E-006
   28.900000000000002        1.6000344388913504E-010  -3.4774287905053682E-006
   29.000000000000000        1.5019117734424308E-010  -3.1672342317926569E-006
   29.100000000000001        1.4045051735329326E-010  -2.8765920733318087E-006
   29.200000000000003        1.3085142493689481E-010  -2.6052911183467876E-006
   29.300000000000001        1.2146013354960339E-010  -2.3529796338308104E-006
   29.400000000000002        1.1233692607340859E-010  -2.1191821923919854E-006
   29.500000000000000        1.0352864607275825E-010  -1.9033168548013842E-006
   29.600000000000001        9.5076387074033800E-011  -1.7047123194733915E-006
   29.700000000000003        8.7011145138333602E-011  -1.5226247023814086E-006
   29.800000000000001        7.9359442270274595E-011  -1.3562536552511827E-006
   29.900000000000002        7.2137143778426595E-011  -1.2047575789468962E-006
   30.000000000000000        6.5352986407605542E-011  -1.0672677402252458E-006
   30.100000000000001        5.9013150527828118E-011  -9.4290115071089807E-007
   30.200000000000003        5.3115759323483080E-011  -8.3077211564974279E-007
   30.300000000000001        4.7654539397885715E-011  -7.3000240435566430E-007
   30.400000000000002        4.2617846235120539E-011  -6.3973003377052691E-007
   30.500000000000000        3.7994757851281879E-011  -5.5911669008226855E-007
   30.600000000000001        3.3768602556270804E-011  -4.8735384080772558E-007
   30.700000000000003        2.9918077936976444E-011  -4.2366761127876325E-007
   30.800000000000001        2.6426291557351011E-011  -3.6732251512000297E-007
   30.900000000000002        2.3272086494904852E-011  -3.1762413912282098E-007
   31.000000000000000        2.0431773674291456E-011  -2.7392088910253826E-007
   31.100000000000001        1.7884008025488602E-011  -2.3560490578212277E-007
   31.200000000000003        1.5608135317842765E-011  -2.0211225924019725E-007
   31.300000000000001        1.3581978753915073E-011  -1.7292252740605491E-007
   31.400000000000002        1.1783054088773932E-011  -1.4755785924151910E-007
   31.500000000000000        1.0192660655630543E-011  -1.2558161695840071E-007
   31.600000000000001        8.7921113111743669E-012  -1.0659668442114350E-007
   31.700000000000003        7.5616494709187190E-012  -9.0243521029819987E-008
   31.800000000000001        6.4837981897607117E-012  -7.6198032145935917E-008
   31.900000000000002        5.5442481623491741E-012  -6.4169318856149919E-008
   32.000000000000000        4.7280921153463433E-012  -5.3897361652524400E-008
   32.100000000000001        4.0191221324071156E-012  -4.5150684706347892E-008
   32.200000000000003        3.4067946304261418E-012  -3.7724039851201696E-008
   32.300000000000004        2.8809945165240499E-012  -3.1436142388387486E-008
   32.399999999999999        2.4284073060665129E-012  -2.6127484428026271E-008
   32.500000000000000        2.0405430451971824E-012  -2.1658245580872957E-008
   32.600000000000001        1.7108848023980328E-012  -1.7906315687157490E-008
   32.700000000000003        1.4304373271596118E-012  -1.4765439740181239E-008
   32.800000000000004        1.1917811042030760E-012  -1.2143491192624114E-008
   32.899999999999999        9.9035688327809969E-013  -9.9608765208247907E-009
   33.000000000000000        8.2132795723028115E-013  -8.1490711466717174E-009
   33.100000000000001        6.7899011071250973E-013  -6.6492845314430585E-009
   33.200000000000003        5.5897154655774481E-013  -5.4112504341772252E-009
   33.300000000000004        4.5956471668511486E-013  -4.3921369340879306E-009
   33.399999999999999        3.7743982875048264E-013  -3.5555697752691446E-009
   33.500000000000000        3.0767437482722340E-013  -2.8707618996922788E-009
   33.600000000000001        2.5070616877665992E-013  -2.3117415518979012E-009
   33.700000000000003        2.0458264455632556E-013  -1.8566711597826059E-009
   33.800000000000004        1.6511040070057792E-013  -1.4872492229197867E-009
   33.899999999999999        1.3368344603171672E-013  -1.1881874702645087E-009
   34.000000000000000        1.0784112250320550E-013  -9.4675591258958272E-010
   34.100000000000001        8.6322533769980873E-014  -7.5238873540776693E-010
   34.200000000000003        7.0023943636542635E-014  -5.9634430636821358E-010
   34.300000000000004        5.5057160692600306E-014  -4.7141317285860787E-010
   34.399999999999999        4.3877895353133406E-014  -3.7166827341508688E-010
   34.500000000000000        3.6212360327365622E-014  -2.9225211311267536E-010
   34.600000000000001        2.7247464461034982E-014  -2.2919622883023972E-010
   34.700000000000003        2.1509060342219315E-014  -1.7926856468673526E-010
   34.800000000000004        1.8454977101114840E-014  -1.3984497355895771E-010
   34.899999999999999        1.3360704090366791E-014  -1.0880148565934984E-010
   35.000000000000000        9.9686320329421523E-015  -8.4424253408636616E-011
   35.100000000000001        9.0529467726540920E-015  -6.5334595971083936E-011
   35.200000000000003        6.8504801096210549E-015  -5.0426858460937319E-011
   35.300000000000004        4.3199218663115821E-015  -3.8817045673596077E-011
   35.399999999999999        3.9649474961808375E-015  -2.9800529861596753E-011
   35.500000000000000        3.7809597928049463E-015  -2.2817363865473577E-011
   35.600000000000001        1.9792436629191612E-015  -1.7423927813806574E-011
   35.700000000000003        1.2591458076806783E-015  -1.3269817467684300E-011
   35.800000000000004        1.9723511705923225E-015  -1.0079085293790796E-011
   35.899999999999999        1.3679292474162104E-015  -7.6350796703087482E-012
   36.000000000000000        8.0724679521529573E-017  -5.7682142112304443E-012
   36.100000000000001        5.7578175022005851E-016  -4.3461378992895301E-012
   36.200000000000003        1.3209501823518926E-015  -3.2658685596308906E-012
   36.300000000000004       -9.1343371847473629E-017  -2.4475205421007850E-012
   36.399999999999999       -4.0795907275402016E-016  -1.8293060724809194E-012
   36.500000000000000        1.1258933362911638E-015  -1.3635672746864689E-012
   36.600000000000001        1.7715042456642970E-016  -1.0136667949312828E-012
   36.700000000000003       -7.6607228775991135E-016  -7.5152518712960149E-013
   36.800000000000004        6.7291729871415188E-016  -5.5567122372804239E-013
   36.899999999999999        3.5057833574475123E-016  -4.0974739545923626E-013
   37.000000000000000       -5.7510239382874043E-016  -3.0133110848238763E-013
   37.100000000000001        2.6958470159568755E-016  -2.2100226729813224E-013
   37.200000000000003        2.1682960497246031E-016  -1.6164806301289521E-013
   37.300000000000004       -2.4846990533704155E-016  -1.1791574401394242E-013
   37.399999999999999        1.8183187427329613E-016  -8.5780554453954050E-014
   37.500000000000000       -2.3687829278207493E-017  -6.2232142415202242E-014
   37.600000000000001       -1.8467614571905232E-016  -4.5026333995266401E-014
   37.700000000000003        3.2970334918521594E-016  -3.2489226294261497E-014
   37.800000000000004       -3.8658137047840927E-017  -2.3379521496266888E-014
   37.899999999999999       -4.3180437335231716E-016  -1.6779964056730720E-014
   38.000000000000000        4.0802671752505491E-016  -1.2009855559167210E-014
   38.100000000000001        2.6538176516030330E-016  -8.5695402139539247E-015
   38.200000000000003       -7.1811440240759662E-016  -6.0988243250792695E-015
   38.300000000000004        2.3119573536246588E-016  -4.3303763197567514E-015
   38.400000000000006        6.5980919476656877E-016  -3.0649185548938106E-015
   38.500000000000000       -7.6817243607646103E-016  -2.1644788123899005E-015
   38.600000000000001       -9.2594434789660674E-017  -1.5256949982011720E-015
   38.700000000000003        8.3473773877182674E-016  -1.0689461876038057E-015
   38.800000000000004       -5.5824351655098301E-016  -7.4715626136375747E-016
   38.900000000000006       -3.0327745950209987E-016  -5.2360755494199081E-016
   39.000000000000000        6.8560881022270720E-016  -3.6408923914883314E-016
   39.100000000000001       -2.8316655455271888E-016  -2.5264104586880778E-016
   39.200000000000003       -2.6042737223099710E-016  -1.7630599632368790E-016
   39.300000000000004        3.5812463130544903E-016  -1.2077678447075068E-016
   39.400000000000006       -1.2460497320062951E-016  -8.2639350141945022E-017
   39.500000000000000       -4.0782275858732501E-017  -5.7196950596527253E-017
   39.600000000000001        6.2958378041983027E-017  -3.8712711772653596E-017
   39.700000000000003       -1.1091641000843672E-016  -2.7104683546993962E-017
   39.800000000000004        1.7707703436056281E-016  -1.8808253097417757E-017
   39.900000000000006       -8.7426548181553417E-017  -1.2126282305922576E-017
   40.000000000000000       -1.4167399741158788E-016  -8.5066282825855078E-018
   40.100000000000001        2.6182973138497278E-016  -5.3254340877772198E-018
   40.200000000000003       -1.3361440949267770E-016  -3.3432018667244867E-018
   40.300000000000004       -1.0310889010109666E-016  -3.2923521830155715E-018
   40.400000000000006        2.3185815711479180E-016  -1.7993673356808334E-018
   40.500000000000000       -1.7867879620040340E-016  -6.9803754336670522E-019
   40.600000000000001        7.2897121325386832E-018  -9.4454445551866278E-019
   40.700000000000003        1.7891462387701601E-016  -2.4728573098656145E-019
   40.800000000000004       -2.6640185631433034E-016  -6.3104157876377781E-019
   40.900000000000006        1.3869929425199972E-016  -1.0097694632081917E-018
   41.000000000000000        1.8775752598150707E-016   7.3989294311308198E-019
   41.100000000000001       -4.1072305036636178E-016   6.5279692060377958E-019
   41.200000000000003        1.8657208209628654E-016  -6.5401329359397456E-019
   41.300000000000004        3.2669452891410492E-016  -1.6138282110365058E-019
   41.400000000000006       -5.0169159274935773E-016  -5.6172483527488646E-019
   41.500000000000000        5.7578827003854135E-017  -8.1317995312113747E-019
   41.600000000000001        4.8585174742459493E-016   1.3596365672041390E-018
   41.700000000000003       -4.4398243651591838E-016   1.3752999979587222E-018
   41.800000000000004       -1.6019586423051049E-016  -1.0849213256243732E-018
   41.900000000000006        5.8502874106902613E-016  -1.0189838624157310E-018
   42.000000000000000       -2.5749040147829979E-016   4.0857615932193015E-020
   42.100000000000001       -4.2384986335954748E-016  -2.5974412198380293E-019
   42.200000000000003        5.3179328967418744E-016   6.9813363053974549E-019
   42.300000000000004        6.9794431182097675E-017   1.4652495213577521E-018
   42.400000000000006       -5.2060567833037913E-016  -6.3127297621761272E-019
   42.500000000000000        2.7048569009520897E-016  -1.5104768265669798E-018
   42.600000000000001        2.4264458880928304E-016   1.5544104428944812E-019
   42.700000000000003       -3.9586346310568953E-016   3.6325166040811894E-019
   42.800000000000004        1.0696772741523969E-016   8.4686749546278373E-020
   42.900000000000006        2.5633599004269756E-016   8.1094441670021528E-019
   43.000000000000000       -2.7650882138074822E-016   3.7258415322023565E-020
   43.100000000000001       -1.7375081053467024E-017  -8.9786243995508613E-019
   43.200000000000003        1.7030894207063432E-016  -1.5552782796804220E-019
   43.300000000000004       -8.0381093643758961E-017   4.1874063160987487E-020
   43.400000000000006        6.0680558903742438E-017   7.6574368215985838E-021
   43.500000000000000       -4.1169922237785760E-017   6.1142375269156051E-019
   43.600000000000001       -1.7649294162560170E-016   2.0772380144895231E-019
   43.700000000000003        2.2497786257002427E-016  -3.0886027113371043E-019
   43.800000000000004        9.0781042393606961E-017  -1.1041799748471670E-019
   43.900000000000006       -2.6081093358380167E-016  -4.7137817033182821E-019
   44.000000000000000        7.3403888661465152E-017  -3.4114777114796616E-019
   44.100000000000001        1.1002900079601896E-016   6.8985674039804314E-019
   44.200000000000003       -1.5830280007993142E-016   7.2606407148816218E-019
   44.300000000000004        7.9925547802174957E-017  -3.7928349061538786E-020
   44.400000000000006        1.4874783411542058E-016  -5.8380805356780736E-019
   44.500000000000000       -1.6077367480399711E-016  -7.0782544605646109E-019
   44.600000000000001       -1.4922175445018921E-016  -8.0499034256347481E-020
   44.700000000000003        1.3310508038463037E-016   6.2189908168126925E-019
   44.800000000000004        2.2098046939668187E-016   7.5847984562542168E-019
   44.900000000000006       -1.0359231797916204E-016   3.0135313080741343E-019
   45.000000000000000       -2.9486199828250284E-016  -9.1947619666633354E-019
   45.100000000000001        1.3839892682020497E-016  -1.1539166786061202E-018
   45.200000000000003        2.5283003996418034E-016   5.1776971394388280E-019
   45.300000000000004       -1.9892058346304855E-016   1.0973278560576117E-018
   45.400000000000006       -6.0379478329388784E-017  -8.5826615826563649E-021
   45.500000000000000        2.0985783691568350E-016  -1.8327436963239582E-019
   45.600000000000001       -2.0394808906313820E-016  -1.3445804668169040E-019
   45.700000000000003       -1.4723154476159679E-016  -8.0554600956563542E-019
   45.800000000000004        4.2843078290729145E-016  -1.0345012429322812E-019
   45.900000000000006        4.2166048714348189E-017   1.1783148948290400E-018
   46.000000000000000       -5.4381705804509309E-016   2.9421312737082630E-019
   46.100000000000001        7.3414661221367756E-017  -8.9505308745563559E-019
   46.200000000000003        5.2354937295428144E-016  -4.6527504911279801E-020
   46.300000000000004       -1.8786523994487115E-016   3.8677166419259798E-019
   46.400000000000006       -3.5390839205585214E-016  -5.5459267934933392E-019
   46.500000000000000        2.7629870239513377E-016  -3.8009795904001622E-021
   46.600000000000001        4.7464785311874476E-017   9.9962264577118294E-019
   46.700000000000003       -2.8164407467606880E-016  -2.5636801424784110E-019
   46.800000000000004        3.1063196834242256E-016  -8.4207211185564307E-019
   46.900000000000006        1.6334118853014211E-016   5.3940226819523014E-019
   47.000000000000000       -5.6471211963646329E-016   1.3530919238768684E-019
   47.100000000000001        3.2311461754151252E-017  -8.0345468987349918E-019
   47.200000000000003        5.7831891169153915E-016   6.0020689423220932E-019
   47.300000000000004       -1.7540827904925930E-016   7.9421145037132000E-019
   47.400000000000006       -3.4477810192551658E-016  -8.3179328909909324E-019
   47.500000000000000        1.5409945619768065E-016  -3.4379878919626366E-019
   47.600000000000001        9.6735659049539385E-018   4.5741724921861057E-019
   47.700000000000003        1.4277841682609026E-017  -3.6320403090372355E-019
   47.800000000000004        2.2852993991305703E-016   1.4947242012963491E-019
   47.900000000000006       -1.7857265102262320E-016   8.6834100196731148E-019
   48.000000000000000       -2.5932852572812974E-016  -4.8963479820280208E-019
   48.100000000000001        1.7606817247489197E-016  -8.0768993694990264E-019
   48.200000000000003        1.2559031626954847E-016   3.4263525128793545E-019
   48.300000000000004        2.1670944395846693E-017   2.2747325740008686E-019
   48.400000000000006        3.1379682448319355E-017   1.0782207989477068E-019
   48.500000000000000       -2.7169760492024478E-016   4.3912419340323391E-019
   48.600000000000001       -8.8256111923919583E-017  -4.7775785823803382E-019
   48.700000000000003        3.7015382242589747E-016  -7.0985199187505335E-019
   48.800000000000004        1.9612515217869336E-017   4.9654195614688343E-019
   48.900000000000006       -2.2024822556314769E-016   4.2005747258942815E-019
   49.000000000000000        1.0828703007139968E-016  -1.7606022507723910E-019
   49.100000000000001       -8.2130539392109374E-017   1.6959334584965713E-019
   49.200000000000003       -2.0258368735782109E-016  -2.4784564852305827E-019
   49.300000000000004        3.1616989897880194E-016  -5.8897842253867009E-019
   49.400000000000006        2.0675604833754171E-016   4.9888923675391891E-019
   49.500000000000000       -3.0047854674335890E-016   5.1625203442613954E-019
   49.600000000000001       -1.2901000134289232E-016  -4.0133864725038796E-019
   49.700000000000003        6.7057880829235619E-017  -1.9620700973741089E-019
   49.800000000000004        5.1261890932903503E-017   9.0522251061384135E-020
   49.900000000000006        5.0654071924799070E-054   3.5579991647419716E-019
