   0.0000000000000000       -1.2627450364019592E-016   0.0000000000000000     
  0.10000000000000001       -4.4176766762648596E-016   0.0000000000000000     
  0.20000000000000001       -4.3877416071812741E-016   0.0000000000000000     
  0.30000000000000004       -1.0406037901516899E-017   0.0000000000000000     
  0.40000000000000002        4.2153921030446896E-017   0.0000000000000000     
  0.50000000000000000       -6.7701834784054534E-016   0.0000000000000000     
  0.60000000000000009       -4.1713153756631436E-016   0.0000000000000000     
  0.70000000000000007        9.0036503353955876E-017   0.0000000000000000     
  0.80000000000000004       -7.4237299751621822E-016   0.0000000000000000     
  0.90000000000000002        3.7097143620793180E-016   0.0000000000000000     
   1.0000000000000000        2.2133350910816643E-015   0.0000000000000000     
   1.1000000000000001        6.8669695668551694E-016   0.0000000000000000     
   1.2000000000000002       -1.0424855304207202E-015   0.0000000000000000     
   1.3000000000000000       -2.3092378795636458E-016   0.0000000000000000     
   1.4000000000000001        6.8991214633180311E-016   0.0000000000000000     
   1.5000000000000000       -1.7080467863315144E-016   0.0000000000000000     
   1.6000000000000001       -1.5267224535878347E-015   0.0000000000000000     
   1.7000000000000002       -1.2474984663514889E-015   0.0000000000000000     
   1.8000000000000000        7.8955280622688911E-016   0.0000000000000000     
   1.9000000000000001        4.5096174247487421E-016   0.0000000000000000     
   2.0000000000000000       -1.4156456076194419E-015   0.0000000000000000     
   2.1000000000000001        1.5436962095440168E-015   0.0000000000000000     
   2.2000000000000002        2.8495064909440250E-015   0.0000000000000000     
   2.3000000000000003       -1.5198942337985705E-015   0.0000000000000000     
   2.4000000000000004       -1.8643228324279235E-015   0.0000000000000000     
   2.5000000000000000        1.2439908342949640E-015   0.0000000000000000     
   2.6000000000000001        1.1546527075955234E-015   0.0000000000000000     
   2.7000000000000002       -1.0997903292061354E-015   0.0000000000000000     
   2.8000000000000003       -1.2171606909593753E-015   0.0000000000000000     
   2.9000000000000004        8.2135843431181173E-016   0.0000000000000000     
   3.0000000000000000        4.5509177027959138E-016   0.0000000000000000     
   3.1000000000000001       -9.5740904990971574E-016   0.0000000000000000     
   3.2000000000000002       -9.3852877934226702E-016   0.0000000000000000     
   3.3000000000000003        2.6447647932053769E-016   0.0000000000000000     
   3.4000000000000004        1.8785992731574757E-015   0.0000000000000000     
   3.5000000000000000        5.3618556364233129E-016   0.0000000000000000     
   3.6000000000000001       -2.3179481013186627E-016   0.0000000000000000     
   3.7000000000000002       -3.6426019406573501E-017   0.0000000000000000     
   3.8000000000000003       -1.7677562513573029E-015   0.0000000000000000     
   3.9000000000000004        2.9332367524172451E-016   0.0000000000000000     
   4.0000000000000000        1.2494043630486129E-015   0.0000000000000000     
   4.1000000000000005       -1.3292456161657296E-015   0.0000000000000000     
   4.2000000000000002       -1.4773465550288974E-016   0.0000000000000000     
   4.2999999999999998        6.0315318280409461E-016   0.0000000000000000     
   4.4000000000000004        1.0101426872017230E-016   0.0000000000000000     
   4.5000000000000000        5.7681091272940571E-016   0.0000000000000000     
   4.6000000000000005        6.0424266249963500E-016   0.0000000000000000     
   4.7000000000000002        4.7199604998178717E-016   0.0000000000000000     
   4.8000000000000007       -2.0595951241060986E-015   0.0000000000000000     
   4.9000000000000004       -2.3138599815171287E-015   0.0000000000000000     
   5.0000000000000000        9.9075744989690793E-016   0.0000000000000000     
   5.1000000000000005        9.5640723556723970E-016   0.0000000000000000     
   5.2000000000000002        5.4685422084361607E-016   0.0000000000000000     
   5.3000000000000007        1.0592723930888789E-015   0.0000000000000000     
   5.4000000000000004        2.9281955859051404E-016   0.0000000000000000     
   5.5000000000000000        5.8845210754988198E-016   0.0000000000000000     
   5.6000000000000005       -5.8429368052676823E-017   0.0000000000000000     
   5.7000000000000002       -2.1441460479641822E-015   0.0000000000000000     
   5.8000000000000007       -2.5782924744505610E-015   0.0000000000000000     
   5.9000000000000004       -7.4007453998872016E-016   0.0000000000000000     
   6.0000000000000000        2.5401557645176583E-015   0.0000000000000000     
   6.1000000000000005        2.2821634484655553E-015   0.0000000000000000     
   6.2000000000000002       -1.9133322922503755E-016   0.0000000000000000     
   6.3000000000000007        8.6643839750230360E-016   0.0000000000000000     
   6.4000000000000004        3.2645347277011473E-016   0.0000000000000000     
   6.5000000000000000       -1.7652239991469023E-015   0.0000000000000000     
   6.6000000000000005       -1.1254832743286911E-015   0.0000000000000000     
   6.7000000000000002       -5.7929177714746868E-016   0.0000000000000000     
   6.8000000000000007        6.5548457261306854E-016   0.0000000000000000     
   6.9000000000000004        1.1111874808993018E-016   0.0000000000000000     
   7.0000000000000000       -1.5659304372799472E-015   0.0000000000000000     
   7.1000000000000005        1.3497440874076723E-015   0.0000000000000000     
   7.2000000000000002        2.4024660726323583E-015   0.0000000000000000     
   7.3000000000000007       -2.1643113832340852E-016   0.0000000000000000     
   7.4000000000000004       -1.2970449513934654E-015   0.0000000000000000     
   7.5000000000000000       -2.7176359124048505E-016   0.0000000000000000     
   7.6000000000000005        1.6011620617247442E-015   0.0000000000000000     
   7.7000000000000002       -4.2328478311550298E-016   0.0000000000000000     
   7.8000000000000007       -1.8415050948200071E-015   0.0000000000000000     
   7.9000000000000004        6.4505707673557939E-016   0.0000000000000000     
   8.0000000000000000        2.1309389767295353E-016   0.0000000000000000     
   8.0999999999999996        9.4557967680693041E-016   0.0000000000000000     
   8.2000000000000011        1.3187196091520464E-015   0.0000000000000000     
   8.3000000000000007       -2.7022998741916536E-015   0.0000000000000000     
   8.4000000000000004       -1.6745591564894389E-015   0.0000000000000000     
   8.5000000000000000        6.9331263646702060E-016   0.0000000000000000     
   8.5999999999999996       -5.0741614510574185E-016   0.0000000000000000     
   8.7000000000000011        9.9151272100313398E-016   0.0000000000000000     
   8.8000000000000007        2.2894238965253502E-015   0.0000000000000000     
   8.9000000000000004        1.1843126905743647E-015   0.0000000000000000     
   9.0000000000000000        2.6211110648002827E-016   0.0000000000000000     
   9.0999999999999996       -7.1654578807181593E-016   0.0000000000000000     
   9.2000000000000011       -1.7265331245699887E-015   0.0000000000000000     
   9.3000000000000007       -1.2196902662828177E-015   0.0000000000000000     
   9.4000000000000004        6.8104473929021368E-016   0.0000000000000000     
   9.5000000000000000       -3.4044005316520223E-016   0.0000000000000000     
   9.6000000000000014       -8.8153442400426302E-016   0.0000000000000000     
   9.7000000000000011        1.4446427503203284E-015   0.0000000000000000     
   9.8000000000000007       -5.7926942936748832E-016   0.0000000000000000     
   9.9000000000000004       -1.6580098736870348E-015   0.0000000000000000     
   10.000000000000000        1.6554322313962289E-015   0.0000000000000000     
   10.100000000000001        1.4511709808712352E-015   0.0000000000000000     
   10.200000000000001        7.5342845662950952E-016   0.0000000000000000     
   10.300000000000001        9.4640015191581589E-016   0.0000000000000000     
   10.400000000000000       -1.7322179733954133E-015   0.0000000000000000     
   10.500000000000000       -1.7566297524622965E-015   0.0000000000000000     
   10.600000000000001        1.3051588101859944E-015   0.0000000000000000     
   10.700000000000001        1.9003383972562984E-016   0.0000000000000000     
   10.800000000000001       -1.6728540834524387E-015   0.0000000000000000     
   10.900000000000000        3.6192598223512928E-016   0.0000000000000000     
   11.000000000000000        2.9069342155174696E-016   0.0000000000000000     
   11.100000000000001       -8.6997515010261323E-016   0.0000000000000000     
   11.200000000000001        9.3383628486460670E-016   0.0000000000000000     
   11.300000000000001        9.1038575927491925E-016   0.0000000000000000     
   11.400000000000000        3.2183215151826506E-017   0.0000000000000000     
   11.500000000000000        1.0170761043090889E-015   0.0000000000000000     
   11.600000000000001        8.8294306444264201E-016   0.0000000000000000     
   11.700000000000001       -3.0612037938820209E-016   0.0000000000000000     
   11.800000000000001       -1.4276760042103576E-015   0.0000000000000000     
   11.900000000000000       -2.0041890605469422E-015   0.0000000000000000     
   12.000000000000000       -1.7550628216622388E-015   0.0000000000000000     
   12.100000000000001       -5.7352466811409641E-016   0.0000000000000000     
   12.200000000000001        2.1062499143851562E-015   0.0000000000000000     
   12.300000000000001        2.3518144870310638E-015   0.0000000000000000     
   12.400000000000000       -6.0651236920899491E-016   0.0000000000000000     
   12.500000000000000        3.6376295192419014E-016   0.0000000000000000     
   12.600000000000001        3.0122501094649598E-015   0.0000000000000000     
   12.700000000000001        7.0383166536622615E-016   0.0000000000000000     
   12.800000000000001       -1.2128905766662395E-015   0.0000000000000000     
   12.900000000000000       -6.3042358441298616E-016   0.0000000000000000     
   13.000000000000000       -1.8864493199409071E-015   0.0000000000000000     
   13.100000000000001       -2.1978331902213053E-015   0.0000000000000000     
   13.200000000000001       -9.3160387204627175E-016   0.0000000000000000     
   13.300000000000001       -1.2158561445278284E-015   0.0000000000000000     
   13.400000000000000       -4.7172324253215999E-016   0.0000000000000000     
   13.500000000000000        2.3756621260383469E-015   0.0000000000000000     
   13.600000000000001        2.2599745173599574E-015   0.0000000000000000     
   13.700000000000001       -1.3128453976889638E-016   0.0000000000000000     
   13.800000000000001        1.7649886241010953E-015   0.0000000000000000     
   13.900000000000000        2.9377736571192032E-015   0.0000000000000000     
   14.000000000000000       -8.1748583672481977E-016   0.0000000000000000     
   14.100000000000001       -1.7612319723733776E-015   0.0000000000000000     
   14.200000000000001       -1.5353509269007793E-015   0.0000000000000000     
   14.300000000000001       -2.0510916029666310E-015   0.0000000000000000     
   14.400000000000000       -2.9783003386629451E-016   0.0000000000000000     
   14.500000000000000       -9.6374885730725874E-016   0.0000000000000000     
   14.600000000000001       -6.2057367744947442E-016   0.0000000000000000     
   14.700000000000001        2.3560364785761196E-015   0.0000000000000000     
   14.800000000000001        1.4521304473285148E-015   0.0000000000000000     
   14.900000000000000        9.1014172345063293E-016   0.0000000000000000     
   15.000000000000000        5.0243609354635432E-016   0.0000000000000000     
   15.100000000000001       -1.5084329879634270E-015   0.0000000000000000     
   15.200000000000001        5.2870318912831551E-016   0.0000000000000000     
   15.300000000000001        1.0677888728179610E-015   0.0000000000000000     
   15.400000000000000       -2.3712149020613456E-015   0.0000000000000000     
   15.500000000000000       -2.1938058078386521E-015   0.0000000000000000     
   15.600000000000001        2.4641223474453626E-016   0.0000000000000000     
   15.700000000000001        6.0620534389324589E-016   0.0000000000000000     
   15.800000000000001       -4.0744494854788150E-017   0.0000000000000000     
   15.900000000000000        9.3367081134400135E-016   0.0000000000000000     
   16.000000000000000        2.7650806189987531E-015   0.0000000000000000     
   16.100000000000001        1.4546937288356984E-015   0.0000000000000000     
   16.199999999999999       -1.4107397729684451E-015   0.0000000000000000     
   16.300000000000001       -1.9249724801824152E-015   0.0000000000000000     
   16.400000000000002       -1.2102773148104942E-015   0.0000000000000000     
   16.500000000000000        9.1106963262852440E-017   0.0000000000000000     
   16.600000000000001        1.0775396984271188E-015   0.0000000000000000     
   16.699999999999999        5.7938232337648071E-017   0.0000000000000000     
   16.800000000000001       -3.7090679265627934E-016   0.0000000000000000     
   16.900000000000002        1.9713378329126138E-016   0.0000000000000000     
   17.000000000000000       -8.4981891783112219E-017   0.0000000000000000     
   17.100000000000001        1.0854935549528095E-016   0.0000000000000000     
   17.199999999999999        2.5211885241845905E-016   0.0000000000000000     
   17.300000000000001        3.6909061262319447E-016   0.0000000000000000     
   17.400000000000002        3.2590214007164145E-017   0.0000000000000000     
   17.500000000000000       -1.5029490971928943E-015   0.0000000000000000     
   17.600000000000001       -4.1950602037511521E-016   0.0000000000000000     
   17.699999999999999        4.0277106006989218E-016   0.0000000000000000     
   17.800000000000001       -3.8841337829498736E-016   0.0000000000000000     
   17.900000000000002        1.5084889060255775E-015   0.0000000000000000     
   18.000000000000000        1.4673900283023928E-015   0.0000000000000000     
   18.100000000000001        1.8483205163491513E-016   0.0000000000000000     
   18.199999999999999        3.0403191237169861E-016   0.0000000000000000     
   18.300000000000001       -9.4552526672172567E-016   0.0000000000000000     
   18.400000000000002       -1.9321351438146952E-016   0.0000000000000000     
   18.500000000000000       -3.0501519077552201E-016   0.0000000000000000     
   18.600000000000001       -1.5143172222207082E-015   0.0000000000000000     
   18.699999999999999        1.1130438168687590E-015   0.0000000000000000     
   18.800000000000001        1.7398937947864001E-016   0.0000000000000000     
   18.900000000000002       -2.0467493271469746E-015   0.0000000000000000     
   19.000000000000000        9.7402997760799208E-016   0.0000000000000000     
   19.100000000000001        1.9961632685401083E-015   0.0000000000000000     
   19.200000000000003       -4.0208576676447947E-016   0.0000000000000000     
   19.300000000000001       -5.6776768572761313E-016   0.0000000000000000     
   19.400000000000002        6.1675408454571657E-016   0.0000000000000000     
   19.500000000000000       -9.4874215492357527E-016   0.0000000000000000     
   19.600000000000001       -1.8661875128307431E-015   0.0000000000000000     
   19.700000000000003        1.5732216527247146E-015   0.0000000000000000     
   19.800000000000001        3.8699491001511715E-016   0.0000000000000000     
   19.900000000000002       -2.4560143253796620E-015   0.0000000000000000     
   20.000000000000000       -5.7911054638999753E-016   0.0000000000000000     
   20.100000000000001        6.5296515756464737E-016   0.0000000000000000     
   20.200000000000003        1.8570238765840576E-016   0.0000000000000000     
   20.300000000000001        2.3434101358477481E-015   0.0000000000000000     
   20.400000000000002        5.3777423956964096E-016   0.0000000000000000     
   20.500000000000000        1.3632802888315533E-016   0.0000000000000000     
   20.600000000000001        7.0293638941781602E-016   0.0000000000000000     
   20.700000000000003        1.8562817543902136E-015   0.0000000000000000     
   20.800000000000001       -2.2233534630797957E-015   0.0000000000000000     
   20.900000000000002        1.6141252263485103E-015   0.0000000000000000     
   21.000000000000000        4.7126175294007184E-016   0.0000000000000000     
   21.100000000000001        1.4664614604971225E-015   0.0000000000000000     
   21.200000000000003       -4.4760746018698458E-015   0.0000000000000000     
   21.300000000000001        3.4409374863897685E-015   0.0000000000000000     
   21.400000000000002       -5.2063489121366922E-015   0.0000000000000000     
   21.500000000000000        5.0318124663112718E-015   0.0000000000000000     
   21.600000000000001       -7.6939864241512717E-015   0.0000000000000000     
   21.700000000000003        8.2078877914221322E-015   0.0000000000000000     
   21.800000000000001       -1.1125253430749678E-014   0.0000000000000000     
   21.900000000000002        1.7077956136899004E-014   0.0000000000000000     
   22.000000000000000       -2.1608411768421615E-014   0.0000000000000000     
   22.100000000000001        2.3001579137249109E-014   0.0000000000000000     
   22.200000000000003       -2.9560726400706274E-014   0.0000000000000000     
   22.300000000000001        4.1704920925085949E-014   0.0000000000000000     
   22.400000000000002       -5.1722105937697330E-014   0.0000000000000000     
   22.500000000000000        6.5643641854662816E-014   0.0000000000000000     
   22.600000000000001       -8.3899972946446189E-014   0.0000000000000000     
   22.700000000000003        1.0476522960437798E-013   0.0000000000000000     
   22.800000000000001       -1.3371023846334424E-013   0.0000000000000000     
   22.900000000000002        1.6904703004721638E-013   0.0000000000000000     
   23.000000000000000       -2.1766463411198938E-013   0.0000000000000000     
   23.100000000000001        2.7327864520120821E-013   0.0000000000000000     
   23.200000000000003       -3.4593146327795085E-013   0.0000000000000000     
   23.300000000000001        4.3778674979139346E-013   0.0000000000000000     
   23.400000000000002       -5.5617144433971522E-013   0.0000000000000000     
   23.500000000000000        7.0211870251060968E-013   0.0000000000000000     
   23.600000000000001       -8.8312262339453399E-013   0.0000000000000000     
   23.700000000000003        1.1196602506878880E-012   0.0000000000000000     
   23.800000000000001       -1.4103076458240814E-012   0.0000000000000000     
   23.900000000000002        1.7793581050273638E-012   0.0000000000000000     
   24.000000000000000       -2.2399265396920251E-012   0.0000000000000000     
   24.100000000000001        2.8201342082260301E-012   0.0000000000000000     
   24.200000000000003       -3.5482092836969675E-012   0.0000000000000000     
   24.300000000000001        4.4602814998146446E-012   0.0000000000000000     
   24.400000000000002       -5.6014809986157066E-012   0.0000000000000000     
   24.500000000000000        7.0275950959005301E-012   0.0000000000000000     
   24.600000000000001       -8.8178678726609346E-012   0.0000000000000000     
   24.700000000000003        1.1047108165643159E-011   0.0000000000000000     
   24.800000000000001       -1.3831756432826503E-011   0.0000000000000000     
   24.900000000000002        1.7308576921928460E-011   0.0000000000000000     
   25.000000000000000       -2.1639170581425761E-011   0.0000000000000000     
   25.100000000000001        2.7026186693653181E-011   0.0000000000000000     
   25.200000000000003       -3.3729826526916453E-011   0.0000000000000000     
   25.300000000000001        4.2066843128090291E-011   0.0000000000000000     
   25.400000000000002       -5.2414572860317415E-011   0.0000000000000000     
   25.500000000000000        6.5253764534670557E-011   0.0000000000000000     
   25.600000000000001       -8.1168978026911191E-011   0.0000000000000000     
   25.700000000000003        1.0088240131312898E-010   0.0000000000000000     
   25.800000000000001       -1.2526801607136696E-010   0.0000000000000000     
   25.900000000000002        1.5541612038440675E-010   0.0000000000000000     
   26.000000000000000       -1.9264863833175333E-010   0.0000000000000000     
   26.100000000000001        2.3858657351652999E-010   0.0000000000000000     
   26.200000000000003       -2.9521657070757382E-010   0.0000000000000000     
   26.300000000000001        3.6495244274006693E-010   0.0000000000000000     
   26.400000000000002       -4.5075542636729956E-010   0.0000000000000000     
   26.500000000000000        5.5621301242554042E-010   0.0000000000000000     
   26.600000000000001       -6.8570650285905014E-010   0.0000000000000000     
   26.700000000000003        8.4456288196486594E-010   0.0000000000000000     
   26.800000000000001       -1.0392355070434376E-009   0.0000000000000000     
   26.900000000000002        1.2775688817508013E-009   0.0000000000000000     
   27.000000000000000       -1.5690560201437828E-009   0.0000000000000000     
   27.100000000000001        1.9251996227874273E-009   0.0000000000000000     
   27.200000000000003       -2.3598825953597855E-009   0.0000000000000000     
   27.300000000000001        2.8898924188750491E-009   0.0000000000000000     
   27.400000000000002       -3.5354527631298882E-009   0.0000000000000000     
   27.500000000000000        4.3209389603888664E-009   0.0000000000000000     
   27.600000000000001       -5.2756867179111856E-009   0.0000000000000000     
   27.700000000000003        6.4349219454213801E-009   0.0000000000000000     
   27.800000000000001       -7.8409537826318515E-009   0.0000000000000000     
   27.900000000000002        9.5444962798388014E-009   0.0000000000000000     
   28.000000000000000       -1.1606269935491896E-008   0.0000000000000000     
   28.100000000000001        1.4098893321257478E-008   0.0000000000000000     
   28.200000000000003       -1.7109112023013783E-008   0.0000000000000000     
   28.300000000000001        2.0740388752566520E-008   0.0000000000000000     
   28.400000000000002       -2.5116021561472827E-008   0.0000000000000000     
   28.500000000000000        3.0382705871425203E-008   0.0000000000000000     
   28.600000000000001       -3.6714776274716326E-008   0.0000000000000000     
   28.700000000000003        4.4319155780989346E-008   0.0000000000000000     
   28.800000000000001       -5.3441112490492750E-008   0.0000000000000000     
   28.900000000000002        6.4370990489603564E-008   0.0000000000000000     
   29.000000000000000       -7.7452031870456033E-008   0.0000000000000000     
   29.100000000000001        9.3089502380125810E-008   0.0000000000000000     
   29.200000000000003       -1.1176121211991655E-007   0.0000000000000000     
   29.300000000000001        1.3402978714574553E-007   0.0000000000000000     
   29.400000000000002       -1.6055678119085947E-007   0.0000000000000000     
   29.500000000000000        1.9211901997971843E-007   0.0000000000000000     
   29.600000000000001       -2.2962743442830301E-007   0.0000000000000000     
   29.700000000000003        2.7414867209367602E-007   0.0000000000000000     
   29.800000000000001       -3.2693001669594401E-007   0.0000000000000000     
   29.900000000000002        3.8942783963938092E-007   0.0000000000000000     
   30.000000000000000       -4.6334025955562895E-007   0.0000000000000000     
   30.100000000000001        5.5064434957397770E-007   0.0000000000000000     
   30.200000000000003       -6.5363864250436796E-007   0.0000000000000000     
   30.300000000000001        7.7499143509141365E-007   0.0000000000000000     
   30.400000000000002       -9.1779564300522503E-007   0.0000000000000000     
   30.500000000000000        1.0856309955327705E-006   0.0000000000000000     
   30.600000000000001       -1.2826343495900370E-006   0.0000000000000000     
   30.700000000000003        1.5135790756701706E-006   0.0000000000000000     
   30.800000000000001       -1.7839644492350479E-006   0.0000000000000000     
   30.900000000000002        2.1001161055370501E-006   0.0000000000000000     
   31.000000000000000       -2.4692987246195456E-006   0.0000000000000000     
   31.100000000000001        2.8998420705339163E-006   0.0000000000000000     
   31.200000000000003       -3.4012816824195970E-006   0.0000000000000000     
   31.300000000000001        3.9845155728062829E-006   0.0000000000000000     
   31.400000000000002       -4.6619783027372717E-006   0.0000000000000000     
   31.500000000000000        5.4478338401768940E-006   0.0000000000000000     
   31.600000000000001       -6.3581887594354765E-006   0.0000000000000000     
   31.700000000000003        7.4113272321749608E-006   0.0000000000000000     
   31.800000000000001       -8.6279693817729887E-006   0.0000000000000000     
   31.900000000000002        1.0031554435431024E-005   0.0000000000000000     
   32.000000000000000       -1.1648550257332879E-005   0.0000000000000000     
   32.100000000000001        1.3508790568651904E-005   0.0000000000000000     
   32.200000000000003       -1.5645841252154198E-005   0.0000000000000000     
   32.300000000000004        1.8097396851212855E-005   0.0000000000000000     
   32.399999999999999       -2.0905708320733519E-005   0.0000000000000000     
   32.500000000000000        2.4118042777190558E-005   0.0000000000000000     
   32.600000000000001       -2.7787175684350992E-005   0.0000000000000000     
   32.700000000000003        3.1971915706240681E-005   0.0000000000000000     
   32.800000000000004       -3.6737661845613570E-005   0.0000000000000000     
   32.899999999999999        4.2156992211425042E-005   0.0000000000000000     
   33.000000000000000       -4.8310282999583101E-005   0.0000000000000000     
   33.100000000000001        5.5286355758088589E-005   0.0000000000000000     
   33.200000000000003       -6.3183150228060617E-005   0.0000000000000000     
   33.300000000000004        7.2108419217034616E-005   0.0000000000000000     
   33.399999999999999       -8.2180441030452070E-005   0.0000000000000000     
   33.500000000000000        9.3528744034582307E-005   0.0000000000000000     
   33.600000000000001       -1.0629483669277844E-004   0.0000000000000000     
   33.700000000000003        1.2063293533785966E-004   0.0000000000000000     
   33.800000000000004       -1.3671068056225988E-004   0.0000000000000000     
   33.899999999999999        1.5470983173475117E-004   0.0000000000000000     
   34.000000000000000       -1.7482692773273341E-004   0.0000000000000000     
   34.100000000000001        1.9727390041467431E-004   0.0000000000000000     
   34.200000000000003       -2.2227862579971564E-004   0.0000000000000000     
   34.300000000000004        2.5008539630700977E-004   0.0000000000000000     
   34.399999999999999       -2.8095529591605728E-004   0.0000000000000000     
   34.500000000000000        3.1516645822537163E-004   0.0000000000000000     
   34.600000000000001       -3.5301418623881828E-004   0.0000000000000000     
   34.700000000000003        3.9481091092547047E-004   0.0000000000000000     
   34.800000000000004       -4.4088596441548477E-004   0.0000000000000000     
   34.899999999999999        4.9158514252539579E-004   0.0000000000000000     
   35.000000000000000       -5.4727003026059469E-004   0.0000000000000000     
   35.100000000000001        6.0831706338427877E-004   0.0000000000000000     
   35.200000000000003       -6.7511629853172193E-004   0.0000000000000000     
   35.300000000000004        7.4806986467750687E-004   0.0000000000000000     
   35.399999999999999       -8.2759006876222216E-004   0.0000000000000000     
   35.500000000000000        9.1409712959475854E-004   0.0000000000000000     
   35.600000000000001       -1.0080165152208855E-003   0.0000000000000000     
   35.700000000000003        1.1097758613594039E-003   0.0000000000000000     
   35.800000000000004       -1.2198014508419445E-003   0.0000000000000000     
   35.899999999999999        1.3385142376568116E-003   0.0000000000000000     
   36.000000000000000       -1.4663254032891869E-003   0.0000000000000000     
   36.100000000000001        1.6036314378546615E-003   0.0000000000000000     
   36.200000000000003       -1.7508087444048975E-003   0.0000000000000000     
   36.300000000000004        1.9082077712422785E-003   0.0000000000000000     
   36.399999999999999       -2.0761466845329660E-003   0.0000000000000000     
   36.500000000000000        2.2549046015031145E-003   0.0000000000000000     
   36.600000000000001       -2.4447144136446131E-003   0.0000000000000000     
   36.700000000000003        2.6457552388153898E-003   0.0000000000000000     
   36.800000000000004       -2.8581445515004794E-003   0.0000000000000000     
   36.899999999999999        3.0819300512239137E-003   0.0000000000000000     
   37.000000000000000       -3.3170813403204471E-003   0.0000000000000000     
   37.100000000000001        3.5634814938028114E-003   0.0000000000000000     
   37.200000000000003       -3.8209186155886226E-003   0.0000000000000000     
   37.300000000000004        4.0890774867155697E-003   0.0000000000000000     
   37.399999999999999       -4.3675314224886300E-003   0.0000000000000000     
   37.500000000000000        4.6557344659105158E-003   0.0000000000000000     
   37.600000000000001       -4.9530140545602013E-003   0.0000000000000000     
   37.700000000000003        5.2585643066970101E-003   0.0000000000000000     
   37.800000000000004       -5.5714400796689064E-003   0.0000000000000000     
   37.899999999999999        5.8905519592158638E-003   0.0000000000000000     
   38.000000000000000       -6.2146623418904510E-003   0.0000000000000000     
   38.100000000000001        6.5423827741802332E-003   0.0000000000000000     
   38.200000000000003       -6.8721727105386871E-003   0.0000000000000000     
   38.300000000000004        7.2023398487982421E-003   0.0000000000000000     
   38.400000000000006       -7.5310421939643558E-003   0.0000000000000000     
   38.500000000000000        7.8562919914231984E-003   0.0000000000000000     
   38.600000000000001       -8.1759616566043115E-003   0.0000000000000000     
   38.700000000000003        8.4877918110731771E-003   0.0000000000000000     
   38.800000000000004       -8.7894015141035606E-003   0.0000000000000000     
   38.900000000000006        9.0783007545120649E-003   0.0000000000000000     
   39.000000000000000       -9.3519052397823300E-003   0.0000000000000000     
   39.100000000000001        9.6075534884142704E-003   0.0000000000000000     
   39.200000000000003       -9.8425261974123043E-003   0.0000000000000000     
   39.300000000000004        1.0054067820149580E-002   0.0000000000000000     
   39.400000000000006       -1.0239410250883629E-002   0.0000000000000000     
   39.500000000000000        1.0395798471600652E-002   0.0000000000000000     
   39.600000000000001       -1.0520517975008956E-002   0.0000000000000000     
   39.700000000000003        1.0610923735637490E-002   0.0000000000000000     
   39.800000000000004       -1.0664470458763392E-002   0.0000000000000000     
   39.900000000000006        1.0678743796726847E-002   0.0000000000000000     
   40.000000000000000       -1.0651492183133243E-002   0.0000000000000000     
   40.100000000000001        1.0580658900089482E-002   0.0000000000000000     
   40.200000000000003       -1.0464413961611850E-002   0.0000000000000000     
   40.300000000000004        1.0301185369139964E-002   0.0000000000000000     
   40.400000000000006       -1.0089689274121716E-002   0.0000000000000000     
   40.500000000000000        9.8289585667691009E-003   0.0000000000000000     
   40.600000000000001       -9.5183694037447100E-003   0.0000000000000000     
   40.700000000000003        9.1576651859410999E-003   0.0000000000000000     
   40.800000000000004       -8.7469775085797421E-003   0.0000000000000000     
   40.900000000000006        8.2868436208627261E-003   0.0000000000000000     
   41.000000000000000       -7.7782199620091540E-003   0.0000000000000000     
   41.100000000000001        7.2224913744709622E-003   0.0000000000000000     
   41.200000000000003       -6.6214756416225007E-003   0.0000000000000000     
   41.300000000000004        5.9774230521708093E-003   0.0000000000000000     
   41.400000000000006       -5.2930107531802195E-003   0.0000000000000000     
   41.500000000000000        4.5713317298810945E-003   0.0000000000000000     
   41.600000000000001       -3.8158783185625734E-003   0.0000000000000000     
   41.700000000000003        3.0305202534247127E-003   0.0000000000000000     
   41.800000000000004       -2.2194773213727106E-003   0.0000000000000000     
   41.900000000000006        1.3872868028814390E-003   0.0000000000000000     
   42.000000000000000       -5.3876595598103844E-004   0.0000000000000000     
   42.100000000000001       -3.2103010290355897E-004   0.0000000000000000     
   42.200000000000003        1.1868546757847903E-003   0.0000000000000000     
   42.300000000000004       -2.0533194063886376E-003   0.0000000000000000     
   42.400000000000006        2.9149472248771028E-003   0.0000000000000000     
   42.500000000000000       -3.7662276762382139E-003   0.0000000000000000     
   42.600000000000001        4.6016738568182176E-003   0.0000000000000000     
   42.700000000000003       -5.4158802298053064E-003   0.0000000000000000     
   42.800000000000004        6.2035804505873263E-003   0.0000000000000000     
   42.900000000000006       -6.9597044092115576E-003   0.0000000000000000     
   43.000000000000000        7.6794336171066699E-003   0.0000000000000000     
   43.100000000000001       -8.3582540942321489E-003   0.0000000000000000     
   43.200000000000003        8.9920059974458507E-003   0.0000000000000000     
   43.300000000000004       -9.5769290969794744E-003   0.0000000000000000     
   43.400000000000006        1.0109703575651975E-002   0.0000000000000000     
   43.500000000000000       -1.0587485225559582E-002   0.0000000000000000     
   43.600000000000001        1.1007934824463913E-002   0.0000000000000000     
   43.700000000000003       -1.1369240816589984E-002   0.0000000000000000     
   43.800000000000004        1.1670135345337887E-002   0.0000000000000000     
   43.900000000000006       -1.1909903020978992E-002   0.0000000000000000     
   44.000000000000000        1.2088382513653611E-002   0.0000000000000000     
   44.100000000000001       -1.2205960983279442E-002   0.0000000000000000     
   44.200000000000003        1.2263561067124418E-002   0.0000000000000000     
   44.300000000000004       -1.2262621549621707E-002   0.0000000000000000     
   44.400000000000006        1.2205070574702385E-002   0.0000000000000000     
   44.500000000000000       -1.2093294038667865E-002   0.0000000000000000     
   44.600000000000001        1.1930096884385207E-002   0.0000000000000000     
   44.700000000000003       -1.1718661380683046E-002   0.0000000000000000     
   44.800000000000004        1.1462499373498259E-002   0.0000000000000000     
   44.900000000000006       -1.1165402976384436E-002   0.0000000000000000     
   45.000000000000000        1.0831391587280501E-002   0.0000000000000000     
   45.100000000000001       -1.0464657549748979E-002   0.0000000000000000     
   45.200000000000003        1.0069512442636767E-002   0.0000000000000000     
   45.300000000000004       -9.6503301112502594E-003   0.0000000000000000     
   45.400000000000006        9.2114969409210021E-003   0.0000000000000000     
   45.500000000000000       -8.7573546000910968E-003   0.0000000000000000     
   45.600000000000001        8.2921583478000570E-003   0.0000000000000000     
   45.700000000000003       -7.8200223144704404E-003   0.0000000000000000     
   45.800000000000004        7.3448879593192755E-003   0.0000000000000000     
   45.900000000000006       -6.8704761897477405E-003   0.0000000000000000     
   46.000000000000000        6.4002646146005815E-003   0.0000000000000000     
   46.100000000000001       -5.9374534755103122E-003   0.0000000000000000     
   46.200000000000003        5.4849455263686186E-003   0.0000000000000000     
   46.300000000000004       -5.0453362052457710E-003   0.0000000000000000     
   46.400000000000006        4.6208848565202710E-003   0.0000000000000000     
   46.500000000000000       -4.2135423413589270E-003   0.0000000000000000     
   46.600000000000001        3.8248992023622998E-003   0.0000000000000000     
   46.700000000000003       -3.4562631378915296E-003   0.0000000000000000     
   46.800000000000004        3.1085723120299145E-003   0.0000000000000000     
   46.900000000000006       -2.7825265766723991E-003   0.0000000000000000     
   47.000000000000000        2.4784672753178335E-003   0.0000000000000000     
   47.100000000000001       -2.1965448816136106E-003   0.0000000000000000     
   47.200000000000003        1.9365950887649146E-003   0.0000000000000000     
   47.300000000000004       -1.6982877639544819E-003   0.0000000000000000     
   47.400000000000006        1.4810752282548140E-003   0.0000000000000000     
   47.500000000000000       -1.2842131952736059E-003   0.0000000000000000     
   47.600000000000001        1.1069173381983597E-003   0.0000000000000000     
   47.700000000000003       -9.4808441158655344E-004   0.0000000000000000     
   47.800000000000004        8.0685330536529377E-004   0.0000000000000000     
   47.900000000000006       -6.8180508053624148E-004   0.0000000000000000     
   48.000000000000000        5.7215511574151487E-004   0.0000000000000000     
   48.100000000000001       -4.7621307405633421E-004   0.0000000000000000     
   48.200000000000003        3.9338476122391424E-004   0.0000000000000000     
   48.300000000000004       -3.2178560916170155E-004   0.0000000000000000     
   48.400000000000006        2.6103649756499596E-004   0.0000000000000000     
   48.500000000000000       -2.0922295466767216E-004   0.0000000000000000     
   48.600000000000001        1.6604724598217306E-004   0.0000000000000000     
   48.700000000000003       -1.2989275198566232E-004   0.0000000000000000     
   48.800000000000004        1.0016622728776392E-004   0.0000000000000000     
   48.900000000000006       -7.6130757072602584E-005   0.0000000000000000     
   49.000000000000000        5.6188596499490648E-005   0.0000000000000000     
   49.100000000000001       -4.1405321221445711E-005   0.0000000000000000     
   49.200000000000003        2.8068854726255996E-005   0.0000000000000000     
   49.300000000000004       -2.0360736252609733E-005   0.0000000000000000     
   49.400000000000006        1.0949027737399622E-005   0.0000000000000000     
   49.500000000000000       -8.6347188156791246E-006   0.0000000000000000     
   49.600000000000001        2.0415397870749161E-006   0.0000000000000000     
   49.700000000000003       -3.0579982117704639E-006   0.0000000000000000     
   49.800000000000004       -5.5914680036690652E-006   0.0000000000000000     
   49.900000000000006        5.0654071924799070E-054   0.0000000000000000     
