   0.0000000000000000       -9.9818717277390007E-017   0.0000000000000000     
  0.10000000000000001       -4.4436963334145952E-016   0.0000000000000000     
  0.20000000000000001       -7.7718991597326802E-016   0.0000000000000000     
  0.30000000000000004       -9.5508366920361559E-016   0.0000000000000000     
  0.40000000000000002        4.8015360533115707E-016   0.0000000000000000     
  0.50000000000000000        8.7709916390117469E-016   0.0000000000000000     
  0.60000000000000009       -3.2060586538817548E-016   0.0000000000000000     
  0.70000000000000007        3.8204800042461994E-016   0.0000000000000000     
  0.80000000000000004        1.1492699113003282E-015   0.0000000000000000     
  0.90000000000000002        3.1772261122767384E-016   0.0000000000000000     
   1.0000000000000000       -1.1778771383068630E-016   0.0000000000000000     
   1.1000000000000001        5.4669402709650268E-017   0.0000000000000000     
   1.2000000000000002       -6.5607549040083849E-016   0.0000000000000000     
   1.3000000000000000       -1.2711487133774936E-015   0.0000000000000000     
   1.4000000000000001       -1.0939089436981257E-015   0.0000000000000000     
   1.5000000000000000        1.2152969872507264E-016   0.0000000000000000     
   1.6000000000000001        1.5220488205466046E-015   0.0000000000000000     
   1.7000000000000002        8.7200589631404233E-017   0.0000000000000000     
   1.8000000000000000       -9.9685407196471574E-016   0.0000000000000000     
   1.9000000000000001        1.2948855843854078E-015   0.0000000000000000     
   2.0000000000000000        1.6053202831686738E-015   0.0000000000000000     
   2.1000000000000001       -1.5110240295294554E-015   0.0000000000000000     
   2.2000000000000002       -1.5733733507608898E-015   0.0000000000000000     
   2.3000000000000003        1.6505748960765131E-015   0.0000000000000000     
   2.4000000000000004        1.6251150686329784E-015   0.0000000000000000     
   2.5000000000000000       -1.0207416428192558E-015   0.0000000000000000     
   2.6000000000000001       -2.3165785963530682E-015   0.0000000000000000     
   2.7000000000000002       -6.0724765769404448E-016   0.0000000000000000     
   2.8000000000000003        1.7857755749952720E-015   0.0000000000000000     
   2.9000000000000004       -6.2177408223325156E-017   0.0000000000000000     
   3.0000000000000000       -7.4399313500901876E-016   0.0000000000000000     
   3.1000000000000001        1.8134534954074388E-015   0.0000000000000000     
   3.2000000000000002        2.1305526965348964E-016   0.0000000000000000     
   3.3000000000000003       -1.5594705360044982E-015   0.0000000000000000     
   3.4000000000000004        4.9753767199067701E-016   0.0000000000000000     
   3.5000000000000000        1.2905732239581400E-015   0.0000000000000000     
   3.6000000000000001       -6.9511224404798605E-016   0.0000000000000000     
   3.7000000000000002       -1.8737406908075630E-015   0.0000000000000000     
   3.8000000000000003       -1.3030920959751322E-016   0.0000000000000000     
   3.9000000000000004        5.9986136387951725E-016   0.0000000000000000     
   4.0000000000000000        7.5981425289664216E-016   0.0000000000000000     
   4.1000000000000005        1.5439954981203041E-015   0.0000000000000000     
   4.2000000000000002       -4.3678725465436838E-016   0.0000000000000000     
   4.2999999999999998       -8.1322957427213775E-016   0.0000000000000000     
   4.4000000000000004       -6.5172223283073539E-017   0.0000000000000000     
   4.5000000000000000       -8.0711454144970131E-016   0.0000000000000000     
   4.6000000000000005       -3.6938594416591697E-016   0.0000000000000000     
   4.7000000000000002       -1.6926416805560561E-015   0.0000000000000000     
   4.8000000000000007       -2.3948154822120969E-016   0.0000000000000000     
   4.9000000000000004        3.7903753936603918E-015   0.0000000000000000     
   5.0000000000000000        1.5832951885088576E-015   0.0000000000000000     
   5.1000000000000005       -6.9650905127940403E-016   0.0000000000000000     
   5.2000000000000002       -4.7071614645740641E-016   0.0000000000000000     
   5.3000000000000007       -1.4809794998821498E-015   0.0000000000000000     
   5.4000000000000004       -1.7678804889436898E-015   0.0000000000000000     
   5.5000000000000000       -1.1744163394716655E-015   0.0000000000000000     
   5.6000000000000005        9.7900880812797659E-016   0.0000000000000000     
   5.7000000000000002        1.8815759959739127E-015   0.0000000000000000     
   5.8000000000000007        3.5430591662379901E-016   0.0000000000000000     
   5.9000000000000004        6.8719600336992754E-016   0.0000000000000000     
   6.0000000000000000        4.7045042613931562E-016   0.0000000000000000     
   6.1000000000000005       -3.6243650331354108E-016   0.0000000000000000     
   6.2000000000000002        2.5870077833588293E-016   0.0000000000000000     
   6.3000000000000007       -1.4643617975327585E-015   0.0000000000000000     
   6.4000000000000004       -2.1604036953686661E-015   0.0000000000000000     
   6.5000000000000000        8.0030275450397383E-016   0.0000000000000000     
   6.6000000000000005        1.5569928102468101E-015   0.0000000000000000     
   6.7000000000000002       -2.9656112155063265E-016   0.0000000000000000     
   6.8000000000000007       -1.4264487477482442E-015   0.0000000000000000     
   6.9000000000000004        9.0050500907852845E-016   0.0000000000000000     
   7.0000000000000000        3.0569440293594883E-015   0.0000000000000000     
   7.1000000000000005       -4.8977394514262492E-016   0.0000000000000000     
   7.2000000000000002       -2.0268972308419441E-015   0.0000000000000000     
   7.3000000000000007        1.6805050777133887E-017   0.0000000000000000     
   7.4000000000000004       -1.5828960635412562E-016   0.0000000000000000     
   7.5000000000000000        4.3364595989042805E-016   0.0000000000000000     
   7.6000000000000005        4.5044628982368942E-016   0.0000000000000000     
   7.7000000000000002        3.2695047204276180E-016   0.0000000000000000     
   7.8000000000000007        1.2528086167246667E-015   0.0000000000000000     
   7.9000000000000004       -1.1979244688747463E-015   0.0000000000000000     
   8.0000000000000000       -2.2248086957245808E-015   0.0000000000000000     
   8.0999999999999996       -7.7419279550137746E-016   0.0000000000000000     
   8.2000000000000011       -2.8659629266163557E-016   0.0000000000000000     
   8.3000000000000007        1.1373009841362991E-015   0.0000000000000000     
   8.4000000000000004        1.3522908900015175E-015   0.0000000000000000     
   8.5000000000000000        1.5676064272372217E-015   0.0000000000000000     
   8.5999999999999996        1.1773236617349147E-015   0.0000000000000000     
   8.7000000000000011       -1.3253176098916879E-015   0.0000000000000000     
   8.8000000000000007       -5.0236187361523347E-016   0.0000000000000000     
   8.9000000000000004       -4.9767073854725173E-016   0.0000000000000000     
   9.0000000000000000       -1.1712282004957184E-015   0.0000000000000000     
   9.0999999999999996        1.7721271447474858E-015   0.0000000000000000     
   9.2000000000000011       -1.7519171137190243E-016   0.0000000000000000     
   9.3000000000000007       -3.0603506647078714E-015   0.0000000000000000     
   9.4000000000000004       -1.5484007329677996E-016   0.0000000000000000     
   9.5000000000000000        1.1250339847651261E-015   0.0000000000000000     
   9.6000000000000014        6.4454966206450988E-016   0.0000000000000000     
   9.7000000000000011        9.2839177100601889E-016   0.0000000000000000     
   9.8000000000000007        4.3301588909991679E-016   0.0000000000000000     
   9.9000000000000004       -1.0754287171391810E-016   0.0000000000000000     
   10.000000000000000        4.1530927871283442E-016   0.0000000000000000     
   10.100000000000001        4.3153881037127317E-016   0.0000000000000000     
   10.200000000000001       -1.3235124884670145E-015   0.0000000000000000     
   10.300000000000001       -4.9351902168120523E-016   0.0000000000000000     
   10.400000000000000        7.2608992992023487E-016   0.0000000000000000     
   10.500000000000000       -1.1857339372594350E-015   0.0000000000000000     
   10.600000000000001       -2.3403246419506816E-017   0.0000000000000000     
   10.700000000000001        7.5967580064006667E-016   0.0000000000000000     
   10.800000000000001       -1.7925634536301216E-015   0.0000000000000000     
   10.900000000000000       -1.6740274481803177E-016   0.0000000000000000     
   11.000000000000000        2.2761858585922935E-015   0.0000000000000000     
   11.100000000000001        1.3955626548019455E-015   0.0000000000000000     
   11.200000000000001        1.3261296296796031E-015   0.0000000000000000     
   11.300000000000001        6.3161939231411780E-017   0.0000000000000000     
   11.400000000000000       -2.8510553955452388E-015   0.0000000000000000     
   11.500000000000000       -1.2333612133566840E-015   0.0000000000000000     
   11.600000000000001        8.1564605711366935E-016   0.0000000000000000     
   11.700000000000001       -1.8135265641244925E-015   0.0000000000000000     
   11.800000000000001       -1.3184894540928981E-015   0.0000000000000000     
   11.900000000000000        1.5920114891735559E-015   0.0000000000000000     
   12.000000000000000        7.7188935448992177E-016   0.0000000000000000     
   12.100000000000001        9.6780086676400590E-016   0.0000000000000000     
   12.200000000000001        1.9606625947652537E-015   0.0000000000000000     
   12.300000000000001        9.2162586699569375E-016   0.0000000000000000     
   12.400000000000000        1.0282993372455583E-015   0.0000000000000000     
   12.500000000000000        4.3740432835266464E-016   0.0000000000000000     
   12.600000000000001       -2.1560938092200497E-015   0.0000000000000000     
   12.700000000000001       -2.5519296692321809E-015   0.0000000000000000     
   12.800000000000001       -8.2232084204930273E-016   0.0000000000000000     
   12.900000000000000       -5.4636620065447385E-016   0.0000000000000000     
   13.000000000000000       -1.9335609541832395E-015   0.0000000000000000     
   13.100000000000001       -1.1252377589205678E-015   0.0000000000000000     
   13.200000000000001        2.2968069031608084E-015   0.0000000000000000     
   13.300000000000001        2.5725013538191766E-015   0.0000000000000000     
   13.400000000000000        6.7574663108158224E-016   0.0000000000000000     
   13.500000000000000        1.6599706845964112E-015   0.0000000000000000     
   13.600000000000001        1.6260909742103991E-015   0.0000000000000000     
   13.700000000000001       -2.3966534016281799E-016   0.0000000000000000     
   13.800000000000001       -6.0273985139157532E-016   0.0000000000000000     
   13.900000000000000       -2.2428409529071029E-015   0.0000000000000000     
   14.000000000000000       -3.1554981730552694E-015   0.0000000000000000     
   14.100000000000001       -1.6481981208035055E-016   0.0000000000000000     
   14.200000000000001        1.3960495032315608E-015   0.0000000000000000     
   14.300000000000001       -6.1038316394209285E-016   0.0000000000000000     
   14.400000000000000       -4.5657698604685468E-016   0.0000000000000000     
   14.500000000000000        2.4351223310400169E-015   0.0000000000000000     
   14.600000000000001        1.1836392108790748E-015   0.0000000000000000     
   14.700000000000001       -7.7254928697232269E-016   0.0000000000000000     
   14.800000000000001        1.1808230833647542E-015   0.0000000000000000     
   14.900000000000000        7.5690229127791070E-017   0.0000000000000000     
   15.000000000000000       -1.1582186678162638E-015   0.0000000000000000     
   15.100000000000001       -2.8005824707646401E-016   0.0000000000000000     
   15.200000000000001       -2.9467466533324607E-015   0.0000000000000000     
   15.300000000000001       -1.9460156837295545E-015   0.0000000000000000     
   15.400000000000000        2.3646278344214280E-015   0.0000000000000000     
   15.500000000000000        2.1161163566842563E-015   0.0000000000000000     
   15.600000000000001        1.3533112772390670E-015   0.0000000000000000     
   15.700000000000001        1.9376118215435894E-016   0.0000000000000000     
   15.800000000000001       -7.3981944038517974E-016   0.0000000000000000     
   15.900000000000000        5.5828052401651377E-016   0.0000000000000000     
   16.000000000000000       -9.2902688632192183E-016   0.0000000000000000     
   16.100000000000001       -1.5379540741445282E-015   0.0000000000000000     
   16.199999999999999        1.2093785196653869E-015   0.0000000000000000     
   16.300000000000001        5.1608102218327393E-016   0.0000000000000000     
   16.400000000000002       -1.3821616352869301E-015   0.0000000000000000     
   16.500000000000000       -2.1876223683588024E-016   0.0000000000000000     
   16.600000000000001        7.5902230239156430E-016   0.0000000000000000     
   16.699999999999999        2.9744116835700852E-016   0.0000000000000000     
   16.800000000000001        1.1720587292352893E-016   0.0000000000000000     
   16.900000000000002        5.4616625173432041E-016   0.0000000000000000     
   17.000000000000000        8.6639443756853934E-017   0.0000000000000000     
   17.100000000000001       -1.1885064024473981E-015   0.0000000000000000     
   17.199999999999999       -8.9626164993305233E-016   0.0000000000000000     
   17.300000000000001       -1.9894100384034908E-016   0.0000000000000000     
   17.400000000000002       -2.0927274102859642E-016   0.0000000000000000     
   17.500000000000000        1.1676960059646315E-015   0.0000000000000000     
   17.600000000000001        1.4838827912729967E-015   0.0000000000000000     
   17.699999999999999        1.6442331230668132E-016   0.0000000000000000     
   17.800000000000001        2.3516028495150823E-016   0.0000000000000000     
   17.900000000000002       -7.6608745699058415E-017   0.0000000000000000     
   18.000000000000000       -5.2351212758533502E-017   0.0000000000000000     
   18.100000000000001        3.2193443644170067E-016   0.0000000000000000     
   18.199999999999999       -6.7093008778777204E-016   0.0000000000000000     
   18.300000000000001       -7.6784561089933510E-016   0.0000000000000000     
   18.400000000000002       -1.2580909118014236E-015   0.0000000000000000     
   18.500000000000000       -2.7786303818281403E-016   0.0000000000000000     
   18.600000000000001        2.0178977682598978E-015   0.0000000000000000     
   18.699999999999999        1.0909911138856189E-016   0.0000000000000000     
   18.800000000000001       -4.8578085813345760E-016   0.0000000000000000     
   18.900000000000002        4.9732274441429224E-016   0.0000000000000000     
   19.000000000000000       -8.0872798614697782E-016   0.0000000000000000     
   19.100000000000001        3.6282874831469590E-016   0.0000000000000000     
   19.200000000000003        5.8722063499723907E-016   0.0000000000000000     
   19.300000000000001       -6.1827014895031590E-016   0.0000000000000000     
   19.400000000000002       -5.1741593872074813E-016   0.0000000000000000     
   19.500000000000000       -1.6579302762450344E-015   0.0000000000000000     
   19.600000000000001       -6.0417468813252579E-016   0.0000000000000000     
   19.700000000000003        7.4435177837987330E-016   0.0000000000000000     
   19.800000000000001       -8.6733444806802829E-016   0.0000000000000000     
   19.900000000000002        7.2955671802276054E-016   0.0000000000000000     
   20.000000000000000        2.3802151719949278E-015   0.0000000000000000     
   20.100000000000001        3.4413924785552496E-016   0.0000000000000000     
   20.200000000000003       -1.2703280713674861E-015   0.0000000000000000     
   20.300000000000001        1.7196832503492902E-015   0.0000000000000000     
   20.400000000000002        2.0411406613868661E-015   0.0000000000000000     
   20.500000000000000       -1.0551060821946357E-015   0.0000000000000000     
   20.600000000000001       -5.3448804278494838E-016   0.0000000000000000     
   20.700000000000003        2.9543531433526851E-015   0.0000000000000000     
   20.800000000000001       -8.8925052976896069E-016   0.0000000000000000     
   20.900000000000002       -1.0092565357466450E-015   0.0000000000000000     
   21.000000000000000       -1.9211221384536306E-015   0.0000000000000000     
   21.100000000000001       -1.1738699441813809E-016   0.0000000000000000     
   21.200000000000003       -8.3285523206811981E-016   0.0000000000000000     
   21.300000000000001        3.3061112970146653E-015   0.0000000000000000     
   21.400000000000002       -4.3753658372142189E-015   0.0000000000000000     
   21.500000000000000        1.1724064540785551E-015   0.0000000000000000     
   21.600000000000001       -2.5865600057690029E-015   0.0000000000000000     
   21.700000000000003        5.8786989066322014E-015   0.0000000000000000     
   21.800000000000001       -8.3057728631182050E-015   0.0000000000000000     
   21.900000000000002        8.9968370799004625E-015   0.0000000000000000     
   22.000000000000000       -9.1701721657968916E-015   0.0000000000000000     
   22.100000000000001        1.3887462174410206E-014   0.0000000000000000     
   22.200000000000003       -1.7502252963419702E-014   0.0000000000000000     
   22.300000000000001        2.1783568742266483E-014   0.0000000000000000     
   22.400000000000002       -3.0167848216218742E-014   0.0000000000000000     
   22.500000000000000        3.7190705569144516E-014   0.0000000000000000     
   22.600000000000001       -4.6122748967953971E-014   0.0000000000000000     
   22.700000000000003        5.6907992689528704E-014   0.0000000000000000     
   22.800000000000001       -7.6127446429672737E-014   0.0000000000000000     
   22.900000000000002        9.4948326282452443E-014   0.0000000000000000     
   23.000000000000000       -1.2294401936096770E-013   0.0000000000000000     
   23.100000000000001        1.5482597979634969E-013   0.0000000000000000     
   23.200000000000003       -1.9297529206233740E-013   0.0000000000000000     
   23.300000000000001        2.4778650106997342E-013   0.0000000000000000     
   23.400000000000002       -3.1262399245872499E-013   0.0000000000000000     
   23.500000000000000        3.9770349619582778E-013   0.0000000000000000     
   23.600000000000001       -5.0241993499232166E-013   0.0000000000000000     
   23.700000000000003        6.3716621877101509E-013   0.0000000000000000     
   23.800000000000001       -7.9994058793174502E-013   0.0000000000000000     
   23.900000000000002        1.0109982339829785E-012   0.0000000000000000     
   24.000000000000000       -1.2806330521516217E-012   0.0000000000000000     
   24.100000000000001        1.6118540947030136E-012   0.0000000000000000     
   24.200000000000003       -2.0292791736593344E-012   0.0000000000000000     
   24.300000000000001        2.5550094105588209E-012   0.0000000000000000     
   24.400000000000002       -3.2187454894806109E-012   0.0000000000000000     
   24.500000000000000        4.0439251033188228E-012   0.0000000000000000     
   24.600000000000001       -5.0791664338047556E-012   0.0000000000000000     
   24.700000000000003        6.3772322344865192E-012   0.0000000000000000     
   24.800000000000001       -7.9998865298536888E-012   0.0000000000000000     
   24.900000000000002        1.0026126562501473E-011   0.0000000000000000     
   25.000000000000000       -1.2555945966017684E-011   0.0000000000000000     
   25.100000000000001        1.5714868291178580E-011   0.0000000000000000     
   25.200000000000003       -1.9649334891925465E-011   0.0000000000000000     
   25.300000000000001        2.4550800628554480E-011   0.0000000000000000     
   25.400000000000002       -3.0647081256894414E-011   0.0000000000000000     
   25.500000000000000        3.8231178986329905E-011   0.0000000000000000     
   25.600000000000001       -4.7644925329269016E-011   0.0000000000000000     
   25.700000000000003        5.9329684710399979E-011   0.0000000000000000     
   25.800000000000001       -7.3821546242065886E-011   0.0000000000000000     
   25.900000000000002        9.1768677943811789E-011   0.0000000000000000     
   26.000000000000000       -1.1398649325027203E-010   0.0000000000000000     
   26.100000000000001        1.4145473423530568E-010   0.0000000000000000     
   26.200000000000003       -1.7538760688962404E-010   0.0000000000000000     
   26.300000000000001        2.1726947633141495E-010   0.0000000000000000     
   26.400000000000002       -2.6891160977762815E-010   0.0000000000000000     
   26.500000000000000        3.3252743803953569E-010   0.0000000000000000     
   26.600000000000001       -4.1081773993211923E-010   0.0000000000000000     
   26.700000000000003        5.0708156045105538E-010   0.0000000000000000     
   26.800000000000001       -6.2531214820184888E-010   0.0000000000000000     
   26.900000000000002        7.7040358684538017E-010   0.0000000000000000     
   27.000000000000000       -9.4826431827099214E-010   0.0000000000000000     
   27.100000000000001        1.1660801729181521E-009   0.0000000000000000     
   27.200000000000003       -1.4325700675667978E-009   0.0000000000000000     
   27.300000000000001        1.7582700984075272E-009   0.0000000000000000     
   27.400000000000002       -2.1559357682974752E-009   0.0000000000000000     
   27.500000000000000        2.6409713511336157E-009   0.0000000000000000     
   27.600000000000001       -3.2319592452308499E-009   0.0000000000000000     
   27.700000000000003        3.9512932262761491E-009   0.0000000000000000     
   27.800000000000001       -4.8259413798663950E-009   0.0000000000000000     
   27.900000000000002        5.8883026238217363E-009   0.0000000000000000     
   28.000000000000000       -7.1773026483387509E-009   0.0000000000000000     
   28.100000000000001        8.7396176584309314E-009   0.0000000000000000     
   28.200000000000003       -1.0631170074946867E-008   0.0000000000000000     
   28.300000000000001        1.2918858574319883E-008   0.0000000000000000     
   28.400000000000002       -1.5682630163219388E-008   0.0000000000000000     
   28.500000000000000        1.9017900073345559E-008   0.0000000000000000     
   28.600000000000001       -2.3038402572807136E-008   0.0000000000000000     
   28.700000000000003        2.7879545979410290E-008   0.0000000000000000     
   28.800000000000001       -3.3702300743502733E-008   0.0000000000000000     
   28.900000000000002        4.0697841034826849E-008   0.0000000000000000     
   29.000000000000000       -4.9092864637590642E-008   0.0000000000000000     
   29.100000000000001        5.9155871751975845E-008   0.0000000000000000     
   29.200000000000003       -7.1204443798211331E-008   0.0000000000000000     
   29.300000000000001        8.5613714906235848E-008   0.0000000000000000     
   29.400000000000002       -1.0282624100873145E-007   0.0000000000000000     
   29.500000000000000        1.2336335785866855E-007   0.0000000000000000     
   29.600000000000001       -1.4783843405773712E-007   0.0000000000000000     
   29.700000000000003        1.7697207190290776E-007   0.0000000000000000     
   29.800000000000001       -2.1160974357238566E-007   0.0000000000000000     
   29.900000000000002        2.5274199883087878E-007   0.0000000000000000     
   30.000000000000000       -3.0152775155057255E-007   0.0000000000000000     
   30.100000000000001        3.5932099380737271E-007   0.0000000000000000     
   30.200000000000003       -4.2770134254476098E-007   0.0000000000000000     
   30.300000000000001        5.0850898945219582E-007   0.0000000000000000     
   30.400000000000002       -6.0388458249988648E-007   0.0000000000000000     
   30.500000000000000        7.1631461516684622E-007   0.0000000000000000     
   30.600000000000001       -8.4868301643097569E-007   0.0000000000000000     
   30.700000000000003        1.0043296766794449E-006   0.0000000000000000     
   30.800000000000001       -1.1871167065043474E-006   0.0000000000000000     
   30.900000000000002        1.4015032679283472E-006   0.0000000000000000     
   31.000000000000000       -1.6526299354049734E-006   0.0000000000000000     
   31.100000000000001        1.9464135988783546E-006   0.0000000000000000     
   31.200000000000003       -2.2896540056894825E-006   0.0000000000000000     
   31.300000000000001        2.6901530486464628E-006   0.0000000000000000     
   31.400000000000002       -3.1568480905711507E-006   0.0000000000000000     
   31.500000000000000        3.6999605620205126E-006   0.0000000000000000     
   31.600000000000001       -4.3311612599138006E-006   0.0000000000000000     
   31.700000000000003        5.0637536683651574E-006   0.0000000000000000     
   31.800000000000001       -5.9128768736743814E-006   0.0000000000000000     
   31.900000000000002        6.8957294625192450E-006   0.0000000000000000     
   32.000000000000000       -8.0318160041067024E-006   0.0000000000000000     
   32.100000000000001        9.3432175635849457E-006   0.0000000000000000     
   32.200000000000003       -1.0854887763133730E-005   0.0000000000000000     
   32.300000000000004        1.2594975872481383E-005   0.0000000000000000     
   32.399999999999999       -1.4595178188703767E-005   0.0000000000000000     
   32.500000000000000        1.6891119068390667E-005   0.0000000000000000     
   32.600000000000001       -1.9522762598454376E-005   0.0000000000000000     
   32.700000000000003        2.2534855846509468E-005   0.0000000000000000     
   32.800000000000004       -2.5977404299600236E-005   0.0000000000000000     
   32.899999999999999        2.9906179793656367E-005   0.0000000000000000     
   33.000000000000000       -3.4383260850515734E-005   0.0000000000000000     
   33.100000000000001        3.9477604970819800E-005   0.0000000000000000     
   33.200000000000003       -4.5265651747372137E-005   0.0000000000000000     
   33.300000000000004        5.1831955207758369E-005   0.0000000000000000     
   33.399999999999999       -5.9269843066493615E-005   0.0000000000000000     
   33.500000000000000        6.7682099741810629E-005   0.0000000000000000     
   33.600000000000001       -7.7181669124038436E-005   0.0000000000000000     
   33.700000000000003        8.7892372215450605E-005   0.0000000000000000     
   33.800000000000004       -9.9949633569991719E-005   0.0000000000000000     
   33.899999999999999        1.1350120933101336E-004   0.0000000000000000     
   34.000000000000000       -1.2870790854899411E-004   0.0000000000000000     
   34.100000000000001        1.4574429787211424E-004   0.0000000000000000     
   34.200000000000003       -1.6479937856247228E-004   0.0000000000000000     
   34.300000000000004        1.8607722303575860E-004   0.0000000000000000     
   34.399999999999999       -2.0979755684937250E-004   0.0000000000000000     
   34.500000000000000        2.3619627024559862E-004   0.0000000000000000     
   34.600000000000001       -2.6552584185734378E-004   0.0000000000000000     
   34.700000000000003        2.9805565565524129E-004   0.0000000000000000     
   34.800000000000004       -3.3407219047722409E-004   0.0000000000000000     
   34.899999999999999        3.7387906018270873E-004   0.0000000000000000     
   35.000000000000000       -4.1779688085161085E-004   0.0000000000000000     
   35.100000000000001        4.6616294051992225E-004   0.0000000000000000     
   35.200000000000003       -5.1933064541387027E-004   0.0000000000000000     
   35.300000000000004        5.7766871632884220E-004   0.0000000000000000     
   35.399999999999999       -6.4156010783300349E-004   0.0000000000000000     
   35.500000000000000        7.1140062305103497E-004   0.0000000000000000     
   35.600000000000001       -7.8759719680048348E-004   0.0000000000000000     
   35.700000000000003        8.7056582059873730E-004   0.0000000000000000     
   35.800000000000004       -9.6072908422123059E-004   0.0000000000000000     
   35.899999999999999        1.0585133101655732E-003   0.0000000000000000     
   36.000000000000000       -1.1643452598048009E-003   0.0000000000000000     
   36.100000000000001        1.2786483929460842E-003   0.0000000000000000     
   36.200000000000003       -1.4018386664666489E-003   0.0000000000000000     
   36.300000000000004        1.5343198619477178E-003   0.0000000000000000     
   36.399999999999999       -1.6764784377475848E-003   0.0000000000000000     
   36.500000000000000        1.8286779070113932E-003   0.0000000000000000     
   36.600000000000001       -1.9912527500144327E-003   0.0000000000000000     
   36.700000000000003        2.1645018769975875E-003   0.0000000000000000     
   36.800000000000004       -2.3486816662140835E-003   0.0000000000000000     
   36.899999999999999        2.5439986110802884E-003   0.0000000000000000     
   37.000000000000000       -2.7506016203594510E-003   0.0000000000000000     
   37.100000000000001        2.9685740257090511E-003   0.0000000000000000     
   37.200000000000003       -3.1979253619774796E-003   0.0000000000000000     
   37.300000000000004        3.4385829969220665E-003   0.0000000000000000     
   37.399999999999999       -3.6903836985990382E-003   0.0000000000000000     
   37.500000000000000        3.9530652400225526E-003   0.0000000000000000     
   37.600000000000001       -4.2262581521271521E-003   0.0000000000000000     
   37.700000000000003        4.5094777468902480E-003   0.0000000000000000     
   37.800000000000004       -4.8021165425344379E-003   0.0000000000000000     
   37.899999999999999        5.1034372321190286E-003   0.0000000000000000     
   38.000000000000000       -5.4125663445524549E-003   0.0000000000000000     
   38.100000000000001        5.7284887538423404E-003   0.0000000000000000     
   38.200000000000003       -6.0500431966562310E-003   0.0000000000000000     
   38.300000000000004        6.3759189610803008E-003   0.0000000000000000     
   38.400000000000006       -6.7046539094030794E-003   0.0000000000000000     
   38.500000000000000        7.0346339952814868E-003   0.0000000000000000     
   38.600000000000001       -7.3640944300876502E-003   0.0000000000000000     
   38.700000000000003        7.6911226446856112E-003   0.0000000000000000     
   38.800000000000004       -8.0136631809346447E-003   0.0000000000000000     
   38.900000000000006        8.3295246317728732E-003   0.0000000000000000     
   39.000000000000000       -8.6363887298795683E-003   0.0000000000000000     
   39.100000000000001        8.9318216624274284E-003   0.0000000000000000     
   39.200000000000003       -9.2132876634380776E-003   0.0000000000000000     
   39.300000000000004        9.4781649060864098E-003   0.0000000000000000     
   39.400000000000006       -9.7237636845846770E-003   0.0000000000000000     
   39.500000000000000        9.9473468403881854E-003   0.0000000000000000     
   39.600000000000001       -1.0146152349217048E-002   0.0000000000000000     
   39.700000000000003        1.0317417946157972E-002   0.0000000000000000     
   39.800000000000004       -1.0458407624571299E-002   0.0000000000000000     
   39.900000000000006        1.0566439802820184E-002   0.0000000000000000     
   40.000000000000000       -1.0638916910849523E-002   0.0000000000000000     
   40.100000000000001        1.0673356107122736E-002   0.0000000000000000     
   40.200000000000003       -1.0667420797358152E-002   0.0000000000000000     
   40.300000000000004        1.0618952588141875E-002   0.0000000000000000     
   40.400000000000006       -1.0526003276343522E-002   0.0000000000000000     
   40.500000000000000        1.0386866443276088E-002   0.0000000000000000     
   40.600000000000001       -1.0200108200943917E-002   0.0000000000000000     
   40.700000000000003        9.9645966163300747E-003   0.0000000000000000     
   40.800000000000004       -9.6795293307696696E-003   0.0000000000000000     
   40.900000000000006        9.3444588857032728E-003   0.0000000000000000     
   41.000000000000000       -8.9593152706425993E-003   0.0000000000000000     
   41.100000000000001        8.5244252239696401E-003   0.0000000000000000     
   41.200000000000003       -8.0405278344705313E-003   0.0000000000000000     
   41.300000000000004        7.5087860308889589E-003   0.0000000000000000     
   41.400000000000006       -6.9307935757180637E-003   0.0000000000000000     
   41.500000000000000        6.3085772434598418E-003   0.0000000000000000     
   41.600000000000001       -5.6445939059691971E-003   0.0000000000000000     
   41.700000000000003        4.9417223288008650E-003   0.0000000000000000     
   41.800000000000004       -4.2032495452987723E-003   0.0000000000000000     
   41.900000000000006        3.4328517572846241E-003   0.0000000000000000     
   42.000000000000000       -2.6345698067784563E-003   0.0000000000000000     
   42.100000000000001        1.8127793231052618E-003   0.0000000000000000     
   42.200000000000003       -9.7215579013245658E-004   0.0000000000000000     
   42.300000000000004        1.1763479605000274E-004   0.0000000000000000     
   42.400000000000006        7.4563208777011180E-004   0.0000000000000000     
   42.500000000000000       -1.6123253761720763E-003   0.0000000000000000     
   42.600000000000001        2.4770090710459517E-003   0.0000000000000000     
   42.700000000000003       -3.3341848006071466E-003   0.0000000000000000     
   42.800000000000004        4.1783479814400063E-003   0.0000000000000000     
   42.900000000000006       -5.0040452193818100E-003   0.0000000000000000     
   43.000000000000000        5.8059322402927317E-003   0.0000000000000000     
   43.100000000000001       -6.5788313577280324E-003   0.0000000000000000     
   43.200000000000003        7.3177878853396550E-003   0.0000000000000000     
   43.300000000000004       -8.0181243133467597E-003   0.0000000000000000     
   43.400000000000006        8.6754918314507334E-003   0.0000000000000000     
   43.500000000000000       -9.2859179506556040E-003   0.0000000000000000     
   43.600000000000001        9.8458499101276506E-003   0.0000000000000000     
   43.700000000000003       -1.0352192839435365E-002   0.0000000000000000     
   43.800000000000004        1.0802342205394909E-002   0.0000000000000000     
   43.900000000000006       -1.1194210202324299E-002   0.0000000000000000     
   44.000000000000000        1.1526245018775015E-002   0.0000000000000000     
   44.100000000000001       -1.1797443899954253E-002   0.0000000000000000     
   44.200000000000003        1.2007357879184551E-002   0.0000000000000000     
   44.300000000000004       -1.2156090772189794E-002   0.0000000000000000     
   44.400000000000006        1.2244289112940843E-002   0.0000000000000000     
   44.500000000000000       -1.2273127096663620E-002   0.0000000000000000     
   44.600000000000001        1.2244282741492382E-002   0.0000000000000000     
   44.700000000000003       -1.2159909407142466E-002   0.0000000000000000     
   44.800000000000004        1.2022600561889984E-002   0.0000000000000000     
   44.900000000000006       -1.1835348961667892E-002   0.0000000000000000     
   45.000000000000000        1.1601503618073741E-002   0.0000000000000000     
   45.100000000000001       -1.1324718160700577E-002   0.0000000000000000     
   45.200000000000003        1.1008904320552820E-002   0.0000000000000000     
   45.300000000000004       -1.0658171713374607E-002   0.0000000000000000     
   45.400000000000006        1.0276781900581108E-002   0.0000000000000000     
   45.500000000000000       -9.8690832384058375E-003   0.0000000000000000     
   45.600000000000001        9.4394678702473013E-003   0.0000000000000000     
   45.700000000000003       -8.9923077650562178E-003   0.0000000000000000     
   45.800000000000004        8.5319135628287891E-003   0.0000000000000000     
   45.900000000000006       -8.0624815275816587E-003   0.0000000000000000     
   46.000000000000000        7.5880483179062552E-003   0.0000000000000000     
   46.100000000000001       -7.1124626193363912E-003   0.0000000000000000     
   46.200000000000003        6.6393249624180301E-003   0.0000000000000000     
   46.300000000000004       -6.1720004120747194E-003   0.0000000000000000     
   46.400000000000006        5.7135302186084817E-003   0.0000000000000000     
   46.500000000000000       -5.2666997979156655E-003   0.0000000000000000     
   46.600000000000001        4.8339134798677588E-003   0.0000000000000000     
   46.700000000000003       -4.4173204620043399E-003   0.0000000000000000     
   46.800000000000004        4.0186604036990554E-003   0.0000000000000000     
   46.900000000000006       -3.6394240289403636E-003   0.0000000000000000     
   47.000000000000000        3.2807105180783524E-003   0.0000000000000000     
   47.100000000000001       -2.9433555605276056E-003   0.0000000000000000     
   47.200000000000003        2.6278929674018910E-003   0.0000000000000000     
   47.300000000000004       -2.3345227930187140E-003   0.0000000000000000     
   47.400000000000006        2.0633337347620876E-003   0.0000000000000000     
   47.500000000000000       -1.8139184978500334E-003   0.0000000000000000     
   47.600000000000001        1.5860727163684314E-003   0.0000000000000000     
   47.700000000000003       -1.3788196062293277E-003   0.0000000000000000     
   47.800000000000004        1.1918207604837226E-003   0.0000000000000000     
   47.900000000000006       -1.0235917099076621E-003   0.0000000000000000     
   48.000000000000000        8.7378535721673511E-004   0.0000000000000000     
   48.100000000000001       -7.4052898137110944E-004   0.0000000000000000     
   48.200000000000003        6.2349852573252522E-004   0.0000000000000000     
   48.300000000000004       -5.2066656518297858E-004   0.0000000000000000     
   48.400000000000006        4.3159046091184133E-004   0.0000000000000000     
   48.500000000000000       -3.5451373170054064E-004   0.0000000000000000     
   48.600000000000001        2.8846612910320889E-004   0.0000000000000000     
   48.700000000000003       -2.3266994403350753E-004   0.0000000000000000     
   48.800000000000004        1.8485748923544840E-004   0.0000000000000000     
   48.900000000000006       -1.4630080993333679E-004   0.0000000000000000     
   49.000000000000000        1.1223960209979081E-004   0.0000000000000000     
   49.100000000000001       -8.7465164960085946E-005   0.0000000000000000     
   49.200000000000003        6.3113023306077056E-005   0.0000000000000000     
   49.300000000000004       -4.9296156794901563E-005   0.0000000000000000     
   49.400000000000006        3.1183382392093463E-005   0.0000000000000000     
   49.500000000000000       -2.5829622906706531E-005   0.0000000000000000     
   49.600000000000001        1.3482581455131474E-005   0.0000000000000000     
   49.700000000000003       -1.3209734958664144E-005   0.0000000000000000     
   49.800000000000004       -8.2598673639431862E-006   0.0000000000000000     
   49.900000000000006        5.0654071924799070E-054   0.0000000000000000     
