   0.0000000000000000        1.1431840298981643E-005   0.0000000000000000     
  0.10000000000000001        1.0114274739247537E-005   0.0000000000000000     
  0.20000000000000001        8.0700236779693183E-006   0.0000000000000000     
  0.30000000000000004        8.9856843003801319E-006   0.0000000000000000     
  0.40000000000000002        5.3400797570282630E-006   0.0000000000000000     
  0.50000000000000000        7.4109935868989553E-006   0.0000000000000000     
  0.60000000000000009        2.4366569826582152E-006   0.0000000000000000     
  0.70000000000000007        6.2756305471099657E-006   0.0000000000000000     
  0.80000000000000004       -1.6455707278234155E-008   0.0000000000000000     
  0.90000000000000002        6.0628058362682284E-006   0.0000000000000000     
   1.0000000000000000       -2.3047342394503373E-006   0.0000000000000000     
   1.1000000000000001        6.6846258126083894E-006   0.0000000000000000     
   1.2000000000000002       -4.7208064501999100E-006   0.0000000000000000     
   1.3000000000000000        8.1479636415051640E-006   0.0000000000000000     
   1.4000000000000001       -7.5458991810633195E-006   0.0000000000000000     
   1.5000000000000000        1.0549363749057752E-005   0.0000000000000000     
   1.6000000000000001       -1.1076706431994442E-005   0.0000000000000000     
   1.7000000000000002        1.4074174526944467E-005   0.0000000000000000     
   1.8000000000000000       -1.5650341524382221E-005   0.0000000000000000     
   1.9000000000000001        1.9002183545282396E-005   0.0000000000000000     
   2.0000000000000000       -2.1668707971465710E-005   0.0000000000000000     
   2.1000000000000001        2.5718946184824843E-005   0.0000000000000000     
   2.2000000000000002       -2.9623467273955207E-005   0.0000000000000000     
   2.3000000000000003        3.4732197683303740E-005   0.0000000000000000     
   2.4000000000000004       -4.0122435196501455E-005   0.0000000000000000     
   2.5000000000000000        4.6692833797695289E-005   0.0000000000000000     
   2.6000000000000001       -5.3917898134273799E-005   0.0000000000000000     
   2.7000000000000002        6.2419926076810790E-005   0.0000000000000000     
   2.8000000000000003       -7.1936984285504349E-005   0.0000000000000000     
   2.9000000000000004        8.2929106027885844E-005   0.0000000000000000     
   3.0000000000000000       -9.5313829046177453E-005   0.0000000000000000     
   3.1000000000000001        1.0946340869659738E-004   0.0000000000000000     
   3.2000000000000002       -1.2542282423654155E-004   0.0000000000000000     
   3.3000000000000003        1.4352531325970277E-004   0.0000000000000000     
   3.4000000000000004       -1.6391172650444684E-004   0.0000000000000000     
   3.5000000000000000        1.8690826274340774E-004   0.0000000000000000     
   3.6000000000000001       -2.1273281998001855E-004   0.0000000000000000     
   3.7000000000000002        2.4172539982397683E-004   0.0000000000000000     
   3.8000000000000003       -2.7416969124761676E-004   0.0000000000000000     
   3.9000000000000004        3.1043264355294723E-004   0.0000000000000000     
   4.0000000000000000       -3.5085650285018990E-004   0.0000000000000000     
   4.1000000000000005        3.9584258738209883E-004   0.0000000000000000     
   4.2000000000000002       -4.4578598128734384E-004   0.0000000000000000     
   4.2999999999999998        5.0112507045001024E-004   0.0000000000000000     
   4.4000000000000004       -5.6230171993156041E-004   0.0000000000000000     
   4.5000000000000000        6.2978972572561151E-004   0.0000000000000000     
   4.6000000000000005       -7.0406990520387386E-004   0.0000000000000000     
   4.7000000000000002        7.8564541921828245E-004   0.0000000000000000     
   4.8000000000000007       -8.7502528967264598E-004   0.0000000000000000     
   4.9000000000000004        9.7273135586421321E-004   0.0000000000000000     
   5.0000000000000000       -1.0792862542673774E-003   0.0000000000000000     
   5.1000000000000005        1.1952148402102258E-003   0.0000000000000000     
   5.2000000000000002       -1.3210342247136134E-003   0.0000000000000000     
   5.3000000000000007        1.4572513455704467E-003   0.0000000000000000     
   5.4000000000000004       -1.6043536329248488E-003   0.0000000000000000     
   5.5000000000000000        1.7628037577536010E-003   0.0000000000000000     
   5.6000000000000005       -1.9330301273908044E-003   0.0000000000000000     
   5.7000000000000002        2.1154194913872884E-003   0.0000000000000000     
   5.8000000000000007       -2.3103068947259151E-003   0.0000000000000000     
   5.9000000000000004        2.5179666672447195E-003   0.0000000000000000     
   6.0000000000000000       -2.7386017726517627E-003   0.0000000000000000     
   6.1000000000000005        2.9723336759871271E-003   0.0000000000000000     
   6.2000000000000002       -3.2191912708811605E-003   0.0000000000000000     
   6.3000000000000007        3.4791001622099678E-003   0.0000000000000000     
   6.4000000000000004       -3.7518715584764456E-003   0.0000000000000000     
   6.5000000000000000        4.0371915906620330E-003   0.0000000000000000     
   6.6000000000000005       -4.3346107312738818E-003   0.0000000000000000     
   6.7000000000000002        4.6435338697399615E-003   0.0000000000000000     
   6.8000000000000007       -4.9632109645911882E-003   0.0000000000000000     
   6.9000000000000004        5.2927286883699418E-003   0.0000000000000000     
   7.0000000000000000       -5.6310031282068365E-003   0.0000000000000000     
   7.1000000000000005        5.9767738794541921E-003   0.0000000000000000     
   7.2000000000000002       -6.3285996715845699E-003   0.0000000000000000     
   7.3000000000000007        6.6848558119266925E-003   0.0000000000000000     
   7.4000000000000004       -7.0437336163703870E-003   0.0000000000000000     
   7.5000000000000000        7.4032420666466214E-003   0.0000000000000000     
   7.6000000000000005       -7.7612118575840494E-003   0.0000000000000000     
   7.7000000000000002        8.1153020212066072E-003   0.0000000000000000     
   7.8000000000000007       -8.4630092555411981E-003   0.0000000000000000     
   7.9000000000000004        8.8016800788721147E-003   0.0000000000000000     
   8.0000000000000000       -9.1285258760017175E-003   0.0000000000000000     
   8.0999999999999996        9.4406408750892755E-003   0.0000000000000000     
   8.2000000000000011       -9.7350230387136961E-003   0.0000000000000000     
   8.3000000000000007        1.0008597810482986E-002   0.0000000000000000     
   8.4000000000000004       -1.0258244601159238E-002   0.0000000000000000     
   8.5000000000000000        1.0480825847384072E-002   0.0000000000000000     
   8.5999999999999996       -1.0673218417204047E-002   0.0000000000000000     
   8.7000000000000011        1.0832347082318197E-002   0.0000000000000000     
   8.8000000000000007       -1.0955219719921815E-002   0.0000000000000000     
   8.9000000000000004        1.1038963854379507E-002   0.0000000000000000     
   9.0000000000000000       -1.1080864098036653E-002   0.0000000000000000     
   9.0999999999999996        1.1078400005230254E-002   0.0000000000000000     
   9.2000000000000011       -1.1029283813193524E-002   0.0000000000000000     
   9.3000000000000007        1.0931497511201560E-002   0.0000000000000000     
   9.4000000000000004       -1.0783328654539194E-002   0.0000000000000000     
   9.5000000000000000        1.0583404324847244E-002   0.0000000000000000     
   9.6000000000000014       -1.0330722633585620E-002   0.0000000000000000     
   9.7000000000000011        1.0024681171599539E-002   0.0000000000000000     
   9.8000000000000007       -9.6651018255638817E-003   0.0000000000000000     
   9.9000000000000004        9.2522514119814468E-003   0.0000000000000000     
   10.000000000000000       -8.7868576211713716E-003   0.0000000000000000     
   10.100000000000001        8.2701198173525080E-003   0.0000000000000000     
   10.200000000000001       -7.7037143058869472E-003   0.0000000000000000     
   10.300000000000001        7.0897937542591001E-003   0.0000000000000000     
   10.400000000000000       -6.4309805384081863E-003   0.0000000000000000     
   10.500000000000000        5.7303538792169576E-003   0.0000000000000000     
   10.600000000000001       -4.9914307336995428E-003   0.0000000000000000     
   10.700000000000001        4.2181405099492560E-003   0.0000000000000000     
   10.800000000000001       -3.4147937821787685E-003   0.0000000000000000     
   10.900000000000000        2.5860452900352401E-003   0.0000000000000000     
   11.000000000000000       -1.7368516125266745E-003   0.0000000000000000     
   11.100000000000001        8.7242400910884726E-004   0.0000000000000000     
   11.200000000000001        1.8229836229172751E-006   0.0000000000000000     
   11.300000000000001       -8.8032652387066805E-004   0.0000000000000000     
   11.400000000000000        1.7574332526893277E-003   0.0000000000000000     
   11.500000000000000       -2.6274590815235257E-003   0.0000000000000000     
   11.600000000000001        3.4847501127562622E-003   0.0000000000000000     
   11.700000000000001       -4.3237437926031304E-003   0.0000000000000000     
   11.800000000000001        5.1390293782592345E-003   0.0000000000000000     
   11.900000000000000       -5.9254068012190913E-003   0.0000000000000000     
   12.000000000000000        6.6779430264774535E-003   0.0000000000000000     
   12.100000000000001       -7.3920250427386919E-003   0.0000000000000000     
   12.200000000000001        8.0634086712516907E-003   0.0000000000000000     
   12.300000000000001       -8.6882624496585539E-003   0.0000000000000000     
   12.400000000000000        9.2632059308068171E-003   0.0000000000000000     
   12.500000000000000       -9.7853418331165596E-003   0.0000000000000000     
   12.600000000000001        1.0252281587003512E-002   0.0000000000000000     
   12.700000000000001       -1.0662163938498869E-002   0.0000000000000000     
   12.800000000000001        1.1013666394089478E-002   0.0000000000000000     
   12.900000000000000       -1.1306009417471551E-002   0.0000000000000000     
   13.000000000000000        1.1538953416289584E-002   0.0000000000000000     
   13.100000000000001       -1.1712788682411331E-002   0.0000000000000000     
   13.200000000000001        1.1828318570268146E-002   0.0000000000000000     
   13.300000000000001       -1.1886836311362557E-002   0.0000000000000000     
   13.400000000000000        1.1890095967059229E-002   0.0000000000000000     
   13.500000000000000       -1.1840278114119846E-002   0.0000000000000000     
   13.600000000000001        1.1739950936043604E-002   0.0000000000000000     
   13.700000000000001       -1.1592027456912171E-002   0.0000000000000000     
   13.800000000000001        1.1399719701937905E-002   0.0000000000000000     
   13.900000000000000       -1.1166490599510583E-002   0.0000000000000000     
   14.000000000000000        1.0896004453134503E-002   0.0000000000000000     
   14.100000000000001       -1.0592076808311351E-002   0.0000000000000000     
   14.200000000000001        1.0258624519744944E-002   0.0000000000000000     
   14.300000000000001       -9.8996167892125876E-003   0.0000000000000000     
   14.400000000000000        9.5190278952846496E-003   0.0000000000000000     
   14.500000000000000       -9.1207922744821202E-003   0.0000000000000000     
   14.600000000000001        8.7087625411913505E-003   0.0000000000000000     
   14.700000000000001       -8.2866709527894510E-003   0.0000000000000000     
   14.800000000000001        7.8580947392219904E-003   0.0000000000000000     
   14.900000000000000       -7.4264256247569983E-003   0.0000000000000000     
   15.000000000000000        6.9948437762329691E-003   0.0000000000000000     
   15.100000000000001       -6.5662963190268302E-003   0.0000000000000000     
   15.200000000000001        6.1434804710813109E-003   0.0000000000000000     
   15.300000000000001       -5.7288312587577758E-003   0.0000000000000000     
   15.400000000000000        5.3245136976650493E-003   0.0000000000000000     
   15.500000000000000       -4.9324192483655620E-003   0.0000000000000000     
   15.600000000000001        4.5541662923024740E-003   0.0000000000000000     
   15.700000000000001       -4.1911043182071015E-003   0.0000000000000000     
   15.800000000000001        3.8443214643636881E-003   0.0000000000000000     
   15.900000000000000       -3.5146550277378274E-003   0.0000000000000000     
   16.000000000000000        3.2027045270497504E-003   0.0000000000000000     
   16.100000000000001       -2.9088468933872774E-003   0.0000000000000000     
   16.199999999999999        2.6332533582612244E-003   0.0000000000000000     
   16.300000000000001       -2.3759076144202148E-003   0.0000000000000000     
   16.400000000000002        2.1366248386392563E-003   0.0000000000000000     
   16.500000000000000       -1.9150711867957982E-003   0.0000000000000000     
   16.600000000000001        1.7107833988600700E-003   0.0000000000000000     
   16.699999999999999       -1.5231881838976503E-003   0.0000000000000000     
   16.800000000000001        1.3516210913679628E-003   0.0000000000000000     
   16.900000000000002       -1.1953446139539980E-003   0.0000000000000000     
   17.000000000000000        1.0535653076040074E-003   0.0000000000000000     
   17.100000000000001       -9.2544975522910859E-004   0.0000000000000000     
   17.199999999999999        8.1013924089580784E-004   0.0000000000000000     
   17.300000000000001       -7.0676304014342462E-004   0.0000000000000000     
   17.400000000000002        6.1445026860728518E-004   0.0000000000000000     
   17.500000000000000       -5.3234026508500816E-004   0.0000000000000000     
   17.600000000000001        4.5959151557545497E-004   0.0000000000000000     
   17.699999999999999       -3.9538915161045900E-004   0.0000000000000000     
   17.800000000000001        3.3895107929076215E-004   0.0000000000000000     
   17.900000000000002       -2.8953281428386647E-004   0.0000000000000000     
   18.000000000000000        2.4643111310811795E-004   0.0000000000000000     
   18.100000000000001       -2.0898650233703580E-004   0.0000000000000000     
   18.199999999999999        1.7658481480110636E-004   0.0000000000000000     
   18.300000000000001       -1.4865784619991841E-004   0.0000000000000000     
   18.400000000000002        1.2468324682303979E-004   0.0000000000000000     
   18.500000000000000       -1.0418376154563477E-004   0.0000000000000000     
   18.600000000000001        8.6725927713099274E-005   0.0000000000000000     
   18.699999999999999       -7.1918334993342702E-005   0.0000000000000000     
   18.800000000000001        5.9409544186875886E-005   0.0000000000000000     
   18.900000000000002       -4.8885754031712601E-005   0.0000000000000000     
   19.000000000000000        4.0068296189386165E-005   0.0000000000000000     
   19.100000000000001       -3.2711029263683489E-005   0.0000000000000000     
   19.200000000000003        2.6597693451194805E-005   0.0000000000000000     
   19.300000000000001       -2.1539278193823495E-005   0.0000000000000000     
   19.400000000000002        1.7371446182899686E-005   0.0000000000000000     
   19.500000000000000       -1.3952048691562815E-005   0.0000000000000000     
   19.600000000000001        1.1158759480985945E-005   0.0000000000000000     
   19.700000000000003       -8.8868473499813723E-006   0.0000000000000000     
   19.800000000000001        7.0471010671530618E-006   0.0000000000000000     
   19.900000000000002       -5.5639149871412983E-006   0.0000000000000000     
   20.000000000000000        4.3735388656683636E-006   0.0000000000000000     
   20.100000000000001       -3.4224914039891351E-006   0.0000000000000000     
   20.200000000000003        2.6661338974459228E-006   0.0000000000000000     
   20.300000000000001       -2.0673977873274358E-006   0.0000000000000000     
   20.400000000000002        1.5956579811816091E-006   0.0000000000000000     
   20.500000000000000       -1.2257424818988233E-006   0.0000000000000000     
   20.600000000000001        9.3706797185804200E-007   0.0000000000000000     
   20.700000000000003       -7.1289050820515950E-007   0.0000000000000000     
   20.800000000000001        5.3966036771102795E-007   0.0000000000000000     
   20.900000000000002       -4.0647026463511215E-007   0.0000000000000000     
   21.000000000000000        3.0458650656233404E-007   0.0000000000000000     
   21.100000000000001       -2.2705317310532919E-007   0.0000000000000000     
   21.200000000000003        1.6836010752489607E-007   0.0000000000000000     
   21.300000000000001       -1.2416618493601228E-007   0.0000000000000000     
   21.400000000000002        9.1070099160932087E-008   0.0000000000000000     
   21.500000000000000       -6.6421748684047989E-008   0.0000000000000000     
   21.600000000000001        4.8167966685732861E-008   0.0000000000000000     
   21.700000000000003       -3.4727125053349795E-008   0.0000000000000000     
   21.800000000000001        2.4887900070242036E-008   0.0000000000000000     
   21.900000000000002       -1.7728022303456117E-008   0.0000000000000000     
   22.000000000000000        1.2549477037842041E-008   0.0000000000000000     
   22.100000000000001       -8.8271746036127689E-009   0.0000000000000000     
   22.200000000000003        6.1685374844355003E-009   0.0000000000000000     
   22.300000000000001       -4.2819089728445115E-009   0.0000000000000000     
   22.400000000000002        2.9519864927470715E-009   0.0000000000000000     
   22.500000000000000       -2.0208485561661464E-009   0.0000000000000000     
   22.600000000000001        1.3734471406801918E-009   0.0000000000000000     
   22.700000000000003       -9.2653500885834020E-010   0.0000000000000000     
   22.800000000000001        6.2028210319594113E-010   0.0000000000000000     
   22.900000000000002       -4.1199944204707144E-010   0.0000000000000000     
   23.000000000000000        2.7143976151361030E-010   0.0000000000000000     
   23.100000000000001       -1.7733766498508099E-010   0.0000000000000000     
   23.200000000000003        1.1486042635267285E-010   0.0000000000000000     
   23.300000000000001       -7.3729063843629987E-011   0.0000000000000000     
   23.400000000000002        4.6888360375856895E-011   0.0000000000000000     
   23.500000000000000       -2.9533076261920775E-011   0.0000000000000000     
   23.600000000000001        1.8414481529023961E-011   0.0000000000000000     
   23.700000000000003       -1.1364433675433029E-011   0.0000000000000000     
   23.800000000000001        6.9371779415587343E-012   0.0000000000000000     
   23.900000000000002       -4.1856280527632868E-012   0.0000000000000000     
   24.000000000000000        2.4976805552082036E-012   0.0000000000000000     
   24.100000000000001       -1.4704250106476431E-012   0.0000000000000000     
   24.200000000000003        8.5566661370072353E-013   0.0000000000000000     
   24.300000000000001       -4.9196582262950189E-013   0.0000000000000000     
   24.400000000000002        2.7532944237123737E-013   0.0000000000000000     
   24.500000000000000       -1.5544469658724280E-013   0.0000000000000000     
   24.600000000000001        8.7974871883509778E-014   0.0000000000000000     
   24.700000000000003       -4.6096103085826850E-014   0.0000000000000000     
   24.800000000000001        2.5386561116510420E-014   0.0000000000000000     
   24.900000000000002       -1.2973298824343222E-014   0.0000000000000000     
   25.000000000000000        7.4024473212840288E-015   0.0000000000000000     
   25.100000000000001       -5.5131382991374727E-015   0.0000000000000000     
   25.200000000000003       -1.1549325413363644E-015   0.0000000000000000     
   25.300000000000001        9.1250961126924562E-016   0.0000000000000000     
   25.400000000000002        4.0916148495973932E-015   0.0000000000000000     
   25.500000000000000       -1.2193584781244795E-015   0.0000000000000000     
   25.600000000000001       -2.2248592068662991E-015   0.0000000000000000     
   25.700000000000003       -7.1368323818868750E-016   0.0000000000000000     
   25.800000000000001        4.1173289399207285E-015   0.0000000000000000     
   25.900000000000002       -1.2538088275770078E-015   0.0000000000000000     
   26.000000000000000       -4.8505028186632599E-016   0.0000000000000000     
   26.100000000000001       -2.0094712443191484E-015   0.0000000000000000     
   26.200000000000003       -2.7634326225846176E-016   0.0000000000000000     
   26.300000000000001        2.9677126762689252E-016   0.0000000000000000     
   26.400000000000002        1.3219874138287221E-015   0.0000000000000000     
   26.500000000000000        3.4064892268136027E-015   0.0000000000000000     
   26.600000000000001       -2.1422328924758742E-015   0.0000000000000000     
   26.700000000000003        1.0828776390031492E-016   0.0000000000000000     
   26.800000000000001       -5.0106609829485458E-015   0.0000000000000000     
   26.900000000000002        3.7999812673952440E-015   0.0000000000000000     
   27.000000000000000       -2.1808746917290579E-015   0.0000000000000000     
   27.100000000000001        3.5493932759234375E-015   0.0000000000000000     
   27.200000000000003       -2.2283424288688727E-015   0.0000000000000000     
   27.300000000000001        4.9595244440733012E-015   0.0000000000000000     
   27.400000000000002       -5.1686154385091957E-015   0.0000000000000000     
   27.500000000000000        1.2011485539809742E-015   0.0000000000000000     
   27.600000000000001       -2.7545612966616252E-015   0.0000000000000000     
   27.700000000000003        3.7310840772161997E-015   0.0000000000000000     
   27.800000000000001       -3.0016651086129417E-015   0.0000000000000000     
   27.900000000000002        2.3385837580618929E-015   0.0000000000000000     
   28.000000000000000       -2.1656190807531599E-015   0.0000000000000000     
   28.100000000000001        5.6026604119603100E-015   0.0000000000000000     
   28.200000000000003       -3.8862734375681202E-015   0.0000000000000000     
   28.300000000000001        1.6129908422376427E-015   0.0000000000000000     
   28.400000000000002       -4.9974842618177068E-015   0.0000000000000000     
   28.500000000000000        4.0632560093659164E-015   0.0000000000000000     
   28.600000000000001       -3.3717163189003399E-015   0.0000000000000000     
   28.700000000000003        3.3623937487706170E-015   0.0000000000000000     
   28.800000000000001       -2.2685928649591117E-015   0.0000000000000000     
   28.900000000000002        4.5988372211672926E-015   0.0000000000000000     
   29.000000000000000       -3.0493241354656157E-015   0.0000000000000000     
   29.100000000000001        7.6046994146348600E-016   0.0000000000000000     
   29.200000000000003        1.8246540357731474E-015   0.0000000000000000     
   29.300000000000001       -2.6997831290482102E-015   0.0000000000000000     
   29.400000000000002       -3.5673844315238757E-015   0.0000000000000000     
   29.500000000000000       -5.7362549800586567E-016   0.0000000000000000     
   29.600000000000001        2.9113009896911468E-015   0.0000000000000000     
   29.700000000000003        4.0986872648493962E-015   0.0000000000000000     
   29.800000000000001        1.2534217172228568E-015   0.0000000000000000     
   29.900000000000002       -2.9865934949538809E-015   0.0000000000000000     
   30.000000000000000        3.0564526427369341E-015   0.0000000000000000     
   30.100000000000001       -7.4174832243656353E-015   0.0000000000000000     
   30.200000000000003        3.3620517700974910E-016   0.0000000000000000     
   30.300000000000001       -1.0831114746093002E-015   0.0000000000000000     
   30.400000000000002        3.6929216524016292E-015   0.0000000000000000     
   30.500000000000000        9.6905229882093538E-016   0.0000000000000000     
   30.600000000000001        2.0251848765960311E-015   0.0000000000000000     
   30.700000000000003        5.3707896536330677E-016   0.0000000000000000     
   30.800000000000001       -7.9471604093949631E-016   0.0000000000000000     
   30.900000000000002       -3.3883606908437975E-015   0.0000000000000000     
   31.000000000000000       -1.8998245361139518E-015   0.0000000000000000     
   31.100000000000001        1.2486807892078151E-015   0.0000000000000000     
   31.200000000000003        4.3022054850596363E-016   0.0000000000000000     
   31.300000000000001        2.1004652649822901E-015   0.0000000000000000     
   31.400000000000002       -2.4551689191350012E-015   0.0000000000000000     
   31.500000000000000        4.7391279301615592E-015   0.0000000000000000     
   31.600000000000001       -2.4964448604127268E-015   0.0000000000000000     
   31.700000000000003        4.9984683161630974E-016   0.0000000000000000     
   31.800000000000001       -2.1134665734919983E-015   0.0000000000000000     
   31.900000000000002        1.3154196115850472E-015   0.0000000000000000     
   32.000000000000000       -4.3583796383322218E-016   0.0000000000000000     
   32.100000000000001       -1.4879034947189939E-015   0.0000000000000000     
   32.200000000000003        1.1242281721029332E-015   0.0000000000000000     
   32.300000000000004       -1.9230565295763876E-015   0.0000000000000000     
   32.399999999999999        4.7090501017396744E-015   0.0000000000000000     
   32.500000000000000       -3.0094897912521916E-015   0.0000000000000000     
   32.600000000000001        3.7597329989919426E-015   0.0000000000000000     
   32.700000000000003       -2.3610330909286907E-015   0.0000000000000000     
   32.800000000000004       -1.5774601125567702E-015   0.0000000000000000     
   32.899999999999999       -2.2229772290125602E-016   0.0000000000000000     
   33.000000000000000        1.8684528317888465E-016   0.0000000000000000     
   33.100000000000001        3.6206010757134738E-016   0.0000000000000000     
   33.200000000000003        9.0508190516822449E-018   0.0000000000000000     
   33.300000000000004        1.2096287978296061E-015   0.0000000000000000     
   33.399999999999999        7.1139312847603505E-016   0.0000000000000000     
   33.500000000000000       -4.1531290538005505E-016   0.0000000000000000     
   33.600000000000001       -3.2497687171765392E-015   0.0000000000000000     
   33.700000000000003        2.1573802859566693E-015   0.0000000000000000     
   33.800000000000004        8.9778904357290971E-016   0.0000000000000000     
   33.899999999999999       -5.0971281919504036E-016   0.0000000000000000     
   34.000000000000000        5.7739725569106905E-016   0.0000000000000000     
   34.100000000000001       -2.6437754136286262E-015   0.0000000000000000     
   34.200000000000003        2.6607730610595667E-015   0.0000000000000000     
   34.300000000000004       -1.0403413146767568E-015   0.0000000000000000     
   34.399999999999999        1.0857344448677007E-015   0.0000000000000000     
   34.500000000000000       -3.7379025699977121E-015   0.0000000000000000     
   34.600000000000001        2.8612672098697178E-015   0.0000000000000000     
   34.700000000000003        7.0004810007498256E-016   0.0000000000000000     
   34.800000000000004       -8.0002960736979622E-017   0.0000000000000000     
   34.899999999999999        2.1166846834350225E-015   0.0000000000000000     
   35.000000000000000       -3.5207549088325566E-015   0.0000000000000000     
   35.100000000000001        2.7914105172941064E-016   0.0000000000000000     
   35.200000000000003       -2.0561891575016796E-015   0.0000000000000000     
   35.300000000000004        2.1936803351262305E-015   0.0000000000000000     
   35.399999999999999        3.4366587086698217E-016   0.0000000000000000     
   35.500000000000000        5.1293646131954840E-016   0.0000000000000000     
   35.600000000000001        1.9033951239984182E-015   0.0000000000000000     
   35.700000000000003       -4.0735481272836636E-015   0.0000000000000000     
   35.800000000000004        1.6320222270940021E-015   0.0000000000000000     
   35.899999999999999       -9.5150465868250736E-016   0.0000000000000000     
   36.000000000000000        3.5892322641650607E-015   0.0000000000000000     
   36.100000000000001       -2.4383319478770739E-015   0.0000000000000000     
   36.200000000000003       -1.9566247292807188E-015   0.0000000000000000     
   36.300000000000004        8.4557316488880776E-016   0.0000000000000000     
   36.399999999999999        1.8500947886929964E-017   0.0000000000000000     
   36.500000000000000        2.0150593931356895E-015   0.0000000000000000     
   36.600000000000001       -8.9771269303862072E-017   0.0000000000000000     
   36.700000000000003       -1.6820423912884439E-015   0.0000000000000000     
   36.800000000000004        4.5821234903873451E-016   0.0000000000000000     
   36.899999999999999        1.6474125478949553E-015   0.0000000000000000     
   37.000000000000000       -1.5868599767677609E-015   0.0000000000000000     
   37.100000000000001        1.1576462026128181E-016   0.0000000000000000     
   37.200000000000003       -2.1273196460272260E-015   0.0000000000000000     
   37.300000000000004        3.2235154370486560E-015   0.0000000000000000     
   37.399999999999999       -9.5831618737931183E-016   0.0000000000000000     
   37.500000000000000       -5.8492871071305379E-016   0.0000000000000000     
   37.600000000000001        1.2401713576844492E-015   0.0000000000000000     
   37.700000000000003       -1.8663918575235712E-015   0.0000000000000000     
   37.800000000000004        9.6810145187466723E-016   0.0000000000000000     
   37.899999999999999        1.5390093913165783E-015   0.0000000000000000     
   38.000000000000000       -1.2670815977168868E-015   0.0000000000000000     
   38.100000000000001        6.3753486097729191E-016   0.0000000000000000     
   38.200000000000003       -2.2389090155151353E-015   0.0000000000000000     
   38.300000000000004        2.0958003768398624E-015   0.0000000000000000     
   38.400000000000006       -3.2606754155291423E-015   0.0000000000000000     
   38.500000000000000        2.7561937671966826E-015   0.0000000000000000     
   38.600000000000001        7.8397674343869938E-016   0.0000000000000000     
   38.700000000000003        1.3388748972716032E-015   0.0000000000000000     
   38.800000000000004       -6.1363010758406107E-016   0.0000000000000000     
   38.900000000000006       -3.1952000713065200E-015   0.0000000000000000     
   39.000000000000000       -1.3214504397533196E-015   0.0000000000000000     
   39.100000000000001        7.3333730216136291E-016   0.0000000000000000     
   39.200000000000003        3.4981615370208472E-015   0.0000000000000000     
   39.300000000000004        4.9119150430322690E-016   0.0000000000000000     
   39.400000000000006        3.0098432654928852E-016   0.0000000000000000     
   39.500000000000000       -5.9176095070218629E-016   0.0000000000000000     
   39.600000000000001       -3.6433250725043660E-015   0.0000000000000000     
   39.700000000000003        1.6675597792690453E-015   0.0000000000000000     
   39.800000000000004       -3.1925259415736057E-015   0.0000000000000000     
   39.900000000000006        4.1261527904823116E-015   0.0000000000000000     
   40.000000000000000       -7.9995145333190258E-016   0.0000000000000000     
   40.100000000000001        8.2584979277122560E-016   0.0000000000000000     
   40.200000000000003        2.4182912124369131E-015   0.0000000000000000     
   40.300000000000004       -8.9096942136235713E-016   0.0000000000000000     
   40.400000000000006       -2.2639020176449331E-015   0.0000000000000000     
   40.500000000000000       -2.0742994289050140E-015   0.0000000000000000     
   40.600000000000001       -8.6623527206733268E-016   0.0000000000000000     
   40.700000000000003        2.8213717175940957E-015   0.0000000000000000     
   40.800000000000004        6.2406199578378731E-016   0.0000000000000000     
   40.900000000000006        2.2035252098183161E-015   0.0000000000000000     
   41.000000000000000       -9.1632594028983419E-016   0.0000000000000000     
   41.100000000000001       -1.5459043447759299E-015   0.0000000000000000     
   41.200000000000003       -8.3394693600877781E-017   0.0000000000000000     
   41.300000000000004       -8.4489423095901045E-016   0.0000000000000000     
   41.400000000000006       -1.3453562488746534E-015   0.0000000000000000     
   41.500000000000000       -3.1690825542055691E-017   0.0000000000000000     
   41.600000000000001        2.6468168117972887E-015   0.0000000000000000     
   41.700000000000003        4.5342102872066689E-016   0.0000000000000000     
   41.800000000000004        3.0308308903270158E-015   0.0000000000000000     
   41.900000000000006       -2.8971155886376231E-015   0.0000000000000000     
   42.000000000000000       -2.0515166517845663E-015   0.0000000000000000     
   42.100000000000001        1.7028281446463472E-015   0.0000000000000000     
   42.200000000000003       -1.0580278361038234E-015   0.0000000000000000     
   42.300000000000004       -3.7660923628746661E-016   0.0000000000000000     
   42.400000000000006       -1.4875793465740819E-015   0.0000000000000000     
   42.500000000000000        6.6009329861274616E-017   0.0000000000000000     
   42.600000000000001        2.3556991486720656E-015   0.0000000000000000     
   42.700000000000003       -1.2326266063147977E-015   0.0000000000000000     
   42.800000000000004        3.2735361288062896E-015   0.0000000000000000     
   42.900000000000006        1.0874569936886196E-015   0.0000000000000000     
   43.000000000000000        5.7691809479008053E-016   0.0000000000000000     
   43.100000000000001       -2.3533908310166891E-015   0.0000000000000000     
   43.200000000000003       -4.0287661342865866E-015   0.0000000000000000     
   43.300000000000004       -1.7276111906182373E-015   0.0000000000000000     
   43.400000000000006        1.3314457116172459E-016   0.0000000000000000     
   43.500000000000000        3.9840550323302742E-015   0.0000000000000000     
   43.600000000000001        1.4612964001061339E-015   0.0000000000000000     
   43.700000000000003        1.5669844696705499E-015   0.0000000000000000     
   43.800000000000004       -4.6684612493218338E-017   0.0000000000000000     
   43.900000000000006       -1.2794309714456093E-015   0.0000000000000000     
   44.000000000000000       -2.5745507945415301E-015   0.0000000000000000     
   44.100000000000001       -4.0104672882470883E-015   0.0000000000000000     
   44.200000000000003        4.3893140839545814E-015   0.0000000000000000     
   44.300000000000004        9.4470996241768683E-016   0.0000000000000000     
   44.400000000000006        9.9206451972666992E-016   0.0000000000000000     
   44.500000000000000        1.6940341580090654E-016   0.0000000000000000     
   44.600000000000001       -8.3940277238631882E-016   0.0000000000000000     
   44.700000000000003        2.0624293617651869E-017   0.0000000000000000     
   44.800000000000004        9.9572722876390263E-017   0.0000000000000000     
   44.900000000000006       -1.7633237188315092E-015   0.0000000000000000     
   45.000000000000000        4.2361259109894598E-016   0.0000000000000000     
   45.100000000000001       -1.1917635100292496E-016   0.0000000000000000     
   45.200000000000003       -2.4057212657923731E-018   0.0000000000000000     
   45.300000000000004       -6.5037322920603198E-016   0.0000000000000000     
   45.400000000000006        3.7609307226390020E-016   0.0000000000000000     
   45.500000000000000        6.5615715189542382E-016   0.0000000000000000     
   45.600000000000001        1.7852391866598434E-015   0.0000000000000000     
   45.700000000000003        2.0326969029290242E-015   0.0000000000000000     
   45.800000000000004       -1.9477898958462983E-015   0.0000000000000000     
   45.900000000000006       -1.5522530715129222E-015   0.0000000000000000     
   46.000000000000000       -2.2796141993062560E-015   0.0000000000000000     
   46.100000000000001        2.2641047147798271E-015   0.0000000000000000     
   46.200000000000003       -1.3894083462700407E-015   0.0000000000000000     
   46.300000000000004       -1.4128894805045481E-016   0.0000000000000000     
   46.400000000000006        2.3223131623480195E-015   0.0000000000000000     
   46.500000000000000        1.7676692016857983E-015   0.0000000000000000     
   46.600000000000001       -2.9298114322982073E-015   0.0000000000000000     
   46.700000000000003        3.1650726258540207E-017   0.0000000000000000     
   46.800000000000004       -6.9065231728486961E-016   0.0000000000000000     
   46.900000000000006        1.1322077003986206E-015   0.0000000000000000     
   47.000000000000000        3.4143951407549000E-016   0.0000000000000000     
   47.100000000000001       -2.2490902176904843E-015   0.0000000000000000     
   47.200000000000003        2.7388159798061742E-015   0.0000000000000000     
   47.300000000000004        1.3279732565669588E-015   0.0000000000000000     
   47.400000000000006       -2.1102219395881166E-015   0.0000000000000000     
   47.500000000000000       -1.2420059961200235E-015   0.0000000000000000     
   47.600000000000001        1.2033271567616793E-015   0.0000000000000000     
   47.700000000000003       -7.1231682053912193E-016   0.0000000000000000     
   47.800000000000004        4.5144610398870121E-016   0.0000000000000000     
   47.900000000000006        2.0776411491847613E-015   0.0000000000000000     
   48.000000000000000       -6.3582227474093584E-016   0.0000000000000000     
   48.100000000000001       -2.6464752373326696E-015   0.0000000000000000     
   48.200000000000003       -3.6436723805322110E-016   0.0000000000000000     
   48.300000000000004        4.4769044124124207E-016   0.0000000000000000     
   48.400000000000006        1.8829834723834129E-015   0.0000000000000000     
   48.500000000000000        4.3842838194241041E-017   0.0000000000000000     
   48.600000000000001       -1.2589244175207738E-015   0.0000000000000000     
   48.700000000000003        3.2293846985652675E-015   0.0000000000000000     
   48.800000000000004       -2.0733411603702803E-015   0.0000000000000000     
   48.900000000000006       -2.8319151334151703E-015   0.0000000000000000     
   49.000000000000000        6.1373897586895531E-016   0.0000000000000000     
   49.100000000000001        1.0182481922713513E-015   0.0000000000000000     
   49.200000000000003        2.6695040721740499E-015   0.0000000000000000     
   49.300000000000004       -1.3582709299926931E-015   0.0000000000000000     
   49.400000000000006        1.6910669910382749E-016   0.0000000000000000     
   49.500000000000000       -4.0187547857357738E-016   0.0000000000000000     
   49.600000000000001        2.3612937870887768E-016   0.0000000000000000     
   49.700000000000003        1.4291008284077868E-015   0.0000000000000000     
   49.800000000000004       -1.2095849275485884E-015   0.0000000000000000     
   49.900000000000006        5.0654071924799070E-054   0.0000000000000000     
