   0.0000000000000000       -1.2318439204281284E-015   0.0000000000000000     
  0.10000000000000001       -4.5138129688984628E-016   0.0000000000000000     
  0.20000000000000001        7.0343960062244815E-016   0.0000000000000000     
  0.30000000000000004        1.7404986728485121E-015   0.0000000000000000     
  0.40000000000000002        2.6149810721729966E-015   0.0000000000000000     
  0.50000000000000000        2.9138370001975691E-016   0.0000000000000000     
  0.60000000000000009       -2.9257991154874380E-015   0.0000000000000000     
  0.70000000000000007       -3.8306508757186545E-015   0.0000000000000000     
  0.80000000000000004       -1.2696106556902924E-016   0.0000000000000000     
  0.90000000000000002        2.4230623031011814E-015   0.0000000000000000     
   1.0000000000000000        1.3338187967932361E-015   0.0000000000000000     
   1.1000000000000001        1.9339133743650996E-015   0.0000000000000000     
   1.2000000000000002        1.0839708483928671E-015   0.0000000000000000     
   1.3000000000000000       -1.6581453574592950E-015   0.0000000000000000     
   1.4000000000000001       -1.2743137379866638E-015   0.0000000000000000     
   1.5000000000000000       -4.1442162472801515E-016   0.0000000000000000     
   1.6000000000000001       -6.2452771833308349E-016   0.0000000000000000     
   1.7000000000000002       -1.4572201505912781E-015   0.0000000000000000     
   1.8000000000000000       -9.9305666243521837E-016   0.0000000000000000     
   1.9000000000000001        1.7824499848254365E-015   0.0000000000000000     
   2.0000000000000000        2.8720690027118903E-015   0.0000000000000000     
   2.1000000000000001        2.7936224192273811E-015   0.0000000000000000     
   2.2000000000000002       -3.1036072453115728E-016   0.0000000000000000     
   2.3000000000000003       -4.1873922090267697E-015   0.0000000000000000     
   2.4000000000000004       -1.7527144369270651E-015   0.0000000000000000     
   2.5000000000000000       -4.8816786153717475E-016   0.0000000000000000     
   2.6000000000000001       -8.3055132015214358E-016   0.0000000000000000     
   2.7000000000000002        1.9561190960286534E-015   0.0000000000000000     
   2.8000000000000003        1.9309766453206620E-015   0.0000000000000000     
   2.9000000000000004        1.4297818145251531E-015   0.0000000000000000     
   3.0000000000000000        7.2823695459377295E-016   0.0000000000000000     
   3.1000000000000001       -1.7312675477382108E-015   0.0000000000000000     
   3.2000000000000002       -3.0703547651749907E-016   0.0000000000000000     
   3.3000000000000003       -1.2923051838062578E-016   0.0000000000000000     
   3.4000000000000004       -2.6583863059768939E-015   0.0000000000000000     
   3.5000000000000000       -8.1154107212745242E-016   0.0000000000000000     
   3.6000000000000001        1.5280524791352702E-015   0.0000000000000000     
   3.7000000000000002        9.4104346870257858E-016   0.0000000000000000     
   3.8000000000000003        9.8271198861375720E-016   0.0000000000000000     
   3.9000000000000004        1.2347045784933432E-015   0.0000000000000000     
   4.0000000000000000       -6.9022556145063798E-016   0.0000000000000000     
   4.1000000000000005       -1.3738965770885593E-015   0.0000000000000000     
   4.2000000000000002        5.6896908329561466E-016   0.0000000000000000     
   4.2999999999999998        1.0733201088363837E-016   0.0000000000000000     
   4.4000000000000004       -4.3422417097734159E-016   0.0000000000000000     
   4.5000000000000000        6.6703999315119816E-016   0.0000000000000000     
   4.6000000000000005       -8.8719097552720259E-016   0.0000000000000000     
   4.7000000000000002       -1.4822670143483844E-015   0.0000000000000000     
   4.8000000000000007        3.5812584575972050E-016   0.0000000000000000     
   4.9000000000000004        1.0345009848958867E-015   0.0000000000000000     
   5.0000000000000000        5.7743482180941688E-016   0.0000000000000000     
   5.1000000000000005       -7.0317648835133638E-016   0.0000000000000000     
   5.2000000000000002       -3.3527616959560416E-016   0.0000000000000000     
   5.3000000000000007        1.6232305755217720E-015   0.0000000000000000     
   5.4000000000000004        1.1497829027304142E-015   0.0000000000000000     
   5.5000000000000000       -8.9375285493526297E-016   0.0000000000000000     
   5.6000000000000005       -9.0180515379719325E-016   0.0000000000000000     
   5.7000000000000002        3.5351213596501242E-016   0.0000000000000000     
   5.8000000000000007       -5.7584821283663220E-016   0.0000000000000000     
   5.9000000000000004       -1.1921447589999496E-015   0.0000000000000000     
   6.0000000000000000       -2.5117842411209205E-016   0.0000000000000000     
   6.1000000000000005       -2.4388408463768707E-016   0.0000000000000000     
   6.2000000000000002        1.3814748416486704E-015   0.0000000000000000     
   6.3000000000000007        1.7938466194217436E-015   0.0000000000000000     
   6.4000000000000004       -1.1637932050938519E-015   0.0000000000000000     
   6.5000000000000000       -6.4207235202854622E-016   0.0000000000000000     
   6.6000000000000005        1.5756847247552730E-015   0.0000000000000000     
   6.7000000000000002        3.6163022691062489E-016   0.0000000000000000     
   6.8000000000000007       -1.7985107041545099E-015   0.0000000000000000     
   6.9000000000000004       -1.3871309590557758E-015   0.0000000000000000     
   7.0000000000000000        1.4688876933683391E-015   0.0000000000000000     
   7.1000000000000005        1.1195931340795705E-015   0.0000000000000000     
   7.2000000000000002       -1.9302852488561151E-015   0.0000000000000000     
   7.3000000000000007       -7.2950894391778982E-016   0.0000000000000000     
   7.4000000000000004        1.0848405274790867E-015   0.0000000000000000     
   7.5000000000000000        7.5779264333849204E-016   0.0000000000000000     
   7.6000000000000005        1.4976971926620352E-015   0.0000000000000000     
   7.7000000000000002       -1.1325812348303487E-015   0.0000000000000000     
   7.8000000000000007       -3.1517643881431963E-015   0.0000000000000000     
   7.9000000000000004        1.6399759695461498E-015   0.0000000000000000     
   8.0000000000000000        2.2400703225041948E-015   0.0000000000000000     
   8.0999999999999996       -1.5250418966791459E-015   0.0000000000000000     
   8.2000000000000011       -4.5429617582860126E-016   0.0000000000000000     
   8.3000000000000007        6.4602750947407178E-016   0.0000000000000000     
   8.4000000000000004       -6.1873301404247644E-016   0.0000000000000000     
   8.5000000000000000       -4.7797861057526911E-016   0.0000000000000000     
   8.5999999999999996        8.7844502625117699E-016   0.0000000000000000     
   8.7000000000000011        9.2620592589875461E-016   0.0000000000000000     
   8.8000000000000007       -1.5777131637585798E-016   0.0000000000000000     
   8.9000000000000004       -1.0912326330797121E-016   0.0000000000000000     
   9.0000000000000000       -1.0957024102981782E-015   0.0000000000000000     
   9.0999999999999996       -9.9790944437170442E-016   0.0000000000000000     
   9.2000000000000011        1.2513942271197239E-015   0.0000000000000000     
   9.3000000000000007       -3.3430633591593976E-016   0.0000000000000000     
   9.4000000000000004       -1.5693920066101874E-016   0.0000000000000000     
   9.5000000000000000        2.4022731394873758E-015   0.0000000000000000     
   9.6000000000000014       -6.5776001409557389E-016   0.0000000000000000     
   9.7000000000000011       -1.2821324646719040E-015   0.0000000000000000     
   9.8000000000000007        1.4890703607074198E-015   0.0000000000000000     
   9.9000000000000004       -6.6497310218015829E-016   0.0000000000000000     
   10.000000000000000       -1.7862782830359945E-015   0.0000000000000000     
   10.100000000000001       -4.1265459197782060E-017   0.0000000000000000     
   10.200000000000001       -4.0554049173575411E-016   0.0000000000000000     
   10.300000000000001        2.8060605643713182E-016   0.0000000000000000     
   10.400000000000000        2.7436036457771869E-015   0.0000000000000000     
   10.500000000000000        2.0555423528191300E-015   0.0000000000000000     
   10.600000000000001       -1.0512002355456257E-015   0.0000000000000000     
   10.700000000000001       -1.2737805473357210E-015   0.0000000000000000     
   10.800000000000001        1.6192262809274081E-016   0.0000000000000000     
   10.900000000000000       -1.4372752537637122E-015   0.0000000000000000     
   11.000000000000000       -2.3022646363894105E-015   0.0000000000000000     
   11.100000000000001        2.5168054081314316E-016   0.0000000000000000     
   11.200000000000001        1.0880131825101549E-015   0.0000000000000000     
   11.300000000000001        9.4676267502208173E-016   0.0000000000000000     
   11.400000000000000        1.2234691232368502E-015   0.0000000000000000     
   11.500000000000000       -2.4311407014722972E-016   0.0000000000000000     
   11.600000000000001        5.5667229115578754E-016   0.0000000000000000     
   11.700000000000001        1.3547880444159389E-015   0.0000000000000000     
   11.800000000000001       -1.7369680276017026E-015   0.0000000000000000     
   11.900000000000000       -1.9289991310337322E-015   0.0000000000000000     
   12.000000000000000        6.4637733270515960E-017   0.0000000000000000     
   12.100000000000001        8.6779292769893190E-016   0.0000000000000000     
   12.200000000000001        1.3980310188452776E-015   0.0000000000000000     
   12.300000000000001       -4.0145774302713045E-016   0.0000000000000000     
   12.400000000000000       -5.6160948825122343E-016   0.0000000000000000     
   12.500000000000000        5.2112599450661097E-016   0.0000000000000000     
   12.600000000000001       -1.9515483991757348E-015   0.0000000000000000     
   12.700000000000001       -2.2577024447190858E-015   0.0000000000000000     
   12.800000000000001        9.1545058207573089E-016   0.0000000000000000     
   12.900000000000000        2.5253561076644881E-015   0.0000000000000000     
   13.000000000000000        1.3466360006956685E-015   0.0000000000000000     
   13.100000000000001       -2.8004384478835781E-017   0.0000000000000000     
   13.200000000000001        5.7463119380739891E-016   0.0000000000000000     
   13.300000000000001       -8.9074642251450280E-017   0.0000000000000000     
   13.400000000000000       -7.7231914531504684E-016   0.0000000000000000     
   13.500000000000000       -3.8590967498745406E-016   0.0000000000000000     
   13.600000000000001       -1.4708061787364596E-015   0.0000000000000000     
   13.700000000000001       -5.2915372158575897E-016   0.0000000000000000     
   13.800000000000001        2.6682105669092396E-016   0.0000000000000000     
   13.900000000000000       -5.2473232862509494E-016   0.0000000000000000     
   14.000000000000000        6.9025731551328042E-016   0.0000000000000000     
   14.100000000000001        7.6674803465314914E-016   0.0000000000000000     
   14.200000000000001        9.5715860920139194E-016   0.0000000000000000     
   14.300000000000001        1.4690865386735533E-015   0.0000000000000000     
   14.400000000000000       -7.7348303864339022E-016   0.0000000000000000     
   14.500000000000000       -1.0985063219192361E-015   0.0000000000000000     
   14.600000000000001       -6.2437429835090875E-017   0.0000000000000000     
   14.700000000000001       -6.5572418397610782E-016   0.0000000000000000     
   14.800000000000001       -5.8114565938331378E-016   0.0000000000000000     
   14.900000000000000        2.6358639478788725E-016   0.0000000000000000     
   15.000000000000000        8.1710000712833322E-016   0.0000000000000000     
   15.100000000000001        5.0057380852565414E-017   0.0000000000000000     
   15.200000000000001       -8.3552572141754722E-016   0.0000000000000000     
   15.300000000000001       -1.7573281055824727E-016   0.0000000000000000     
   15.400000000000000        1.0138201963404137E-015   0.0000000000000000     
   15.500000000000000        1.7554738535636085E-015   0.0000000000000000     
   15.600000000000001        5.9438481659411003E-016   0.0000000000000000     
   15.700000000000001       -7.5302644937568047E-016   0.0000000000000000     
   15.800000000000001        2.1575396239893502E-016   0.0000000000000000     
   15.900000000000000        2.9525935720528660E-016   0.0000000000000000     
   16.000000000000000       -2.2974993732863725E-015   0.0000000000000000     
   16.100000000000001       -3.6439903408974920E-015   0.0000000000000000     
   16.199999999999999       -1.1429055054397050E-015   0.0000000000000000     
   16.300000000000001        1.9430929872937973E-015   0.0000000000000000     
   16.400000000000002        1.8950419432887498E-015   0.0000000000000000     
   16.500000000000000        4.4333820406559968E-016   0.0000000000000000     
   16.600000000000001        7.7781778861127821E-016   0.0000000000000000     
   16.699999999999999        1.9629902089437736E-015   0.0000000000000000     
   16.800000000000001        8.2625497978493695E-016   0.0000000000000000     
   16.900000000000002        1.0373518843763433E-016   0.0000000000000000     
   17.000000000000000        1.0842646461401152E-015   0.0000000000000000     
   17.100000000000001       -8.1580263594581965E-016   0.0000000000000000     
   17.199999999999999       -3.5940913010546421E-015   0.0000000000000000     
   17.300000000000001       -2.3405651754607687E-015   0.0000000000000000     
   17.400000000000002       -8.4251830603864231E-016   0.0000000000000000     
   17.500000000000000       -2.1478267962241577E-016   0.0000000000000000     
   17.600000000000001        2.1320202511593842E-016   0.0000000000000000     
   17.699999999999999        2.0716260155987632E-015   0.0000000000000000     
   17.800000000000001        2.0808786682566729E-015   0.0000000000000000     
   17.900000000000002        1.0776174272136064E-015   0.0000000000000000     
   18.000000000000000        6.5840800971748214E-016   0.0000000000000000     
   18.100000000000001        9.5749477141708669E-016   0.0000000000000000     
   18.199999999999999       -3.2234875083948111E-015   0.0000000000000000     
   18.300000000000001       -2.7076346081231197E-016   0.0000000000000000     
   18.400000000000002       -3.1200162808390573E-017   0.0000000000000000     
   18.500000000000000        5.0323473663882139E-016   0.0000000000000000     
   18.600000000000001       -2.9470461852764282E-015   0.0000000000000000     
   18.699999999999999        1.1467407752190793E-015   0.0000000000000000     
   18.800000000000001       -3.2174537057471234E-015   0.0000000000000000     
   18.900000000000002        5.9781042249822103E-015   0.0000000000000000     
   19.000000000000000       -2.3525805188717017E-015   0.0000000000000000     
   19.100000000000001        7.0400170481082667E-015   0.0000000000000000     
   19.200000000000003       -6.8683540183363552E-015   0.0000000000000000     
   19.300000000000001        9.0001548932607518E-015   0.0000000000000000     
   19.400000000000002       -1.5051352754730484E-014   0.0000000000000000     
   19.500000000000000        1.4340453150099129E-014   0.0000000000000000     
   19.600000000000001       -1.9383623074008191E-014   0.0000000000000000     
   19.700000000000003        2.5349613001620321E-014   0.0000000000000000     
   19.800000000000001       -3.4915140024963972E-014   0.0000000000000000     
   19.900000000000002        4.4203610337536653E-014   0.0000000000000000     
   20.000000000000000       -5.2456629166457905E-014   0.0000000000000000     
   20.100000000000001        6.8130764198896759E-014   0.0000000000000000     
   20.200000000000003       -8.5824400108515678E-014   0.0000000000000000     
   20.300000000000001        1.1048359058148418E-013   0.0000000000000000     
   20.400000000000002       -1.4164201786512295E-013   0.0000000000000000     
   20.500000000000000        1.8035914843898946E-013   0.0000000000000000     
   20.600000000000001       -2.2778972441272587E-013   0.0000000000000000     
   20.700000000000003        2.8612243591347495E-013   0.0000000000000000     
   20.800000000000001       -3.6577972769660069E-013   0.0000000000000000     
   20.900000000000002        4.6483286726771949E-013   0.0000000000000000     
   21.000000000000000       -5.8527965252834813E-013   0.0000000000000000     
   21.100000000000001        7.4149224039718029E-013   0.0000000000000000     
   21.200000000000003       -9.3765814634118932E-013   0.0000000000000000     
   21.300000000000001        1.1865062755149523E-012   0.0000000000000000     
   21.400000000000002       -1.4981602490688191E-012   0.0000000000000000     
   21.500000000000000        1.8882383417321770E-012   0.0000000000000000     
   21.600000000000001       -2.3829051517748449E-012   0.0000000000000000     
   21.700000000000003        3.0008627422446427E-012   0.0000000000000000     
   21.800000000000001       -3.7802886006541010E-012   0.0000000000000000     
   21.900000000000002        4.7568204425854145E-012   0.0000000000000000     
   22.000000000000000       -5.9798329208568636E-012   0.0000000000000000     
   22.100000000000001        7.5124879131998219E-012   0.0000000000000000     
   22.200000000000003       -9.4279678872266268E-012   0.0000000000000000     
   22.300000000000001        1.1828260369481283E-011   0.0000000000000000     
   22.400000000000002       -1.4827383462907800E-011   0.0000000000000000     
   22.500000000000000        1.8567437136912596E-011   0.0000000000000000     
   22.600000000000001       -2.3233773222286905E-011   0.0000000000000000     
   22.700000000000003        2.9049546964139836E-011   0.0000000000000000     
   22.800000000000001       -3.6293754210347571E-011   0.0000000000000000     
   22.900000000000002        4.5301563110371658E-011   0.0000000000000000     
   23.000000000000000       -5.6497435544292118E-011   0.0000000000000000     
   23.100000000000001        7.0408225440595164E-011   0.0000000000000000     
   23.200000000000003       -8.7662772544934860E-011   0.0000000000000000     
   23.300000000000001        1.0905038557936054E-010   0.0000000000000000     
   23.400000000000002       -1.3553705490987215E-010   0.0000000000000000     
   23.500000000000000        1.6831408965736192E-010   0.0000000000000000     
   23.600000000000001       -2.0882183812699616E-010   0.0000000000000000     
   23.700000000000003        2.5885039735342081E-010   0.0000000000000000     
   23.800000000000001       -3.2057678573743363E-010   0.0000000000000000     
   23.900000000000002        3.9665245658141170E-010   0.0000000000000000     
   24.000000000000000       -4.9033420639511395E-010   0.0000000000000000     
   24.100000000000001        6.0557530150068393E-010   0.0000000000000000     
   24.200000000000003       -7.4720018278477171E-010   0.0000000000000000     
   24.300000000000001        9.2107305166142467E-010   0.0000000000000000     
   24.400000000000002       -1.1343256235160717E-009   0.0000000000000000     
   24.500000000000000        1.3956081600289364E-009   0.0000000000000000     
   24.600000000000001       -1.7154187404087013E-009   0.0000000000000000     
   24.700000000000003        2.1064587235519957E-009   0.0000000000000000     
   24.800000000000001       -2.5840976898109752E-009   0.0000000000000000     
   24.900000000000002        3.1669075463282745E-009   0.0000000000000000     
   25.000000000000000       -3.8772937574922338E-009   0.0000000000000000     
   25.100000000000001        4.7422730448424037E-009   0.0000000000000000     
   25.200000000000003       -5.7943634836553939E-009   0.0000000000000000     
   25.300000000000001        7.0726640220072869E-009   0.0000000000000000     
   25.400000000000002       -8.6241380038753620E-009   0.0000000000000000     
   25.500000000000000        1.0505109053043980E-008   0.0000000000000000     
   25.600000000000001       -1.2783058615787835E-008   0.0000000000000000     
   25.700000000000003        1.5538728333848435E-008   0.0000000000000000     
   25.800000000000001       -1.8868603650557681E-008   0.0000000000000000     
   25.900000000000002        2.2887829363203199E-008   0.0000000000000000     
   26.000000000000000       -2.7733667204026181E-008   0.0000000000000000     
   26.100000000000001        3.3569499056357620E-008   0.0000000000000000     
   26.200000000000003       -4.0589570996549096E-008   0.0000000000000000     
   26.300000000000001        4.9024515714380280E-008   0.0000000000000000     
   26.400000000000002       -5.9147786578561897E-008   0.0000000000000000     
   26.500000000000000        7.1283209184099601E-008   0.0000000000000000     
   26.600000000000001       -8.5813716342419956E-008   0.0000000000000000     
   26.700000000000003        1.0319154395852525E-007   0.0000000000000000     
   26.800000000000001       -1.2395001851825923E-007   0.0000000000000000     
   26.900000000000002        1.4871726867785070E-007   0.0000000000000000     
   27.000000000000000       -1.7823201304663152E-007   0.0000000000000000     
   27.100000000000001        2.1336183031993988E-007   0.0000000000000000     
   27.200000000000003       -2.5512420408792385E-007   0.0000000000000000     
   27.300000000000001        3.0471070457815837E-007   0.0000000000000000     
   27.400000000000002       -3.6351479330334121E-007   0.0000000000000000     
   27.500000000000000        4.3316363086923949E-007   0.0000000000000000     
   27.600000000000001       -5.1555452905676010E-007   0.0000000000000000     
   27.700000000000003        6.1289650457738817E-007   0.0000000000000000     
   27.800000000000001       -7.2775767055047646E-007   0.0000000000000000     
   27.900000000000002        8.6311910571025110E-007   0.0000000000000000     
   28.000000000000000       -1.0224360037744833E-006   0.0000000000000000     
   28.100000000000001        1.2097069541639255E-006   0.0000000000000000     
   28.200000000000003       -1.4295521830972122E-006   0.0000000000000000     
   28.300000000000001        1.6873018816323606E-006   0.0000000000000000     
   28.400000000000002       -1.9890955545148761E-006   0.0000000000000000     
   28.500000000000000        2.3419936038965416E-006   0.0000000000000000     
   28.600000000000001       -2.7541023263735125E-006   0.0000000000000000     
   28.700000000000003        3.2347136617957125E-006   0.0000000000000000     
   28.800000000000001       -3.7944610022720929E-006   0.0000000000000000     
   28.900000000000002        4.4454925167831967E-006   0.0000000000000000     
   29.000000000000000       -5.2016634754529706E-006   0.0000000000000000     
   29.100000000000001        6.0787490846322632E-006   0.0000000000000000     
   29.200000000000003       -7.0946794346631054E-006   0.0000000000000000     
   29.300000000000001        8.2697980680341060E-006   0.0000000000000000     
   29.400000000000002       -9.6271458117123691E-006   0.0000000000000000     
   29.500000000000000        1.1192771395848743E-005   0.0000000000000000     
   29.600000000000001       -1.2996070308957472E-005   0.0000000000000000     
   29.700000000000003        1.5070153319872406E-005   0.0000000000000000     
   29.800000000000001       -1.7452245905201158E-005   0.0000000000000000     
   29.900000000000002        2.0184119708214077E-005   0.0000000000000000     
   30.000000000000000       -2.3312556787014209E-005   0.0000000000000000     
   30.100000000000001        2.6889847357697348E-005   0.0000000000000000     
   30.200000000000003       -3.0974321112300282E-005   0.0000000000000000     
   30.300000000000001        3.5630912064121252E-005   0.0000000000000000     
   30.400000000000002       -4.0931756140349639E-005   0.0000000000000000     
   30.500000000000000        4.6956820267538737E-005   0.0000000000000000     
   30.600000000000001       -5.3794561153537700E-005   0.0000000000000000     
   30.700000000000003        6.1542610955024501E-005   0.0000000000000000     
   30.800000000000001       -7.0308486468103937E-005   0.0000000000000000     
   30.900000000000002        8.0210317266298661E-005   0.0000000000000000     
   31.000000000000000       -9.1377587464783595E-005   0.0000000000000000     
   31.100000000000001        1.0395188432433828E-004   0.0000000000000000     
   31.200000000000003       -1.1808764592030811E-004   0.0000000000000000     
   31.300000000000001        1.3395289866610619E-004   0.0000000000000000     
   31.400000000000002       -1.5172997402369652E-004   0.0000000000000000     
   31.500000000000000        1.7161619232771357E-004   0.0000000000000000     
   31.600000000000001       -1.9382449995340489E-004   0.0000000000000000     
   31.700000000000003        2.1858404454997923E-004   0.0000000000000000     
   31.800000000000001       -2.4614067131630972E-004   0.0000000000000000     
   31.900000000000002        2.7675732168320691E-004   0.0000000000000000     
   32.000000000000000       -3.1071431405761625E-004   0.0000000000000000     
   32.100000000000001        3.4830948476887813E-004   0.0000000000000000     
   32.200000000000003       -3.8985816571466300E-004   0.0000000000000000     
   32.300000000000004        4.3569297391853079E-004   0.0000000000000000     
   32.399999999999999       -4.8616338693313935E-004   0.0000000000000000     
   32.500000000000000        5.4163507697114230E-004   0.0000000000000000     
   32.600000000000001       -6.0248897606434673E-004   0.0000000000000000     
   32.700000000000003        6.6912004385650192E-004   0.0000000000000000     
   32.800000000000004       -7.4193570995104044E-004   0.0000000000000000     
   32.899999999999999        8.2135396278365904E-004   0.0000000000000000     
   33.000000000000000       -9.0780105825354637E-004   0.0000000000000000     
   33.100000000000001        1.0017088224825881E-003   0.0000000000000000     
   33.200000000000003       -1.1035115254696142E-003   0.0000000000000000     
   33.300000000000004        1.2136423050116982E-003   0.0000000000000000     
   33.399999999999999       -1.3325291237466230E-003   0.0000000000000000     
   33.500000000000000        1.4605902466609155E-003   0.0000000000000000     
   33.600000000000001       -1.5982292312092612E-003   0.0000000000000000     
   33.700000000000003        1.7458294283660216E-003   0.0000000000000000     
   33.800000000000004       -1.9037479995703606E-003   0.0000000000000000     
   33.899999999999999        2.0723094621469228E-003   0.0000000000000000     
   34.000000000000000       -2.2517987843279175E-003   0.0000000000000000     
   34.100000000000001        2.4424540600799533E-003   0.0000000000000000     
   34.200000000000003       -2.6444588041030438E-003   0.0000000000000000     
   34.300000000000004        2.8579339177667810E-003   0.0000000000000000     
   34.399999999999999       -3.0829293881111039E-003   0.0000000000000000     
   34.500000000000000        3.3194157934620361E-003   0.0000000000000000     
   34.600000000000001       -3.5672757011571831E-003   0.0000000000000000     
   34.700000000000003        3.8262950547000058E-003   0.0000000000000000     
   34.800000000000004       -4.0961546595471507E-003   0.0000000000000000     
   34.899999999999999        4.3764218880973996E-003   0.0000000000000000     
   35.000000000000000       -4.6665427353127509E-003   0.0000000000000000     
   35.100000000000001        4.9658343663386596E-003   0.0000000000000000     
   35.200000000000003       -5.2734783063016636E-003   0.0000000000000000     
   35.300000000000004        5.5885144297570886E-003   0.0000000000000000     
   35.399999999999999       -5.9098359128256861E-003   0.0000000000000000     
   35.500000000000000        6.2361853145610430E-003   0.0000000000000000     
   35.600000000000001       -6.5661519550820977E-003   0.0000000000000000     
   35.700000000000003        6.8981707566665249E-003   0.0000000000000000     
   35.800000000000004       -7.2305227091708319E-003   0.0000000000000000     
   35.899999999999999        7.5613371137993870E-003   0.0000000000000000     
   36.000000000000000       -7.8885957479963454E-003   0.0000000000000000     
   36.100000000000001        8.2101390796888267E-003   0.0000000000000000     
   36.200000000000003       -8.5236746410235105E-003   0.0000000000000000     
   36.300000000000004        8.8267876497338405E-003   0.0000000000000000     
   36.399999999999999       -9.1169539408430100E-003   0.0000000000000000     
   36.500000000000000        9.3915552424593245E-003   0.0000000000000000     
   36.600000000000001       -9.6478967970291245E-003   0.0000000000000000     
   36.700000000000003        9.8832272939953416E-003   0.0000000000000000     
   36.800000000000004       -1.0094761041955256E-002   0.0000000000000000     
   36.899999999999999        1.0279702268041072E-002   0.0000000000000000     
   37.000000000000000       -1.0435271390414396E-002   0.0000000000000000     
   37.100000000000001        1.0558733066941845E-002   0.0000000000000000     
   37.200000000000003       -1.0647425780035163E-002   0.0000000000000000     
   37.300000000000004        1.0698792674837507E-002   0.0000000000000000     
   37.399999999999999       -1.0710413326909472E-002   0.0000000000000000     
   37.500000000000000        1.0680036076446809E-002   0.0000000000000000     
   37.600000000000001       -1.0605610530378078E-002   0.0000000000000000     
   37.700000000000003        1.0485319802071090E-002   0.0000000000000000     
   37.800000000000004       -1.0317612031694531E-002   0.0000000000000000     
   37.899999999999999        1.0101230710028485E-002   0.0000000000000000     
   38.000000000000000       -9.8352433144451423E-003   0.0000000000000000     
   38.100000000000001        9.5190677600274724E-003   0.0000000000000000     
   38.200000000000003       -9.1524961705607213E-003   0.0000000000000000     
   38.300000000000004        8.7357154856068896E-003   0.0000000000000000     
   38.400000000000006       -8.2693244396128216E-003   0.0000000000000000     
   38.500000000000000        7.7543464789767234E-003   0.0000000000000000     
   38.600000000000001       -7.1922382220366166E-003   0.0000000000000000     
   38.700000000000003        6.5848931153983156E-003   0.0000000000000000     
   38.800000000000004       -5.9346399975846531E-003   0.0000000000000000     
   38.900000000000006        5.2442363467113578E-003   0.0000000000000000     
   39.000000000000000       -4.5168560624564919E-003   0.0000000000000000     
   39.100000000000001        3.7560717124108934E-003   0.0000000000000000     
   39.200000000000003       -2.9658312585405327E-003   0.0000000000000000     
   39.300000000000004        2.1504293684619503E-003   0.0000000000000000     
   39.400000000000006       -1.3144735082018474E-003   0.0000000000000000     
   39.500000000000000        4.6284510538006397E-004   0.0000000000000000     
   39.600000000000001        3.9934383702853652E-004   0.0000000000000000     
   39.700000000000003       -1.2667982079294187E-003   0.0000000000000000     
   39.800000000000004        2.1340907845923693E-003   0.0000000000000000     
   39.900000000000006       -2.9957161302057822E-003   0.0000000000000000     
   40.000000000000000        3.8461466964049085E-003   0.0000000000000000     
   40.100000000000001       -4.6798903771899875E-003   0.0000000000000000     
   40.200000000000003        5.4915487150767389E-003   0.0000000000000000     
   40.300000000000004       -6.2758749279945136E-003   0.0000000000000000     
   40.400000000000006        7.0278309075276898E-003   0.0000000000000000     
   40.500000000000000       -7.7426423364293567E-003   0.0000000000000000     
   40.600000000000001        8.4158510863618103E-003   0.0000000000000000     
   40.700000000000003       -9.0433640858602754E-003   0.0000000000000000     
   40.800000000000004        9.6214978933592075E-003   0.0000000000000000     
   40.900000000000006       -1.0147018270043669E-002   0.0000000000000000     
   41.000000000000000        1.0617174121966272E-002   0.0000000000000000     
   41.100000000000001       -1.1029725268136394E-002   0.0000000000000000     
   41.200000000000003        1.1382963590792498E-002   0.0000000000000000     
   41.300000000000004       -1.1675727232643221E-002   0.0000000000000000     
   41.400000000000006        1.1907407622574988E-002   0.0000000000000000     
   41.500000000000000       -1.2077949232869784E-002   0.0000000000000000     
   41.600000000000001        1.2187842095559119E-002   0.0000000000000000     
   41.700000000000003       -1.2238107230088082E-002   0.0000000000000000     
   41.800000000000004        1.2230275256628547E-002   0.0000000000000000     
   41.900000000000006       -1.2166358586343681E-002   0.0000000000000000     
   42.000000000000000        1.2048817689258234E-002   0.0000000000000000     
   42.100000000000001       -1.1880522039808061E-002   0.0000000000000000     
   42.200000000000003        1.1664706427299207E-002   0.0000000000000000     
   42.300000000000004       -1.1404923391662478E-002   0.0000000000000000     
   42.400000000000006        1.1104992602669634E-002   0.0000000000000000     
   42.500000000000000       -1.0768948041464122E-002   0.0000000000000000     
   42.600000000000001        1.0400983866890205E-002   0.0000000000000000     
   42.700000000000003       -1.0005399854466770E-002   0.0000000000000000     
   42.800000000000004        9.5865472835991797E-003   0.0000000000000000     
   42.900000000000006       -9.1487761193330252E-003   0.0000000000000000     
   43.000000000000000        8.6963842885368122E-003   0.0000000000000000     
   43.100000000000001       -8.2335697901042594E-003   0.0000000000000000     
   43.200000000000003        7.7643863034621806E-003   0.0000000000000000     
   43.300000000000004       -7.2927028748428491E-003   0.0000000000000000     
   43.400000000000006        6.8221681642470075E-003   0.0000000000000000     
   43.500000000000000       -6.3561796352674602E-003   0.0000000000000000     
   43.600000000000001        5.8978579622613317E-003   0.0000000000000000     
   43.700000000000003       -5.4500268215010167E-003   0.0000000000000000     
   43.800000000000004        5.0151981253469709E-003   0.0000000000000000     
   43.900000000000006       -4.5955626526708315E-003   0.0000000000000000     
   44.000000000000000        4.1929859316969546E-003   0.0000000000000000     
   44.100000000000001       -3.8090091361925923E-003   0.0000000000000000     
   44.200000000000003        3.4448546778272564E-003   0.0000000000000000     
   44.300000000000004       -3.1014361007826782E-003   0.0000000000000000     
   44.400000000000006        2.7793718299177527E-003   0.0000000000000000     
   44.500000000000000       -2.4790022731889160E-003   0.0000000000000000     
   44.600000000000001        2.2004097465099072E-003   0.0000000000000000     
   44.700000000000003       -1.9434406725776436E-003   0.0000000000000000     
   44.800000000000004        1.7077294886374420E-003   0.0000000000000000     
   44.900000000000006       -1.4927237210062476E-003   0.0000000000000000     
   45.000000000000000        1.2977096761505266E-003   0.0000000000000000     
   45.100000000000001       -1.1218382594296212E-003   0.0000000000000000     
   45.200000000000003        9.6415043098946687E-004   0.0000000000000000     
   45.300000000000004       -8.2360189349700726E-004   0.0000000000000000     
   45.400000000000006        6.9908662303982960E-004   0.0000000000000000     
   45.500000000000000       -5.8945892947396118E-004   0.0000000000000000     
   45.600000000000001        4.9355379845169331E-004   0.0000000000000000     
   45.700000000000003       -4.1020527901429883E-004   0.0000000000000000     
   45.800000000000004        3.3826284016020441E-004   0.0000000000000000     
   45.900000000000006       -2.7660551344918272E-004   0.0000000000000000     
   46.000000000000000        2.2415392231758124E-004   0.0000000000000000     
   46.100000000000001       -1.7988005797618193E-004   0.0000000000000000     
   46.200000000000003        1.4281503665330381E-004   0.0000000000000000     
   46.300000000000004       -1.1205477810909161E-004   0.0000000000000000     
   46.400000000000006        8.6763854994719212E-005   0.0000000000000000     
   46.500000000000000       -6.6177645791148246E-005   0.0000000000000000     
   46.600000000000001        4.9602851573785971E-005   0.0000000000000000     
   46.700000000000003       -3.6416885877069589E-005   0.0000000000000000     
   46.800000000000004        2.6065759819661059E-005   0.0000000000000000     
   46.900000000000006       -1.8061530763137473E-005   0.0000000000000000     
   47.000000000000000        1.1978329105038079E-005   0.0000000000000000     
   47.100000000000001       -7.4486032473323450E-006   0.0000000000000000     
   47.200000000000003        4.1581189366881483E-006   0.0000000000000000     
   47.300000000000004       -1.8415144420432082E-006   0.0000000000000000     
   47.400000000000006        2.7717162665122641E-007   0.0000000000000000     
   47.500000000000000        7.1772876615505180E-007   0.0000000000000000     
   47.600000000000001       -1.2915040589970916E-006   0.0000000000000000     
   47.700000000000003        1.5635502179131126E-006   0.0000000000000000     
   47.800000000000004       -1.6268829837621719E-006   0.0000000000000000     
   47.900000000000006        1.5546440338448460E-006   0.0000000000000000     
   48.000000000000000       -1.4002703217291113E-006   0.0000000000000000     
   48.100000000000001        1.2049549582488473E-006   0.0000000000000000     
   48.200000000000003       -9.9563963440517189E-007   0.0000000000000000     
   48.300000000000004        7.9253374590754535E-007   0.0000000000000000     
   48.400000000000006       -6.0663284173600340E-007   0.0000000000000000     
   48.500000000000000        4.4468370450399718E-007   0.0000000000000000     
   48.600000000000001       -3.1011920606450077E-007   0.0000000000000000     
   48.700000000000003        2.0056607531395274E-007   0.0000000000000000     
   48.800000000000004       -1.1847180738936467E-007   0.0000000000000000     
   48.900000000000006        5.4210129215651933E-008   0.0000000000000000     
   49.000000000000000       -1.4043913731753277E-008   0.0000000000000000     
   49.100000000000001       -1.8238218679552234E-008   0.0000000000000000     
   49.200000000000003        3.0148353466635265E-008   0.0000000000000000     
   49.300000000000004       -4.3036033338331247E-008   0.0000000000000000     
   49.400000000000006        3.9568686965222751E-008   0.0000000000000000     
   49.500000000000000       -4.1602433068154150E-008   0.0000000000000000     
   49.600000000000001        3.5486281138266883E-008   0.0000000000000000     
   49.700000000000003       -3.1747127303327028E-008   0.0000000000000000     
   49.800000000000004        2.8224789708755079E-009   0.0000000000000000     
   49.900000000000006        5.0654071924799070E-054   0.0000000000000000     
