   0.0000000000000000        5.2507670035079248E-007   0.0000000000000000     
  0.10000000000000001        4.5879255194792530E-007   0.0000000000000000     
  0.20000000000000001        3.4606239911784683E-007   0.0000000000000000     
  0.30000000000000004        4.1855058988202035E-007   0.0000000000000000     
  0.40000000000000002        2.0636982718249113E-007   0.0000000000000000     
  0.50000000000000000        3.5340999891665803E-007   0.0000000000000000     
  0.60000000000000009        5.4837422116109330E-008   0.0000000000000000     
  0.70000000000000007        3.1976666397855808E-007   0.0000000000000000     
  0.80000000000000004       -8.0980311383524545E-008   0.0000000000000000     
  0.90000000000000002        3.4212089768205747E-007   0.0000000000000000     
   1.0000000000000000       -2.2091962765066548E-007   0.0000000000000000     
   1.1000000000000001        4.2020639250957948E-007   0.0000000000000000     
   1.2000000000000002       -3.8651116711246272E-007   0.0000000000000000     
   1.3000000000000000        5.6159865951646421E-007   0.0000000000000000     
   1.4000000000000001       -6.0115950104832991E-007   0.0000000000000000     
   1.5000000000000000        7.8220754071983013E-007   0.0000000000000000     
   1.6000000000000001       -8.9297340690935673E-007   0.0000000000000000     
   1.7000000000000002        1.1074831609204157E-006   0.0000000000000000     
   1.8000000000000000       -1.2978432956060846E-006   0.0000000000000000     
   1.9000000000000001        1.5745566177579083E-006   0.0000000000000000     
   2.0000000000000000       -1.8630152737652375E-006   0.0000000000000000     
   2.1000000000000001        2.2353953009000548E-006   0.0000000000000000     
   2.2000000000000002       -2.6514239172515226E-006   0.0000000000000000     
   2.3000000000000003        3.1611113648623518E-006   0.0000000000000000     
   2.4000000000000004       -3.7470540374212482E-006   0.0000000000000000     
   2.5000000000000000        4.4476139512597002E-006   0.0000000000000000     
   2.6000000000000001       -5.2616166681635168E-006   0.0000000000000000     
   2.7000000000000002        6.2228402508815352E-006   0.0000000000000000     
   2.8000000000000003       -7.3428412855703928E-006   0.0000000000000000     
   2.9000000000000004        8.6558352757881357E-006   0.0000000000000000     
   3.0000000000000000       -1.0184699597344099E-005   0.0000000000000000     
   3.1000000000000001        1.1967972671355119E-005   0.0000000000000000     
   3.2000000000000002       -1.4039879454415672E-005   0.0000000000000000     
   3.3000000000000003        1.6446613293763296E-005   0.0000000000000000     
   3.4000000000000004       -1.9234813239811588E-005   0.0000000000000000     
   3.5000000000000000        2.2461477966486984E-005   0.0000000000000000     
   3.6000000000000001       -2.6187524555132097E-005   0.0000000000000000     
   3.7000000000000002        3.0483957628158032E-005   0.0000000000000000     
   3.8000000000000003       -3.5428480333448445E-005   0.0000000000000000     
   3.9000000000000004        4.1109487837822197E-005   0.0000000000000000     
   4.0000000000000000       -4.7624511691169298E-005   0.0000000000000000     
   4.1000000000000005        5.5082964928058888E-005   0.0000000000000000     
   4.2000000000000002       -6.3605685108359541E-005   0.0000000000000000     
   4.2999999999999998        7.3326967235568083E-005   0.0000000000000000     
   4.4000000000000004       -8.4394755008680960E-005   0.0000000000000000     
   4.5000000000000000        9.6972257591492576E-005   0.0000000000000000     
   4.6000000000000005       -1.1123850110403691E-004   0.0000000000000000     
   4.7000000000000002        1.2738967501875760E-004   0.0000000000000000     
   4.8000000000000007       -1.4563984402881156E-004   0.0000000000000000     
   4.9000000000000004        1.6622207271658787E-004   0.0000000000000000     
   5.0000000000000000       -1.8938914096337944E-004   0.0000000000000000     
   5.1000000000000005        2.1541442946323541E-004   0.0000000000000000     
   5.2000000000000002       -2.4459249784900786E-004   0.0000000000000000     
   5.3000000000000007        2.7723966603512460E-004   0.0000000000000000     
   5.4000000000000004       -3.1369431475302366E-004   0.0000000000000000     
   5.5000000000000000        3.5431706175688676E-004   0.0000000000000000     
   5.6000000000000005       -3.9949063724627974E-004   0.0000000000000000     
   5.7000000000000002        4.4961952675639166E-004   0.0000000000000000     
   5.8000000000000007       -5.0512926456616888E-004   0.0000000000000000     
   5.9000000000000004        5.6646539607220774E-004   0.0000000000000000     
   6.0000000000000000       -6.3409202551661936E-004   0.0000000000000000     
   6.1000000000000005        7.0848994071426427E-004   0.0000000000000000     
   6.2000000000000002       -7.9015425137504995E-004   0.0000000000000000     
   6.3000000000000007        8.7959152039008474E-004   0.0000000000000000     
   6.4000000000000004       -9.7731633946389600E-004   0.0000000000000000     
   6.5000000000000000        1.0838473263498152E-003   0.0000000000000000     
   6.6000000000000005       -1.1997025089607268E-003   0.0000000000000000     
   6.7000000000000002        1.3253940795362933E-003   0.0000000000000000     
   6.8000000000000007       -1.4614225000252909E-003   0.0000000000000000     
   6.9000000000000004        1.6082699545744567E-003   0.0000000000000000     
   7.0000000000000000       -1.7663931497591844E-003   0.0000000000000000     
   7.1000000000000005        1.9362154774581895E-003   0.0000000000000000     
   7.2000000000000002       -2.1181185646815437E-003   0.0000000000000000     
   7.3000000000000007        2.3124332498156513E-003   0.0000000000000000     
   7.4000000000000004       -2.5194300376357001E-003   0.0000000000000000     
   7.5000000000000000        2.7393091016013680E-003   0.0000000000000000     
   7.6000000000000005       -2.9721899172991074E-003   0.0000000000000000     
   7.7000000000000002        3.2181006278971468E-003   0.0000000000000000     
   7.8000000000000007       -3.4769672588806171E-003   0.0000000000000000     
   7.9000000000000004        3.7486029164575155E-003   0.0000000000000000     
   8.0000000000000000       -4.0326971201914844E-003   0.0000000000000000     
   8.0999999999999996        4.3288054362452958E-003   0.0000000000000000     
   8.2000000000000011       -4.6363395920919681E-003   0.0000000000000000     
   8.3000000000000007        4.9545582665311274E-003   0.0000000000000000     
   8.4000000000000004       -5.2825587597627654E-003   0.0000000000000000     
   8.5000000000000000        5.6192697567469660E-003   0.0000000000000000     
   8.5999999999999996       -5.9634454025405256E-003   0.0000000000000000     
   8.7000000000000011        6.3136609104949854E-003   0.0000000000000000     
   8.8000000000000007       -6.6683099224538840E-003   0.0000000000000000     
   8.9000000000000004        7.0256038342266713E-003   0.0000000000000000     
   9.0000000000000000       -7.3835732892876911E-003   0.0000000000000000     
   9.0999999999999996        7.7400720284177601E-003   0.0000000000000000     
   9.2000000000000011       -8.0927832628767318E-003   0.0000000000000000     
   9.3000000000000007        8.4392287135180103E-003   0.0000000000000000     
   9.4000000000000004       -8.7767804279489849E-003   0.0000000000000000     
   9.5000000000000000        9.1026754526610902E-003   0.0000000000000000     
   9.6000000000000014       -9.4140333971530175E-003   0.0000000000000000     
   9.7000000000000011        9.7078768828435472E-003   0.0000000000000000     
   9.8000000000000007       -9.9811548215764968E-003   0.0000000000000000     
   9.9000000000000004        1.0230768417282094E-002   0.0000000000000000     
   10.000000000000000       -1.0453599730798088E-002   0.0000000000000000     
   10.100000000000001        1.0646542592773228E-002   0.0000000000000000     
   10.200000000000001       -1.0806535593917760E-002   0.0000000000000000     
   10.300000000000001        1.0930596826928490E-002   0.0000000000000000     
   10.400000000000000       -1.1015860001207030E-002   0.0000000000000000     
   10.500000000000000        1.1059611501269622E-002   0.0000000000000000     
   10.600000000000001       -1.1059327913907971E-002   0.0000000000000000     
   10.700000000000001        1.1012713508822502E-002   0.0000000000000000     
   10.800000000000001       -1.0917737123944945E-002   0.0000000000000000     
   10.900000000000000        1.0772667881142374E-002   0.0000000000000000     
   11.000000000000000       -1.0576109141507285E-002   0.0000000000000000     
   11.100000000000001        1.0327030103034275E-002   0.0000000000000000     
   11.200000000000001       -1.0024794447817724E-002   0.0000000000000000     
   11.300000000000001        9.6691854616226831E-003   0.0000000000000000     
   11.400000000000000       -9.2604270762299268E-003   0.0000000000000000     
   11.500000000000000        8.7992003243086685E-003   0.0000000000000000     
   11.600000000000001       -8.2866547476996635E-003   0.0000000000000000     
   11.700000000000001        7.7244143624250836E-003   0.0000000000000000     
   11.800000000000001       -7.1145778567698456E-003   0.0000000000000000     
   11.900000000000000        6.4597127814913936E-003   0.0000000000000000     
   12.000000000000000       -5.7628435821560822E-003   0.0000000000000000     
   12.100000000000001        5.0274334214864581E-003   0.0000000000000000     
   12.200000000000001       -4.2573598426348981E-003   0.0000000000000000     
   12.300000000000001        3.4568844302112060E-003   0.0000000000000000     
   12.400000000000000       -2.6306167330982701E-003   0.0000000000000000     
   12.500000000000000        1.7834728190924800E-003   0.0000000000000000     
   12.600000000000001       -9.2062893362212866E-004   0.0000000000000000     
   12.700000000000001        4.7470831599437266E-005   0.0000000000000000     
   12.800000000000001        8.3046055980723614E-004   0.0000000000000000     
   12.900000000000000       -1.7075264114166766E-003   0.0000000000000000     
   13.000000000000000        2.5780493926669270E-003   0.0000000000000000     
   13.100000000000001       -3.4363743474146139E-003   0.0000000000000000     
   13.200000000000001        4.2769293526107068E-003   0.0000000000000000     
   13.300000000000001       -5.0942862466336588E-003   0.0000000000000000     
   13.400000000000000        5.8832197105308705E-003   0.0000000000000000     
   13.500000000000000       -6.6387639996006902E-003   0.0000000000000000     
   13.600000000000001        7.3562664543672211E-003   0.0000000000000000     
   13.700000000000001       -8.0314369689940754E-003   0.0000000000000000     
   13.800000000000001        8.6603926605090531E-003   0.0000000000000000     
   13.900000000000000       -9.2396970625961417E-003   0.0000000000000000     
   14.000000000000000        9.7663932617359575E-003   0.0000000000000000     
   14.100000000000001       -1.0238030499012700E-002   0.0000000000000000     
   14.200000000000001        1.0652683875819432E-002   0.0000000000000000     
   14.300000000000001       -1.1008966923503859E-002   0.0000000000000000     
   14.400000000000000        1.1306036922998986E-002   0.0000000000000000     
   14.500000000000000       -1.1543592988070899E-002   0.0000000000000000     
   14.600000000000001        1.1721867052049743E-002   0.0000000000000000     
   14.700000000000001       -1.1841608020116865E-002   0.0000000000000000     
   14.800000000000001        1.1904059464883243E-002   0.0000000000000000     
   14.900000000000000       -1.1910931349437161E-002   0.0000000000000000     
   15.000000000000000        1.1864366357188367E-002   0.0000000000000000     
   15.100000000000001       -1.1766901489840539E-002   0.0000000000000000     
   15.200000000000001        1.1621425661941312E-002   0.0000000000000000     
   15.300000000000001       -1.1431134071610059E-002   0.0000000000000000     
   15.400000000000000        1.1199480161459647E-002   0.0000000000000000     
   15.500000000000000       -1.0930126000992068E-002   0.0000000000000000     
   15.600000000000001        1.0626891921937800E-002   0.0000000000000000     
   15.700000000000001       -1.0293706221605961E-002   0.0000000000000000     
   15.800000000000001        9.9345557172126186E-003   0.0000000000000000     
   15.900000000000000       -9.5534378875346774E-003   0.0000000000000000     
   16.000000000000000        9.1543152786235024E-003   0.0000000000000000     
   16.100000000000001       -8.7410727795649047E-003   0.0000000000000000     
   16.199999999999999        8.3174782943895888E-003   0.0000000000000000     
   16.300000000000001       -7.8871472493631852E-003   0.0000000000000000     
   16.400000000000002        7.4535112832354658E-003   0.0000000000000000     
   16.500000000000000       -7.0197913739373395E-003   0.0000000000000000     
   16.600000000000001        6.5889755609295731E-003   0.0000000000000000     
   16.699999999999999       -6.1638013299398116E-003   0.0000000000000000     
   16.800000000000001        5.7467426382708884E-003   0.0000000000000000     
   16.900000000000002       -5.3400014759985206E-003   0.0000000000000000     
   17.000000000000000        4.9455037826621334E-003   0.0000000000000000     
   17.100000000000001       -4.5648994718999764E-003   0.0000000000000000     
   17.199999999999999        4.1995662587807087E-003   0.0000000000000000     
   17.300000000000001       -3.8506169370761340E-003   0.0000000000000000     
   17.400000000000002        3.5189097168978919E-003   0.0000000000000000     
   17.500000000000000       -3.2050612068898368E-003   0.0000000000000000     
   17.600000000000001        2.9094616095485704E-003   0.0000000000000000     
   17.699999999999999       -2.6322916928300595E-003   0.0000000000000000     
   17.800000000000001        2.3735411051358209E-003   0.0000000000000000     
   17.900000000000002       -2.1330276134790072E-003   0.0000000000000000     
   18.000000000000000        1.9104168649834504E-003   0.0000000000000000     
   18.100000000000001       -1.7052422986955761E-003   0.0000000000000000     
   18.199999999999999        1.5169248670624076E-003   0.0000000000000000     
   18.300000000000001       -1.3447922628349819E-003   0.0000000000000000     
   18.400000000000002        1.1880973864791238E-003   0.0000000000000000     
   18.500000000000000       -1.0460358304085389E-003   0.0000000000000000     
   18.600000000000001        9.1776219805431841E-004   0.0000000000000000     
   18.699999999999999       -8.0240511709380054E-004   0.0000000000000000     
   18.800000000000001        6.9908084621735263E-004   0.0000000000000000     
   18.900000000000002       -6.0690541265439007E-004   0.0000000000000000     
   19.000000000000000        5.2500525271959194E-004   0.0000000000000000     
   19.100000000000001       -4.5252635931322601E-004   0.0000000000000000     
   19.200000000000003        3.8864196838069281E-004   0.0000000000000000     
   19.300000000000001       -3.3255884036047597E-004   0.0000000000000000     
   19.400000000000002        2.8352221246866340E-004   0.0000000000000000     
   19.500000000000000       -2.4081951372435247E-004   0.0000000000000000     
   19.600000000000001        2.0378294649901174E-004   0.0000000000000000     
   19.700000000000003       -1.7179104635634202E-004   0.0000000000000000     
   19.800000000000001        1.4426933683873492E-004   0.0000000000000000     
   19.900000000000002       -1.2069019727797758E-004   0.0000000000000000     
   20.000000000000000        1.0057206033912604E-004   0.0000000000000000     
   20.100000000000001       -8.3478052557186592E-005   0.0000000000000000     
   20.200000000000003        6.9014185359998509E-005   0.0000000000000000     
   20.300000000000001       -5.6827196928581884E-005   0.0000000000000000     
   20.400000000000002        4.6602137038076367E-005   0.0000000000000000     
   20.500000000000000       -3.8059777707450965E-005   0.0000000000000000     
   20.600000000000001        3.0953923012192482E-005   0.0000000000000000     
   20.700000000000003       -2.5068681746664101E-005   0.0000000000000000     
   20.800000000000001        2.0215756886612591E-005   0.0000000000000000     
   20.900000000000002       -1.6231796588750808E-005   0.0000000000000000     
   21.000000000000000        1.2975842688541968E-005   0.0000000000000000     
   21.100000000000001       -1.0326904542866005E-005   0.0000000000000000     
   21.200000000000003        8.1816786600344811E-006   0.0000000000000000     
   21.300000000000001       -6.4524279672733381E-006   0.0000000000000000     
   21.400000000000002        5.0650289236496647E-006   0.0000000000000000     
   21.500000000000000       -3.9571896535710913E-006   0.0000000000000000     
   21.600000000000001        3.0768382140896989E-006   0.0000000000000000     
   21.700000000000003       -2.3806768868046493E-006   0.0000000000000000     
   21.800000000000001        1.8328956203163228E-006   0.0000000000000000     
   21.900000000000002       -1.4040358970309016E-006   0.0000000000000000     
   22.000000000000000        1.0699949347205122E-006   0.0000000000000000     
   22.100000000000001       -8.1115915586137631E-007   0.0000000000000000     
   22.200000000000003        6.1165553971282458E-007   0.0000000000000000     
   22.300000000000001       -4.5870930730848970E-007   0.0000000000000000     
   22.400000000000002        3.4209661896690726E-007   0.0000000000000000     
   22.500000000000000       -2.5368144235748175E-007   0.0000000000000000     
   22.600000000000001        1.8702620512346945E-007   0.0000000000000000     
   22.700000000000003       -1.3706672052472358E-007   0.0000000000000000     
   22.800000000000001        9.9842607450279492E-008   0.0000000000000000     
   22.900000000000002       -7.2275129917215697E-008   0.0000000000000000     
   23.000000000000000        5.1985414686435320E-008   0.0000000000000000     
   23.100000000000001       -3.7146678083400364E-008   0.0000000000000000     
   23.200000000000003        2.6364853005953551E-008   0.0000000000000000     
   23.300000000000001       -1.8582889592698083E-008   0.0000000000000000     
   23.400000000000002        1.3004494347458113E-008   0.0000000000000000     
   23.500000000000000       -9.0337656725059985E-009   0.0000000000000000     
   23.600000000000001        6.2278003884127155E-009   0.0000000000000000     
   23.700000000000003       -4.2596906802703300E-009   0.0000000000000000     
   23.800000000000001        2.8898574571773008E-009   0.0000000000000000     
   23.900000000000002       -1.9440059912619285E-009   0.0000000000000000     
   24.000000000000000        1.2962720575218864E-009   0.0000000000000000     
   24.100000000000001       -8.5647088713336296E-010   0.0000000000000000     
   24.200000000000003        5.6049775981446972E-010   0.0000000000000000     
   24.300000000000001       -3.6315186099524494E-010   0.0000000000000000     
   24.400000000000002        2.3283161027970761E-010   0.0000000000000000     
   24.500000000000000       -1.4763434620759809E-010   0.0000000000000000     
   24.600000000000001        9.2527134766177014E-011   0.0000000000000000     
   24.700000000000003       -5.7280000757665131E-011   0.0000000000000000     
   24.800000000000001        3.4993587043756920E-011   0.0000000000000000     
   24.900000000000002       -2.1080702642322652E-011   0.0000000000000000     
   25.000000000000000        1.2509373340676877E-011   0.0000000000000000     
   25.100000000000001       -7.3015420128606212E-012   0.0000000000000000     
   25.200000000000003        4.1902094973822023E-012   0.0000000000000000     
   25.300000000000001       -2.3549434471712875E-012   0.0000000000000000     
   25.400000000000002        1.2944936998145239E-012   0.0000000000000000     
   25.500000000000000       -6.9847149899300526E-013   0.0000000000000000     
   25.600000000000001        3.6249450434000940E-013   0.0000000000000000     
   25.700000000000003       -1.8397943370020353E-013   0.0000000000000000     
   25.800000000000001        9.0298329611549519E-014   0.0000000000000000     
   25.900000000000002       -3.9286665745231763E-014   0.0000000000000000     
   26.000000000000000        2.2473501001731615E-014   0.0000000000000000     
   26.100000000000001       -9.5156893317251441E-015   0.0000000000000000     
   26.200000000000003        8.3718773729901088E-016   0.0000000000000000     
   26.300000000000001       -3.4184809660835084E-015   0.0000000000000000     
   26.400000000000002        4.4620828565121821E-016   0.0000000000000000     
   26.500000000000000       -2.3462735683330272E-015   0.0000000000000000     
   26.600000000000001        1.2582774897420824E-015   0.0000000000000000     
   26.700000000000003        3.5046695926926807E-015   0.0000000000000000     
   26.800000000000001        3.8568187439446276E-015   0.0000000000000000     
   26.900000000000002       -1.8947933568784521E-015   0.0000000000000000     
   27.000000000000000       -2.6093403583664981E-015   0.0000000000000000     
   27.100000000000001       -1.5912921483833121E-015   0.0000000000000000     
   27.200000000000003       -9.1788636873892693E-017   0.0000000000000000     
   27.300000000000001       -6.0123194159560049E-017   0.0000000000000000     
   27.400000000000002        6.1115801527588755E-016   0.0000000000000000     
   27.500000000000000       -4.9118559943995511E-016   0.0000000000000000     
   27.600000000000001        2.2614925516055094E-015   0.0000000000000000     
   27.700000000000003       -3.7326649654203028E-016   0.0000000000000000     
   27.800000000000001        1.2745224841426577E-015   0.0000000000000000     
   27.900000000000002        5.0501669624099039E-016   0.0000000000000000     
   28.000000000000000       -1.7448973094236240E-015   0.0000000000000000     
   28.100000000000001       -1.2483562252268136E-015   0.0000000000000000     
   28.200000000000003       -3.7351530530659925E-015   0.0000000000000000     
   28.300000000000001        5.1478088151098589E-015   0.0000000000000000     
   28.400000000000002       -2.1858311972355885E-015   0.0000000000000000     
   28.500000000000000        2.6457889861975407E-015   0.0000000000000000     
   28.600000000000001       -2.3408660181994554E-015   0.0000000000000000     
   28.700000000000003        5.1515110285076035E-015   0.0000000000000000     
   28.800000000000001       -5.0807398008423992E-015   0.0000000000000000     
   28.900000000000002        2.7884107922573343E-015   0.0000000000000000     
   29.000000000000000       -2.4002335914303915E-015   0.0000000000000000     
   29.100000000000001        2.2658004430860307E-015   0.0000000000000000     
   29.200000000000003       -6.3415026879514707E-015   0.0000000000000000     
   29.300000000000001        3.2403929460282980E-015   0.0000000000000000     
   29.400000000000002        8.2201959554473564E-016   0.0000000000000000     
   29.500000000000000        5.2699761373499476E-015   0.0000000000000000     
   29.600000000000001       -4.3529851854773475E-015   0.0000000000000000     
   29.700000000000003        9.4443387553229567E-016   0.0000000000000000     
   29.800000000000001       -3.7848094998248557E-015   0.0000000000000000     
   29.900000000000002        4.6947466657693648E-015   0.0000000000000000     
   30.000000000000000       -3.9419762844918758E-015   0.0000000000000000     
   30.100000000000001        2.0991957748354304E-015   0.0000000000000000     
   30.200000000000003       -2.3086907606966173E-015   0.0000000000000000     
   30.300000000000001        5.4659146417843383E-015   0.0000000000000000     
   30.400000000000002       -4.3585894967743302E-015   0.0000000000000000     
   30.500000000000000        5.7849135586765422E-016   0.0000000000000000     
   30.600000000000001       -7.2374672030774625E-016   0.0000000000000000     
   30.700000000000003        1.9984879991424915E-015   0.0000000000000000     
   30.800000000000001       -8.1991671087056345E-016   0.0000000000000000     
   30.900000000000002        7.9907660033629353E-017   0.0000000000000000     
   31.000000000000000        1.3443005643066308E-015   0.0000000000000000     
   31.100000000000001       -2.0887945133470107E-015   0.0000000000000000     
   31.200000000000003        5.2863326092145371E-016   0.0000000000000000     
   31.300000000000001       -9.3623732367578524E-016   0.0000000000000000     
   31.400000000000002        1.5657274582458394E-015   0.0000000000000000     
   31.500000000000000       -2.6864985926961325E-015   0.0000000000000000     
   31.600000000000001        2.6735894571215844E-015   0.0000000000000000     
   31.700000000000003        5.4273968081465323E-017   0.0000000000000000     
   31.800000000000001        2.1489639637351130E-015   0.0000000000000000     
   31.900000000000002       -4.5611527907418778E-015   0.0000000000000000     
   32.000000000000000        1.3166833214167803E-015   0.0000000000000000     
   32.100000000000001        1.0945228715723995E-016   0.0000000000000000     
   32.200000000000003        3.1587134649331383E-015   0.0000000000000000     
   32.300000000000004       -3.3454581354912411E-015   0.0000000000000000     
   32.399999999999999       -1.7436714218998866E-015   0.0000000000000000     
   32.500000000000000        1.7906150659111825E-015   0.0000000000000000     
   32.600000000000001       -8.9960344857146543E-016   0.0000000000000000     
   32.700000000000003        3.8094294385358893E-015   0.0000000000000000     
   32.800000000000004       -1.8436524209230645E-015   0.0000000000000000     
   32.899999999999999        1.0327756054729911E-015   0.0000000000000000     
   33.000000000000000       -1.5367102917371871E-015   0.0000000000000000     
   33.100000000000001       -1.2837334620954869E-015   0.0000000000000000     
   33.200000000000003       -1.1576829703307624E-015   0.0000000000000000     
   33.300000000000004        4.4174778158459371E-015   0.0000000000000000     
   33.399999999999999       -2.2950429919726577E-015   0.0000000000000000     
   33.500000000000000        7.5568568986268056E-016   0.0000000000000000     
   33.600000000000001       -1.3650809629978283E-015   0.0000000000000000     
   33.700000000000003        5.9884790753845168E-016   0.0000000000000000     
   33.800000000000004        2.1983689903364106E-015   0.0000000000000000     
   33.899999999999999       -4.7639736454033313E-015   0.0000000000000000     
   34.000000000000000        4.6529792753341538E-015   0.0000000000000000     
   34.100000000000001       -1.6154489726409062E-015   0.0000000000000000     
   34.200000000000003        1.9363752391960511E-015   0.0000000000000000     
   34.300000000000004       -3.0980369301483085E-015   0.0000000000000000     
   34.399999999999999        2.1981166270267813E-016   0.0000000000000000     
   34.500000000000000       -1.4042424844723103E-015   0.0000000000000000     
   34.600000000000001        1.1992749825297534E-015   0.0000000000000000     
   34.700000000000003        1.8487858880186265E-015   0.0000000000000000     
   34.800000000000004        4.9575033704127478E-016   0.0000000000000000     
   34.899999999999999        1.7342116531309563E-015   0.0000000000000000     
   35.000000000000000       -4.2133810598594546E-015   0.0000000000000000     
   35.100000000000001        1.8432596072217082E-016   0.0000000000000000     
   35.200000000000003        4.5625372845610286E-016   0.0000000000000000     
   35.300000000000004       -9.4709228247998044E-016   0.0000000000000000     
   35.399999999999999        1.0818880363474341E-016   0.0000000000000000     
   35.500000000000000        1.6359924720988405E-015   0.0000000000000000     
   35.600000000000001        2.9199598743843791E-015   0.0000000000000000     
   35.700000000000003       -2.4653286168285062E-015   0.0000000000000000     
   35.800000000000004       -6.6847325453119544E-016   0.0000000000000000     
   35.899999999999999       -1.8192594599324522E-015   0.0000000000000000     
   36.000000000000000        1.2630519545195807E-015   0.0000000000000000     
   36.100000000000001       -2.1477258139349256E-015   0.0000000000000000     
   36.200000000000003        2.8268927127758153E-015   0.0000000000000000     
   36.300000000000004        3.7249687858781474E-016   0.0000000000000000     
   36.399999999999999        2.3112310593202544E-015   0.0000000000000000     
   36.500000000000000       -3.4709941306246124E-016   0.0000000000000000     
   36.600000000000001       -3.9705410833214939E-015   0.0000000000000000     
   36.700000000000003        1.0509792464766951E-015   0.0000000000000000     
   36.800000000000004       -3.8714060696467002E-015   0.0000000000000000     
   36.899999999999999        3.0789170957591237E-015   0.0000000000000000     
   37.000000000000000        1.8485757058939168E-015   0.0000000000000000     
   37.100000000000001        5.6187845486096016E-016   0.0000000000000000     
   37.200000000000003        1.6265824525704232E-015   0.0000000000000000     
   37.300000000000004       -2.1267271402349361E-015   0.0000000000000000     
   37.399999999999999       -3.6549823729087980E-017   0.0000000000000000     
   37.500000000000000       -3.9398952239203082E-015   0.0000000000000000     
   37.600000000000001        2.4561275516368390E-015   0.0000000000000000     
   37.700000000000003       -1.0071264698847195E-015   0.0000000000000000     
   37.800000000000004        3.7521777664404211E-015   0.0000000000000000     
   37.899999999999999       -4.8500900260881049E-016   0.0000000000000000     
   38.000000000000000       -2.7382703996817693E-015   0.0000000000000000     
   38.100000000000001        1.5496989252488944E-015   0.0000000000000000     
   38.200000000000003       -6.1438178102693638E-016   0.0000000000000000     
   38.300000000000004        1.8822590452918684E-015   0.0000000000000000     
   38.400000000000006       -2.2228616972446048E-015   0.0000000000000000     
   38.500000000000000        1.7940076392065603E-017   0.0000000000000000     
   38.600000000000001        3.0161300472423329E-016   0.0000000000000000     
   38.700000000000003       -2.4336259520677435E-016   0.0000000000000000     
   38.800000000000004       -1.3214210574767281E-015   0.0000000000000000     
   38.900000000000006        1.9742567096798089E-015   0.0000000000000000     
   39.000000000000000        1.6805450109185737E-015   0.0000000000000000     
   39.100000000000001        2.0520039988154282E-015   0.0000000000000000     
   39.200000000000003       -2.1092752925592725E-015   0.0000000000000000     
   39.300000000000004       -2.1986300220381034E-015   0.0000000000000000     
   39.400000000000006       -3.1966060422047475E-015   0.0000000000000000     
   39.500000000000000       -3.3254932912596398E-016   0.0000000000000000     
   39.600000000000001        1.6095510117157783E-015   0.0000000000000000     
   39.700000000000003        2.2946714332884831E-015   0.0000000000000000     
   39.800000000000004        2.9251891081140318E-015   0.0000000000000000     
   39.900000000000006        2.4302167924398928E-015   0.0000000000000000     
   40.000000000000000       -3.1743504072299870E-015   0.0000000000000000     
   40.100000000000001        4.9146551190075561E-017   0.0000000000000000     
   40.200000000000003       -6.4509131880522306E-015   0.0000000000000000     
   40.300000000000004        2.2111699141634189E-015   0.0000000000000000     
   40.400000000000006        9.4826269717840415E-016   0.0000000000000000     
   40.500000000000000       -7.4696901215495024E-016   0.0000000000000000     
   40.600000000000001        2.0239267708701971E-015   0.0000000000000000     
   40.700000000000003       -3.2534500407361186E-016   0.0000000000000000     
   40.800000000000004        2.5782836644237820E-015   0.0000000000000000     
   40.900000000000006       -2.8288498855963920E-016   0.0000000000000000     
   41.000000000000000       -1.8892062606370336E-015   0.0000000000000000     
   41.100000000000001       -4.9606308470708880E-016   0.0000000000000000     
   41.200000000000003       -8.4558775572424029E-016   0.0000000000000000     
   41.300000000000004        2.6488487532178290E-015   0.0000000000000000     
   41.400000000000006       -3.4652008938275084E-015   0.0000000000000000     
   41.500000000000000        9.8956053247801203E-016   0.0000000000000000     
   41.600000000000001       -4.5398218826640779E-017   0.0000000000000000     
   41.700000000000003        3.4564683523072271E-015   0.0000000000000000     
   41.800000000000004       -2.0553141243991277E-015   0.0000000000000000     
   41.900000000000006        2.1548129727477774E-016   0.0000000000000000     
   42.000000000000000        7.5418546837350951E-017   0.0000000000000000     
   42.100000000000001       -1.3911620753057604E-015   0.0000000000000000     
   42.200000000000003        2.2528082895698885E-016   0.0000000000000000     
   42.300000000000004       -1.9396782767859538E-015   0.0000000000000000     
   42.400000000000006        1.3575371431583882E-016   0.0000000000000000     
   42.500000000000000        2.7576362664594324E-015   0.0000000000000000     
   42.600000000000001        1.4958438529043401E-015   0.0000000000000000     
   42.700000000000003        1.6089212196042590E-015   0.0000000000000000     
   42.800000000000004       -2.4870037912168287E-015   0.0000000000000000     
   42.900000000000006       -5.9840836976113597E-016   0.0000000000000000     
   43.000000000000000       -1.5063825656519596E-015   0.0000000000000000     
   43.100000000000001       -2.0894525048912879E-015   0.0000000000000000     
   43.200000000000003        3.0938376828754353E-015   0.0000000000000000     
   43.300000000000004       -9.0913250008270515E-016   0.0000000000000000     
   43.400000000000006        1.7122230251891658E-015   0.0000000000000000     
   43.500000000000000       -2.0577977508834614E-016   0.0000000000000000     
   43.600000000000001       -5.6906339835989024E-016   0.0000000000000000     
   43.700000000000003       -7.4860210358403874E-016   0.0000000000000000     
   43.800000000000004       -6.7300857943318049E-016   0.0000000000000000     
   43.900000000000006        2.5913439444638251E-015   0.0000000000000000     
   44.000000000000000        1.2526867152053831E-015   0.0000000000000000     
   44.100000000000001       -2.2924147405723017E-015   0.0000000000000000     
   44.200000000000003       -5.8014446943839758E-016   0.0000000000000000     
   44.300000000000004        4.3514878039314905E-016   0.0000000000000000     
   44.400000000000006       -8.7062354238337124E-016   0.0000000000000000     
   44.500000000000000       -3.6255067289019789E-016   0.0000000000000000     
   44.600000000000001        2.3190613603183421E-015   0.0000000000000000     
   44.700000000000003       -1.4597937613193341E-015   0.0000000000000000     
   44.800000000000004        1.9148178459349664E-015   0.0000000000000000     
   44.900000000000006       -8.8057851343897973E-016   0.0000000000000000     
   45.000000000000000       -2.6887225508561602E-015   0.0000000000000000     
   45.100000000000001        1.3432465461702938E-015   0.0000000000000000     
   45.200000000000003       -3.1770169894687119E-016   0.0000000000000000     
   45.300000000000004        2.5568283910251173E-015   0.0000000000000000     
   45.400000000000006       -1.3039235773200974E-015   0.0000000000000000     
   45.500000000000000       -9.8905885075686269E-016   0.0000000000000000     
   45.600000000000001        1.2641490347544109E-015   0.0000000000000000     
   45.700000000000003       -1.3448045142730312E-015   0.0000000000000000     
   45.800000000000004        3.0188784140620276E-015   0.0000000000000000     
   45.900000000000006       -1.5894589270272932E-015   0.0000000000000000     
   46.000000000000000       -8.1065258005239407E-016   0.0000000000000000     
   46.100000000000001       -7.9387845489646553E-016   0.0000000000000000     
   46.200000000000003        7.8897293020531628E-016   0.0000000000000000     
   46.300000000000004       -9.9749811922764353E-016   0.0000000000000000     
   46.400000000000006        8.3376103424936865E-016   0.0000000000000000     
   46.500000000000000        1.6533437299794972E-015   0.0000000000000000     
   46.600000000000001        5.3177985166279184E-016   0.0000000000000000     
   46.700000000000003       -1.2083007553462521E-015   0.0000000000000000     
   46.800000000000004       -3.0651251281982747E-015   0.0000000000000000     
   46.900000000000006        5.3156761259303620E-016   0.0000000000000000     
   47.000000000000000        3.1784433618692830E-015   0.0000000000000000     
   47.100000000000001       -1.9725711251631133E-016   0.0000000000000000     
   47.200000000000003       -5.0017749972448839E-016   0.0000000000000000     
   47.300000000000004       -1.6327795952053781E-015   0.0000000000000000     
   47.400000000000006       -1.6546588945849363E-015   0.0000000000000000     
   47.500000000000000        2.9614716143248452E-015   0.0000000000000000     
   47.600000000000001       -8.0857878829184086E-016   0.0000000000000000     
   47.700000000000003        2.0645876464355765E-015   0.0000000000000000     
   47.800000000000004        1.0504802107572771E-015   0.0000000000000000     
   47.900000000000006        1.8574694975157791E-015   0.0000000000000000     
   48.000000000000000       -2.8387977490070205E-015   0.0000000000000000     
   48.100000000000001       -2.8265216374210888E-015   0.0000000000000000     
   48.200000000000003       -8.9084936091931482E-016   0.0000000000000000     
   48.300000000000004        5.4842222191529703E-016   0.0000000000000000     
   48.400000000000006       -1.5306480677575456E-015   0.0000000000000000     
   48.500000000000000        3.3130910397795770E-016   0.0000000000000000     
   48.600000000000001        2.0346451305899324E-015   0.0000000000000000     
   48.700000000000003        1.8854963648904010E-015   0.0000000000000000     
   48.800000000000004        1.4153876179340896E-015   0.0000000000000000     
   48.900000000000006       -2.1773286187847835E-015   0.0000000000000000     
   49.000000000000000       -3.4464055315998688E-016   0.0000000000000000     
   49.100000000000001        1.6891867255158278E-015   0.0000000000000000     
   49.200000000000003        6.6848374175039497E-016   0.0000000000000000     
   49.300000000000004       -2.9073381452586793E-015   0.0000000000000000     
   49.400000000000006       -5.5224230654029308E-016   0.0000000000000000     
   49.500000000000000       -3.7610682823784225E-016   0.0000000000000000     
   49.600000000000001       -3.4584185319018508E-016   0.0000000000000000     
   49.700000000000003        2.7734732328411862E-015   0.0000000000000000     
   49.800000000000004        1.3970643462655893E-015   0.0000000000000000     
   49.900000000000006        5.0654071924799070E-054   0.0000000000000000     
