   0.0000000000000000        6.0790613336540690E-016   0.0000000000000000     
  0.10000000000000001        1.5173397817806430E-015   0.0000000000000000     
  0.20000000000000001        1.6615706616592255E-015   0.0000000000000000     
  0.30000000000000004        9.9536738240770280E-016   0.0000000000000000     
  0.40000000000000002        4.6752336412605852E-018   0.0000000000000000     
  0.50000000000000000       -9.3648979953534640E-017   0.0000000000000000     
  0.60000000000000009       -1.1556027758238528E-015   0.0000000000000000     
  0.70000000000000007       -1.8282743212103560E-015   0.0000000000000000     
  0.80000000000000004        3.3552993166514778E-016   0.0000000000000000     
  0.90000000000000002       -7.2944573979164399E-017   0.0000000000000000     
   1.0000000000000000       -1.0703622879645388E-016   0.0000000000000000     
   1.1000000000000001        2.2938894843619709E-015   0.0000000000000000     
   1.2000000000000002        1.3531081418737986E-015   0.0000000000000000     
   1.3000000000000000       -2.9127218621693149E-016   0.0000000000000000     
   1.4000000000000001       -1.0852559883011138E-015   0.0000000000000000     
   1.5000000000000000       -2.1330420373044154E-015   0.0000000000000000     
   1.6000000000000001       -4.9947987877446179E-016   0.0000000000000000     
   1.7000000000000002        1.4725045380071419E-015   0.0000000000000000     
   1.8000000000000000        1.0229720302101099E-015   0.0000000000000000     
   1.9000000000000001       -2.2987362117831391E-016   0.0000000000000000     
   2.0000000000000000       -1.1895692353761289E-015   0.0000000000000000     
   2.1000000000000001       -1.0698262316459829E-016   0.0000000000000000     
   2.2000000000000002        1.8710618834200746E-015   0.0000000000000000     
   2.3000000000000003        1.5275443525745809E-015   0.0000000000000000     
   2.4000000000000004       -4.5104652121065195E-016   0.0000000000000000     
   2.5000000000000000       -2.7771088837414167E-015   0.0000000000000000     
   2.6000000000000001       -2.6111008381275302E-015   0.0000000000000000     
   2.7000000000000002        4.0100124883586443E-016   0.0000000000000000     
   2.8000000000000003        1.6740868518536393E-015   0.0000000000000000     
   2.9000000000000004        2.0080314475986760E-015   0.0000000000000000     
   3.0000000000000000        1.2335292470274081E-015   0.0000000000000000     
   3.1000000000000001       -4.4895894230015806E-016   0.0000000000000000     
   3.2000000000000002        3.6225544519477762E-016   0.0000000000000000     
   3.3000000000000003       -1.0873390059799307E-015   0.0000000000000000     
   3.4000000000000004       -2.4832997179544892E-015   0.0000000000000000     
   3.5000000000000000        2.9410492975694607E-016   0.0000000000000000     
   3.6000000000000001       -4.2723987453763057E-016   0.0000000000000000     
   3.7000000000000002       -1.3012456714857233E-015   0.0000000000000000     
   3.8000000000000003        1.5793194003338443E-015   0.0000000000000000     
   3.9000000000000004        2.4209048771889098E-015   0.0000000000000000     
   4.0000000000000000        1.8243890837374118E-015   0.0000000000000000     
   4.1000000000000005       -2.2264642179966130E-016   0.0000000000000000     
   4.2000000000000002       -2.2553633218919857E-015   0.0000000000000000     
   4.2999999999999998       -1.1056003518697350E-015   0.0000000000000000     
   4.4000000000000004       -7.4649755811186719E-016   0.0000000000000000     
   4.5000000000000000       -6.7193990348900137E-016   0.0000000000000000     
   4.6000000000000005        1.2139854389681783E-015   0.0000000000000000     
   4.7000000000000002        1.2068508283183057E-015   0.0000000000000000     
   4.8000000000000007        1.3237356816655785E-016   0.0000000000000000     
   4.9000000000000004        4.9763394209832893E-016   0.0000000000000000     
   5.0000000000000000        7.8793901832063713E-017   0.0000000000000000     
   5.1000000000000005       -1.5386305531357182E-015   0.0000000000000000     
   5.2000000000000002       -1.6558112391571287E-015   0.0000000000000000     
   5.3000000000000007       -9.0289811442720771E-017   0.0000000000000000     
   5.4000000000000004        1.2232128972670739E-015   0.0000000000000000     
   5.5000000000000000        2.2519670116470496E-015   0.0000000000000000     
   5.6000000000000005        2.3256061399327360E-015   0.0000000000000000     
   5.7000000000000002       -1.1140749567553889E-015   0.0000000000000000     
   5.8000000000000007       -4.0994787391167925E-015   0.0000000000000000     
   5.9000000000000004       -1.6545462002012338E-015   0.0000000000000000     
   6.0000000000000000        9.2797179412761730E-016   0.0000000000000000     
   6.1000000000000005        1.2394793727279874E-015   0.0000000000000000     
   6.2000000000000002        1.8154130049899684E-015   0.0000000000000000     
   6.3000000000000007        6.8146365092694861E-016   0.0000000000000000     
   6.4000000000000004       -7.1742200407656784E-017   0.0000000000000000     
   6.5000000000000000        5.9205589034367135E-016   0.0000000000000000     
   6.6000000000000005       -8.2463358737607991E-016   0.0000000000000000     
   6.7000000000000002       -2.4094229647387177E-015   0.0000000000000000     
   6.8000000000000007       -1.9344792980719178E-015   0.0000000000000000     
   6.9000000000000004        4.1785305687953547E-016   0.0000000000000000     
   7.0000000000000000        1.6738370153173727E-015   0.0000000000000000     
   7.1000000000000005        9.7574499616823599E-016   0.0000000000000000     
   7.2000000000000002        2.1983225665511996E-015   0.0000000000000000     
   7.3000000000000007        1.8427408234438771E-015   0.0000000000000000     
   7.4000000000000004       -7.1196611259648905E-016   0.0000000000000000     
   7.5000000000000000       -1.9346905107778099E-015   0.0000000000000000     
   7.6000000000000005       -4.1559296766563055E-015   0.0000000000000000     
   7.7000000000000002       -2.5367124450077420E-015   0.0000000000000000     
   7.8000000000000007        2.2396125973173795E-015   0.0000000000000000     
   7.9000000000000004        1.9415782771249339E-015   0.0000000000000000     
   8.0000000000000000        1.5912232270587937E-015   0.0000000000000000     
   8.0999999999999996        3.0560050722049883E-015   0.0000000000000000     
   8.2000000000000011        5.5208664816129251E-016   0.0000000000000000     
   8.3000000000000007       -3.2407323554154067E-015   0.0000000000000000     
   8.4000000000000004       -1.7056088198194281E-015   0.0000000000000000     
   8.5000000000000000        1.6649629474523615E-015   0.0000000000000000     
   8.5999999999999996       -1.0661126299709395E-015   0.0000000000000000     
   8.7000000000000011       -2.2453214991080094E-015   0.0000000000000000     
   8.8000000000000007        1.7427922891461157E-015   0.0000000000000000     
   8.9000000000000004        1.0362741450441954E-015   0.0000000000000000     
   9.0000000000000000       -3.9473118344467039E-016   0.0000000000000000     
   9.0999999999999996        7.2835958347576241E-016   0.0000000000000000     
   9.2000000000000011       -5.4777014499783921E-016   0.0000000000000000     
   9.3000000000000007       -7.0385637343802891E-016   0.0000000000000000     
   9.4000000000000004        6.7106710941093351E-016   0.0000000000000000     
   9.5000000000000000        4.8777313843803634E-016   0.0000000000000000     
   9.6000000000000014       -1.8849510315160490E-016   0.0000000000000000     
   9.7000000000000011       -1.8029225377494270E-016   0.0000000000000000     
   9.8000000000000007        8.5190953063253417E-016   0.0000000000000000     
   9.9000000000000004        6.8449539046027492E-016   0.0000000000000000     
   10.000000000000000       -1.5166738334355146E-015   0.0000000000000000     
   10.100000000000001       -2.3478589990549013E-015   0.0000000000000000     
   10.200000000000001       -2.8343261656850464E-016   0.0000000000000000     
   10.300000000000001        1.2986036463502417E-015   0.0000000000000000     
   10.400000000000000        7.4568412967274733E-016   0.0000000000000000     
   10.500000000000000        5.2729473246656716E-016   0.0000000000000000     
   10.600000000000001        6.5661686979070729E-016   0.0000000000000000     
   10.700000000000001        4.8024023206433012E-016   0.0000000000000000     
   10.800000000000001       -3.0508542310825251E-016   0.0000000000000000     
   10.900000000000000       -1.6719298484094931E-015   0.0000000000000000     
   11.000000000000000       -7.0775763849757597E-016   0.0000000000000000     
   11.100000000000001        1.0226549899945930E-015   0.0000000000000000     
   11.200000000000001        5.4032791108796169E-016   0.0000000000000000     
   11.300000000000001       -3.9101524713849972E-016   0.0000000000000000     
   11.400000000000000       -5.5845299882304969E-016   0.0000000000000000     
   11.500000000000000        2.9778283805036830E-016   0.0000000000000000     
   11.600000000000001        3.8204495284717013E-016   0.0000000000000000     
   11.700000000000001       -1.1762098349435946E-016   0.0000000000000000     
   11.800000000000001        1.0208055850457383E-015   0.0000000000000000     
   11.900000000000000        7.2642645448546409E-016   0.0000000000000000     
   12.000000000000000       -1.6195298016099335E-015   0.0000000000000000     
   12.100000000000001       -2.1937465528836992E-015   0.0000000000000000     
   12.200000000000001        6.1835033578197999E-016   0.0000000000000000     
   12.300000000000001        3.0867457765871939E-015   0.0000000000000000     
   12.400000000000000        2.2572508636538808E-016   0.0000000000000000     
   12.500000000000000       -2.2082724646936489E-015   0.0000000000000000     
   12.600000000000001       -4.2647547919663234E-016   0.0000000000000000     
   12.700000000000001        2.9368795937431854E-016   0.0000000000000000     
   12.800000000000001        1.4470486413169338E-015   0.0000000000000000     
   12.900000000000000        1.2826291429536882E-015   0.0000000000000000     
   13.000000000000000       -2.1000954804621569E-015   0.0000000000000000     
   13.100000000000001       -1.0417211960980256E-015   0.0000000000000000     
   13.200000000000001        9.5241747053553387E-016   0.0000000000000000     
   13.300000000000001       -1.1258131852527690E-016   0.0000000000000000     
   13.400000000000000        8.3624234466211049E-016   0.0000000000000000     
   13.500000000000000        6.6410833622867449E-016   0.0000000000000000     
   13.600000000000001       -8.5054950973875666E-016   0.0000000000000000     
   13.700000000000001       -5.3282226605515208E-016   0.0000000000000000     
   13.800000000000001       -3.6317776881881591E-016   0.0000000000000000     
   13.900000000000000        8.1944320108748950E-016   0.0000000000000000     
   14.000000000000000        1.0671097876730070E-015   0.0000000000000000     
   14.100000000000001       -9.0896793719884331E-016   0.0000000000000000     
   14.200000000000001       -1.9093732197747845E-015   0.0000000000000000     
   14.300000000000001       -1.3494541441432339E-015   0.0000000000000000     
   14.400000000000000        1.6613428241531412E-015   0.0000000000000000     
   14.500000000000000        2.9197654972382064E-015   0.0000000000000000     
   14.600000000000001       -4.3378695374257889E-016   0.0000000000000000     
   14.700000000000001       -7.3539359421354359E-016   0.0000000000000000     
   14.800000000000001        9.3767519918199143E-016   0.0000000000000000     
   14.900000000000000        5.1882311989281959E-016   0.0000000000000000     
   15.000000000000000       -7.4861771534356800E-016   0.0000000000000000     
   15.100000000000001       -1.7252423426009006E-015   0.0000000000000000     
   15.200000000000001       -1.6379769319822950E-015   0.0000000000000000     
   15.300000000000001        4.5362502307376678E-016   0.0000000000000000     
   15.400000000000000       -4.0423612032931486E-016   0.0000000000000000     
   15.500000000000000       -5.1254421289947559E-016   0.0000000000000000     
   15.600000000000001        1.4493867410200461E-015   0.0000000000000000     
   15.700000000000001        3.6452663504879649E-015   0.0000000000000000     
   15.800000000000001       -1.9195387307591686E-016   0.0000000000000000     
   15.900000000000000       -1.0417947252494932E-016   0.0000000000000000     
   16.000000000000000       -2.6675886378064585E-015   0.0000000000000000     
   16.100000000000001        1.8105207966543581E-016   0.0000000000000000     
   16.199999999999999       -5.6721717539761991E-016   0.0000000000000000     
   16.300000000000001        2.3283583064222193E-015   0.0000000000000000     
   16.400000000000002       -3.8388520299975735E-015   0.0000000000000000     
   16.500000000000000        4.9034612743571052E-015   0.0000000000000000     
   16.600000000000001       -4.4708697957470655E-015   0.0000000000000000     
   16.699999999999999        5.9774925024561101E-015   0.0000000000000000     
   16.800000000000001       -8.7453588060039935E-015   0.0000000000000000     
   16.900000000000002        8.5322227491129148E-015   0.0000000000000000     
   17.000000000000000       -1.2529991370398449E-014   0.0000000000000000     
   17.100000000000001        1.7072864057025564E-014   0.0000000000000000     
   17.199999999999999       -2.0774272103073664E-014   0.0000000000000000     
   17.300000000000001        2.8876465228368957E-014   0.0000000000000000     
   17.400000000000002       -3.4316202253137060E-014   0.0000000000000000     
   17.500000000000000        4.4543697350737904E-014   0.0000000000000000     
   17.600000000000001       -5.5773410457366694E-014   0.0000000000000000     
   17.699999999999999        6.9842678409090069E-014   0.0000000000000000     
   17.800000000000001       -9.2320391654903643E-014   0.0000000000000000     
   17.900000000000002        1.1541513045420302E-013   0.0000000000000000     
   18.000000000000000       -1.4973848085785490E-013   0.0000000000000000     
   18.100000000000001        1.8914060221096521E-013   0.0000000000000000     
   18.199999999999999       -2.3608837746218425E-013   0.0000000000000000     
   18.300000000000001        3.0437607969941109E-013   0.0000000000000000     
   18.400000000000002       -3.8471948261946976E-013   0.0000000000000000     
   18.500000000000000        4.8868159243429836E-013   0.0000000000000000     
   18.600000000000001       -6.1993348157583308E-013   0.0000000000000000     
   18.699999999999999        7.8241607018478038E-013   0.0000000000000000     
   18.800000000000001       -9.9348592935313381E-013   0.0000000000000000     
   18.900000000000002        1.2550790455980142E-012   0.0000000000000000     
   19.000000000000000       -1.5865937728869530E-012   0.0000000000000000     
   19.100000000000001        2.0046363727813721E-012   0.0000000000000000     
   19.200000000000003       -2.5310211804285248E-012   0.0000000000000000     
   19.300000000000001        3.1909502721627802E-012   0.0000000000000000     
   19.400000000000002       -4.0197736152131403E-012   0.0000000000000000     
   19.500000000000000        5.0683007103645429E-012   0.0000000000000000     
   19.600000000000001       -6.3770856455303063E-012   0.0000000000000000     
   19.700000000000003        8.0174235518612444E-012   0.0000000000000000     
   19.800000000000001       -1.0074104896101317E-011   0.0000000000000000     
   19.900000000000002        1.2652221279917597E-011   0.0000000000000000     
   20.000000000000000       -1.5872447472320188E-011   0.0000000000000000     
   20.100000000000001        1.9895538290116436E-011   0.0000000000000000     
   20.200000000000003       -2.4926199370436217E-011   0.0000000000000000     
   20.300000000000001        3.1191781267516968E-011   0.0000000000000000     
   20.400000000000002       -3.9007768653162420E-011   0.0000000000000000     
   20.500000000000000        4.8739442589419959E-011   0.0000000000000000     
   20.600000000000001       -6.0847657243578621E-011   0.0000000000000000     
   20.700000000000003        7.5900324716048067E-011   0.0000000000000000     
   20.800000000000001       -9.4586605288622992E-011   0.0000000000000000     
   20.900000000000002        1.1778047250390191E-010   0.0000000000000000     
   21.000000000000000       -1.4652691986296651E-010   0.0000000000000000     
   21.100000000000001        1.8213038140529896E-010   0.0000000000000000     
   21.200000000000003       -2.2617845266082560E-010   0.0000000000000000     
   21.300000000000001        2.8062385169451153E-010   0.0000000000000000     
   21.400000000000002       -3.4786179408630210E-010   0.0000000000000000     
   21.500000000000000        4.3079989082138831E-010   0.0000000000000000     
   21.600000000000001       -5.3302654773728911E-010   0.0000000000000000     
   21.700000000000003        6.5888845066644899E-010   0.0000000000000000     
   21.800000000000001       -8.1369327972706663E-010   0.0000000000000000     
   21.900000000000002        1.0039142803841112E-009   0.0000000000000000     
   22.000000000000000       -1.2374017115460296E-009   0.0000000000000000     
   22.100000000000001        1.5237190838645024E-009   0.0000000000000000     
   22.200000000000003       -1.8744482236999907E-009   0.0000000000000000     
   22.300000000000001        2.3036318217980608E-009   0.0000000000000000     
   22.400000000000002       -2.8282711477826602E-009   0.0000000000000000     
   22.500000000000000        3.4689139201146806E-009   0.0000000000000000     
   22.600000000000001       -4.2503817858425293E-009   0.0000000000000000     
   22.700000000000003        5.2025999436543280E-009   0.0000000000000000     
   22.800000000000001       -6.3616353438589927E-009   0.0000000000000000     
   22.900000000000002        7.7708624632775696E-009   0.0000000000000000     
   23.000000000000000       -9.4824100039679541E-009   0.0000000000000000     
   23.100000000000001        1.1558846000030720E-008   0.0000000000000000     
   23.200000000000003       -1.4075148502327856E-008   0.0000000000000000     
   23.300000000000001        1.7121099672006982E-008   0.0000000000000000     
   23.400000000000002       -2.0804015240194477E-008   0.0000000000000000     
   23.500000000000000        2.5252047132167105E-008   0.0000000000000000     
   23.600000000000001       -3.0618016521299243E-008   0.0000000000000000     
   23.700000000000003        3.7083901080914901E-008   0.0000000000000000     
   23.800000000000001       -4.4866148926330293E-008   0.0000000000000000     
   23.900000000000002        5.4221836325907766E-008   0.0000000000000000     
   24.000000000000000       -6.5455897062708004E-008   0.0000000000000000     
   24.100000000000001        7.8929530591378639E-008   0.0000000000000000     
   24.200000000000003       -9.5070002374446542E-008   0.0000000000000000     
   24.300000000000001        1.1438204238274843E-007   0.0000000000000000     
   24.400000000000002       -1.3746104439200001E-007   0.0000000000000000     
   24.500000000000000        1.6500837280933415E-007   0.0000000000000000     
   24.600000000000001       -1.9784905233244155E-007   0.0000000000000000     
   24.700000000000003        2.3695218943751196E-007   0.0000000000000000     
   24.800000000000001       -2.8345449945644999E-007   0.0000000000000000     
   24.900000000000002        3.3868734008926669E-007   0.0000000000000000     
   25.000000000000000       -4.0420778739799670E-007   0.0000000000000000     
   25.100000000000001        4.8183417922339328E-007   0.0000000000000000     
   25.200000000000003       -5.7368679479583919E-007   0.0000000000000000     
   25.300000000000001        6.8223428070502422E-007   0.0000000000000000     
   25.400000000000002       -8.1034648930340251E-007   0.0000000000000000     
   25.500000000000000        9.6135460255127539E-007   0.0000000000000000     
   25.600000000000001       -1.1391192572922987E-006   0.0000000000000000     
   25.700000000000003        1.3481076982703069E-006   0.0000000000000000     
   25.800000000000001       -1.5934809405198700E-006   0.0000000000000000     
   25.900000000000002        1.8811919561624079E-006   0.0000000000000000     
   26.000000000000000       -2.2180961201738386E-006   0.0000000000000000     
   26.100000000000001        2.6120751288197919E-006   0.0000000000000000     
   26.200000000000003       -3.0721756749470744E-006   0.0000000000000000     
   26.300000000000001        3.6087643459620124E-006   0.0000000000000000     
   26.400000000000002       -4.2337001135677040E-006   0.0000000000000000     
   26.500000000000000        4.9605260297529103E-006   0.0000000000000000     
   26.600000000000001       -5.8046816369015052E-006   0.0000000000000000     
   26.700000000000003        6.7837377500959137E-006   0.0000000000000000     
   26.800000000000001       -7.9176552163600811E-006   0.0000000000000000     
   26.900000000000002        9.2290692938606471E-006   0.0000000000000000     
   27.000000000000000       -1.0743601310176258E-005   0.0000000000000000     
   27.100000000000001        1.2490199038425712E-005   0.0000000000000000     
   27.200000000000003       -1.4501507441756086E-005   0.0000000000000000     
   27.300000000000001        1.6814270945948608E-005   0.0000000000000000     
   27.400000000000002       -1.9469768535724165E-005   0.0000000000000000     
   27.500000000000000        2.2514282588686810E-005   0.0000000000000000     
   27.600000000000001       -2.5999602072879697E-005   0.0000000000000000     
   27.700000000000003        2.9983560486223908E-005   0.0000000000000000     
   27.800000000000001       -3.4530608399197541E-005   0.0000000000000000     
   27.900000000000002        3.9712420014518196E-005   0.0000000000000000     
   28.000000000000000       -4.5608532571759765E-005   0.0000000000000000     
   28.100000000000001        5.2307016775288650E-005   0.0000000000000000     
   28.200000000000003       -5.9905175619372563E-005   0.0000000000000000     
   28.300000000000001        6.8510268157808980E-005   0.0000000000000000     
   28.400000000000002       -7.8240253823874594E-005   0.0000000000000000     
   28.500000000000000        8.9224551766783981E-005   0.0000000000000000     
   28.600000000000001       -1.0160480858570215E-004   0.0000000000000000     
   28.700000000000003        1.1553566647164270E-004   0.0000000000000000     
   28.800000000000001       -1.3118552252373457E-004   0.0000000000000000     
   28.900000000000002        1.4873726840921884E-004   0.0000000000000000     
   29.000000000000000       -1.6838899802022761E-004   0.0000000000000000     
   29.100000000000001        1.9035466921496304E-004   0.0000000000000000     
   29.200000000000003       -2.1486470398108604E-004   0.0000000000000000     
   29.300000000000001        2.4216650966760200E-004   0.0000000000000000     
   29.400000000000002       -2.7252490214937464E-004   0.0000000000000000     
   29.500000000000000        3.0622241021210835E-004   0.0000000000000000     
   29.600000000000001       -3.4355943855683799E-004   0.0000000000000000     
   29.700000000000003        3.8485426545596587E-004   0.0000000000000000     
   29.800000000000001       -4.3044284946759182E-004   0.0000000000000000     
   29.900000000000002        4.8067841843034111E-004   0.0000000000000000     
   30.000000000000000       -5.3593081285368410E-004   0.0000000000000000     
   30.100000000000001        5.9658555501986498E-004   0.0000000000000000     
   30.200000000000003       -6.6304261473388269E-004   0.0000000000000000     
   30.300000000000001        7.3571484245779379E-004   0.0000000000000000     
   30.400000000000002       -8.1502604119527478E-004   0.0000000000000000     
   30.500000000000000        9.0140864915516010E-004   0.0000000000000000     
   30.600000000000001       -9.9530100694187858E-004   0.0000000000000000     
   30.700000000000003        1.0971441850936973E-003   0.0000000000000000     
   30.800000000000001       -1.2073783506320384E-003   0.0000000000000000     
   30.900000000000002        1.3264386549457924E-003   0.0000000000000000     
   31.000000000000000       -1.4547506297094277E-003   0.0000000000000000     
   31.100000000000001        1.5927250829343557E-003   0.0000000000000000     
   31.200000000000003       -1.7407524931137375E-003   0.0000000000000000     
   31.300000000000001        1.8991969067481238E-003   0.0000000000000000     
   31.400000000000002       -2.0683893521717153E-003   0.0000000000000000     
   31.500000000000000        2.2486207915102742E-003   0.0000000000000000     
   31.600000000000001       -2.4401346420727444E-003   0.0000000000000000     
   31.700000000000003        2.6431189087876773E-003   0.0000000000000000     
   31.800000000000001       -2.8576979803832912E-003   0.0000000000000000     
   31.900000000000002        3.0839241533906808E-003   0.0000000000000000     
   32.000000000000000       -3.3217689601486790E-003   0.0000000000000000     
   32.100000000000001        3.5711143891373684E-003   0.0000000000000000     
   32.200000000000003       -3.8317440982663237E-003   0.0000000000000000     
   32.300000000000004        4.1033347338914486E-003   0.0000000000000000     
   32.399999999999999       -4.3854474800782937E-003   0.0000000000000000     
   32.500000000000000        4.6775199737456473E-003   0.0000000000000000     
   32.600000000000001       -4.9788587313981305E-003   0.0000000000000000     
   32.700000000000003        5.2886322422873227E-003   0.0000000000000000     
   32.800000000000004       -5.6058648899500862E-003   0.0000000000000000     
   32.899999999999999        5.9294318698176265E-003   0.0000000000000000     
   33.000000000000000       -6.2580552738087511E-003   0.0000000000000000     
   33.100000000000001        6.5903015136904962E-003   0.0000000000000000     
   33.200000000000003       -6.9245802530690168E-003   0.0000000000000000     
   33.300000000000004        7.2591450128228060E-003   0.0000000000000000     
   33.399999999999999       -7.5920956065469785E-003   0.0000000000000000     
   33.500000000000000        7.9213825506645602E-003   0.0000000000000000     
   33.600000000000001       -8.2448135785843715E-003   0.0000000000000000     
   33.700000000000003        8.5600623687641392E-003   0.0000000000000000     
   33.800000000000004       -8.8646795739466162E-003   0.0000000000000000     
   33.899999999999999        9.1561062117603269E-003   0.0000000000000000     
   34.000000000000000       -9.4316894468167937E-003   0.0000000000000000     
   34.100000000000001        9.6887007606987555E-003   0.0000000000000000     
   34.200000000000003       -9.9243564694274644E-003   0.0000000000000000     
   34.300000000000004        1.0135840508766994E-002   0.0000000000000000     
   34.399999999999999       -1.0320329365995194E-002   0.0000000000000000     
   34.500000000000000        1.0475018993853030E-002   0.0000000000000000     
   34.600000000000001       -1.0597153498197811E-002   0.0000000000000000     
   34.700000000000003        1.0684055346971691E-002   0.0000000000000000     
   34.800000000000004       -1.0733156804514053E-002   0.0000000000000000     
   34.899999999999999        1.0742032253512848E-002   0.0000000000000000     
   35.000000000000000       -1.0708431027741007E-002   0.0000000000000000     
   35.100000000000001        1.0630310342707703E-002   0.0000000000000000     
   35.200000000000003       -1.0505867880297014E-002   0.0000000000000000     
   35.300000000000004        1.0333573557423424E-002   0.0000000000000000     
   35.399999999999999       -1.0112199989396074E-002   0.0000000000000000     
   35.500000000000000        9.8408511460873083E-003   0.0000000000000000     
   35.600000000000001       -9.5189886948943009E-003   0.0000000000000000     
   35.700000000000003        9.1464555285280594E-003   0.0000000000000000     
   35.800000000000004       -8.7234959892302961E-003   0.0000000000000000     
   35.899999999999999        8.2507723236927930E-003   0.0000000000000000     
   36.000000000000000       -7.7293769357488400E-003   0.0000000000000000     
   36.100000000000001        7.1608400460131325E-003   0.0000000000000000     
   36.200000000000003       -6.5471324193621680E-003   0.0000000000000000     
   36.300000000000004        5.8906628819296349E-003   0.0000000000000000     
   36.399999999999999       -5.1942704182188337E-003   0.0000000000000000     
   36.500000000000000        4.4612107156661125E-003   0.0000000000000000     
   36.600000000000001       -3.6951371066257168E-003   0.0000000000000000     
   36.700000000000003        2.9000759459047363E-003   0.0000000000000000     
   36.800000000000004       -2.0803965534507769E-003   0.0000000000000000     
   36.899999999999999        1.2407759451143862E-003   0.0000000000000000     
   37.000000000000000       -3.8615866826777954E-004   0.0000000000000000     
   37.100000000000001       -4.7828784941021923E-004   0.0000000000000000     
   37.200000000000003        1.3472219411199680E-003   0.0000000000000000     
   37.300000000000004       -2.2151797529109587E-003   0.0000000000000000     
   37.399999999999999        3.0766300519614420E-003   0.0000000000000000     
   37.500000000000000       -3.9260310710568453E-003   0.0000000000000000     
   37.600000000000001        4.7578886143372140E-003   0.0000000000000000     
   37.700000000000003       -5.5668146071871051E-003   0.0000000000000000     
   37.800000000000004        6.3475852450072300E-003   0.0000000000000000     
   37.899999999999999       -7.0951978819084041E-003   0.0000000000000000     
   38.000000000000000        7.8049258027452851E-003   0.0000000000000000     
   38.100000000000001       -8.4723700401169791E-003   0.0000000000000000     
   38.200000000000003        9.0935074323213686E-003   0.0000000000000000     
   38.300000000000004       -9.6647341684035909E-003   0.0000000000000000     
   38.400000000000006        1.0182904131831733E-002   0.0000000000000000     
   38.500000000000000       -1.0645361433660403E-002   0.0000000000000000     
   38.600000000000001        1.1049966618407915E-002   0.0000000000000000     
   38.700000000000003       -1.1395116128950928E-002   0.0000000000000000     
   38.800000000000004        1.1679754729156298E-002   0.0000000000000000     
   38.900000000000006       -1.1903380702000362E-002   0.0000000000000000     
   39.000000000000000        1.2066043764518922E-002   0.0000000000000000     
   39.100000000000001       -1.2168335766245635E-002   0.0000000000000000     
   39.200000000000003        1.2211374362239113E-002   0.0000000000000000     
   39.300000000000004       -1.2196779972979903E-002   0.0000000000000000     
   39.400000000000006        1.2126646458122942E-002   0.0000000000000000     
   39.500000000000000       -1.2003506037704835E-002   0.0000000000000000     
   39.600000000000001        1.1830289089706635E-002   0.0000000000000000     
   39.700000000000003       -1.1610279535525153E-002   0.0000000000000000     
   39.800000000000004        1.1347066592834659E-002   0.0000000000000000     
   39.900000000000006       -1.1044493727120479E-002   0.0000000000000000     
   40.000000000000000        1.0706605667945877E-002   0.0000000000000000     
   40.100000000000001       -1.0337594373095818E-002   0.0000000000000000     
   40.200000000000003        9.9417448229362961E-003   0.0000000000000000     
   40.300000000000004       -9.5233815088921845E-003   0.0000000000000000     
   40.400000000000006        9.0868164446762829E-003   0.0000000000000000     
   40.500000000000000       -8.6362994775354140E-003   0.0000000000000000     
   40.600000000000001        8.1759716113175666E-003   0.0000000000000000     
   40.700000000000003       -7.7098219746548806E-003   0.0000000000000000     
   40.800000000000004        7.2416489789146696E-003   0.0000000000000000     
   40.900000000000006       -6.7750261129818565E-003   0.0000000000000000     
   41.000000000000000        6.3132727192369625E-003   0.0000000000000000     
   41.100000000000001       -5.8594299880711685E-003   0.0000000000000000     
   41.200000000000003        5.4162423012549324E-003   0.0000000000000000     
   41.300000000000004       -4.9861439484588906E-003   0.0000000000000000     
   41.400000000000006        4.5712511393933919E-003   0.0000000000000000     
   41.500000000000000       -4.1733591385196131E-003   0.0000000000000000     
   41.600000000000001        3.7939442614794493E-003   0.0000000000000000     
   41.700000000000003       -3.4341703949548295E-003   0.0000000000000000     
   41.800000000000004        3.0948996347914090E-003   0.0000000000000000     
   41.900000000000006       -2.7767065831155410E-003   0.0000000000000000     
   42.000000000000000        2.4798958033893223E-003   0.0000000000000000     
   42.100000000000001       -2.2045219043146862E-003   0.0000000000000000     
   42.200000000000003        1.9504117081015097E-003   0.0000000000000000     
   42.300000000000004       -1.7171879562913421E-003   0.0000000000000000     
   42.400000000000006        1.5042940159585489E-003   0.0000000000000000     
   42.500000000000000       -1.3110190698238250E-003   0.0000000000000000     
   42.600000000000001        1.1365233045785917E-003   0.0000000000000000     
   42.700000000000003       -9.7986265070579021E-004   0.0000000000000000     
   42.800000000000004        8.4001267331289676E-004   0.0000000000000000     
   42.900000000000006       -7.1589126496415442E-004   0.0000000000000000     
   43.000000000000000        6.0637984661576013E-004   0.0000000000000000     
   43.100000000000001       -5.1034283999091439E-004   0.0000000000000000     
   43.200000000000003        4.2664523246918791E-004   0.0000000000000000     
   43.300000000000004       -3.5416811215614605E-004   0.0000000000000000     
   43.400000000000006        2.9182210523550798E-004   0.0000000000000000     
   43.500000000000000       -2.3855869842264783E-004   0.0000000000000000     
   43.600000000000001        1.9337947577013019E-004   0.0000000000000000     
   43.700000000000003       -1.5534333998155027E-004   0.0000000000000000     
   43.800000000000004        1.2357182378486232E-004   0.0000000000000000     
   43.900000000000006       -9.7252625711604786E-005   0.0000000000000000     
   44.000000000000000        7.5641527636707183E-005   0.0000000000000000     
   44.100000000000001       -5.8062867529874056E-005   0.0000000000000000     
   44.200000000000003        4.3908751515054858E-005   0.0000000000000000     
   44.300000000000004       -3.2637193837251235E-005   0.0000000000000000     
   44.400000000000006        2.3769372933246617E-005   0.0000000000000000     
   44.500000000000000       -1.6886186708643538E-005   0.0000000000000000     
   44.600000000000001        1.1624281060135947E-005   0.0000000000000000     
   44.700000000000003       -7.6717135221158236E-006   0.0000000000000000     
   44.800000000000004        4.7633992239964913E-006   0.0000000000000000     
   44.900000000000006       -2.6764698752921042E-006   0.0000000000000000     
   45.000000000000000        1.2256588343856123E-006   0.0000000000000000     
   45.100000000000001       -2.5880748863681824E-007   0.0000000000000000     
   45.200000000000003       -3.4742982612995067E-007   0.0000000000000000     
   45.300000000000004        6.9162239961627334E-007   0.0000000000000000     
   45.400000000000006       -8.5129751124746870E-007   0.0000000000000000     
   45.500000000000000        8.8634367433108180E-007   0.0000000000000000     
   45.600000000000001       -8.4206742245153435E-007   0.0000000000000000     
   45.700000000000003        7.5189943199202911E-007   0.0000000000000000     
   45.800000000000004       -6.3975613305058566E-007   0.0000000000000000     
   45.900000000000006        5.2207021197468662E-007   0.0000000000000000     
   46.000000000000000       -4.0951021671001251E-007   0.0000000000000000     
   46.100000000000001        3.0841331920234597E-007   0.0000000000000000     
   46.200000000000003       -2.2195880330064530E-007   0.0000000000000000     
   46.300000000000004        1.5111106908334092E-007   0.0000000000000000     
   46.400000000000006       -9.5361319299068482E-008   0.0000000000000000     
   46.500000000000000        5.3297091357520851E-008   0.0000000000000000     
   46.600000000000001       -2.3026388568586637E-008   0.0000000000000000     
   46.700000000000003        2.4826809042507710E-009   0.0000000000000000     
   46.800000000000004        1.0366839198499641E-008   0.0000000000000000     
   46.900000000000006       -1.7388617680686209E-008   0.0000000000000000     
   47.000000000000000        2.0207964764324948E-008   0.0000000000000000     
   47.100000000000001       -2.0177546802212548E-008   0.0000000000000000     
   47.200000000000003        1.8374868032424195E-008   0.0000000000000000     
   47.300000000000004       -1.5621581114621688E-008   0.0000000000000000     
   47.400000000000006        1.2511986062456622E-008   0.0000000000000000     
   47.500000000000000       -9.4507398032053178E-009   0.0000000000000000     
   47.600000000000001        6.6881744355900160E-009   0.0000000000000000     
   47.700000000000003       -4.3574629160310093E-009   0.0000000000000000     
   47.800000000000004        2.5056504374144537E-009   0.0000000000000000     
   47.900000000000006       -1.1204851152865792E-009   0.0000000000000000     
   48.000000000000000        1.5499529616186139E-010   0.0000000000000000     
   48.100000000000001        4.6028201290477743E-010   0.0000000000000000     
   48.200000000000003       -7.9643235809651242E-010   0.0000000000000000     
   48.300000000000004        9.2899176531505368E-010   0.0000000000000000     
   48.400000000000006       -9.1789801244129229E-010   0.0000000000000000     
   48.500000000000000        8.2109145726361632E-010   0.0000000000000000     
   48.600000000000001       -6.7718633242666378E-010   0.0000000000000000     
   48.700000000000003        5.1883772201371063E-010   0.0000000000000000     
   48.800000000000004       -3.6867896388026474E-010   0.0000000000000000     
   48.900000000000006        2.3300853664133442E-010   0.0000000000000000     
   49.000000000000000       -1.3090257874688876E-010   0.0000000000000000     
   49.100000000000001        4.3225005512812386E-011   0.0000000000000000     
   49.200000000000003        2.6477066350967652E-012   0.0000000000000000     
   49.300000000000004       -4.7467473624617510E-011   0.0000000000000000     
   49.400000000000006        5.2327954086199810E-011   0.0000000000000000     
   49.500000000000000       -6.7745875873929696E-011   0.0000000000000000     
   49.600000000000001        5.7880132750958591E-011   0.0000000000000000     
   49.700000000000003       -5.6878223693580543E-011   0.0000000000000000     
   49.800000000000004        4.8373316655029226E-012   0.0000000000000000     
   49.900000000000006        5.0654071924799070E-054   0.0000000000000000     
