   0.0000000000000000        3.0138324236784393E-003   0.0000000000000000     
  0.10000000000000001        2.7492547296444499E-003   0.0000000000000000     
  0.20000000000000001        2.3812301879983368E-003   0.0000000000000000     
  0.30000000000000004        2.4300150404894779E-003   0.0000000000000000     
  0.40000000000000002        1.8194094402320044E-003   0.0000000000000000     
  0.50000000000000000        2.0079889115708722E-003   0.0000000000000000     
  0.60000000000000009        1.2206473651250980E-003   0.0000000000000000     
  0.70000000000000007        1.6103266408905191E-003   0.0000000000000000     
  0.80000000000000004        7.3433370540724422E-004   0.0000000000000000     
  0.90000000000000002        1.3488857771353187E-003   0.0000000000000000     
   1.0000000000000000        3.3302162633614074E-004   0.0000000000000000     
   1.1000000000000001        1.1990779437048907E-003   0.0000000000000000     
   1.2000000000000002       -1.1784021008065079E-005   0.0000000000000000     
   1.3000000000000000        1.1424444244862366E-003   0.0000000000000000     
   1.4000000000000001       -3.2339137187783004E-004   0.0000000000000000     
   1.5000000000000000        1.1657870369823230E-003   0.0000000000000000     
   1.6000000000000001       -6.2092517068224908E-004   0.0000000000000000     
   1.7000000000000002        1.2600982057460186E-003   0.0000000000000000     
   1.8000000000000000       -9.2014000934205985E-004   0.0000000000000000     
   1.9000000000000001        1.4196183909978685E-003   0.0000000000000000     
   2.0000000000000000       -1.2340400640735232E-003   0.0000000000000000     
   2.1000000000000001        1.6410000748696100E-003   0.0000000000000000     
   2.2000000000000002       -1.5733194969113197E-003   0.0000000000000000     
   2.3000000000000003        1.9225571121828764E-003   0.0000000000000000     
   2.4000000000000004       -1.9466401316626197E-003   0.0000000000000000     
   2.5000000000000000        2.2635803090733362E-003   0.0000000000000000     
   2.6000000000000001       -2.3607650070189400E-003   0.0000000000000000     
   2.7000000000000002        2.6637037832384376E-003   0.0000000000000000     
   2.8000000000000003       -2.8205683368171422E-003   0.0000000000000000     
   2.9000000000000004        3.1223116104157219E-003   0.0000000000000000     
   3.0000000000000000       -3.3289445100438352E-003   0.0000000000000000     
   3.1000000000000001        3.6379800968738192E-003   0.0000000000000000     
   3.2000000000000002       -3.8866411320607809E-003   0.0000000000000000     
   3.3000000000000003        4.2079573463402716E-003   0.0000000000000000     
   3.4000000000000004       -4.4920436835348288E-003   0.0000000000000000     
   3.5000000000000000        4.8276881887175157E-003   0.0000000000000000     
   3.6000000000000001       -5.1409419522111064E-003   0.0000000000000000     
   3.7000000000000002        5.4903985488185111E-003   0.0000000000000000     
   3.8000000000000003       -5.8263106472678863E-003   0.0000000000000000     
   3.9000000000000004        6.1867584647557596E-003   0.0000000000000000     
   4.0000000000000000       -6.5381381141231517E-003   0.0000000000000000     
   4.1000000000000005        6.9046467092809191E-003   0.0000000000000000     
   4.2000000000000002       -7.2633373534864215E-003   0.0000000000000000     
   4.2999999999999998        7.6290418289554308E-003   0.0000000000000000     
   4.4000000000000004       -7.9857721335699627E-003   0.0000000000000000     
   4.5000000000000000        8.3420639556085561E-003   0.0000000000000000     
   4.6000000000000005       -8.6864274466807515E-003   0.0000000000000000     
   4.7000000000000002        9.0231886275624357E-003   0.0000000000000000     
   4.8000000000000007       -9.3437475995483497E-003   0.0000000000000000     
   4.9000000000000004        9.6496479108925167E-003   0.0000000000000000     
   5.0000000000000000       -9.9341567201208809E-003   0.0000000000000000     
   5.1000000000000005        1.0197025371245368E-002   0.0000000000000000     
   5.2000000000000002       -1.0432765526302097E-002   0.0000000000000000     
   5.3000000000000007        1.0640040207460089E-002   0.0000000000000000     
   5.4000000000000004       -1.0814255220007745E-002   0.0000000000000000     
   5.5000000000000000        1.0953502689180125E-002   0.0000000000000000     
   5.6000000000000005       -1.1053915013016478E-002   0.0000000000000000     
   5.7000000000000002        1.1113408787926667E-002   0.0000000000000000     
   5.8000000000000007       -1.1128794998425806E-002   0.0000000000000000     
   5.9000000000000004        1.1098127643332564E-002   0.0000000000000000     
   6.0000000000000000       -1.1018922011317754E-002   0.0000000000000000     
   6.1000000000000005        1.0889622528030994E-002   0.0000000000000000     
   6.2000000000000002       -1.0708514068529467E-002   0.0000000000000000     
   6.3000000000000007        1.0474635609500507E-002   0.0000000000000000     
   6.4000000000000004       -1.0187120258322373E-002   0.0000000000000000     
   6.5000000000000000        9.8457603519308875E-003   0.0000000000000000     
   6.6000000000000005       -9.4506087736277965E-003   0.0000000000000000     
   6.7000000000000002        9.0023239678826937E-003   0.0000000000000000     
   6.8000000000000007       -8.5019271019421087E-003   0.0000000000000000     
   6.9000000000000004        7.9510067051049276E-003   0.0000000000000000     
   7.0000000000000000       -7.3515657674869611E-003   0.0000000000000000     
   7.1000000000000005        6.7061352732182443E-003   0.0000000000000000     
   7.2000000000000002       -6.0176705331600336E-003   0.0000000000000000     
   7.3000000000000007        5.2896041724635407E-003   0.0000000000000000     
   7.4000000000000004       -4.5257671088377643E-003   0.0000000000000000     
   7.5000000000000000        3.7304002886605521E-003   0.0000000000000000     
   7.6000000000000005       -2.9080860912118170E-003   0.0000000000000000     
   7.7000000000000002        2.0637315028775739E-003   0.0000000000000000     
   7.8000000000000007       -1.2025024552437865E-003   0.0000000000000000     
   7.9000000000000004        3.2978738078329043E-004   0.0000000000000000     
   8.0000000000000000        5.4886861695543031E-004   0.0000000000000000     
   8.0999999999999996       -1.4278129391920545E-003   0.0000000000000000     
   8.2000000000000011        2.3013517437341781E-003   0.0000000000000000     
   8.3000000000000007       -3.1638060887429422E-003   0.0000000000000000     
   8.4000000000000004        4.0095770778688939E-003   0.0000000000000000     
   8.5000000000000000       -4.8332038847164029E-003   0.0000000000000000     
   8.5999999999999996        5.6294252573038687E-003   0.0000000000000000     
   8.7000000000000011       -6.3932348693384851E-003   0.0000000000000000     
   8.8000000000000007        7.1199362425528713E-003   0.0000000000000000     
   8.9000000000000004       -7.8051914397072198E-003   0.0000000000000000     
   9.0000000000000000        8.4450665293311147E-003   0.0000000000000000     
   9.0999999999999996       -9.0360703280969526E-003   0.0000000000000000     
   9.2000000000000011        9.5751879709745896E-003   0.0000000000000000     
   9.3000000000000007       -1.0059907250893153E-002   0.0000000000000000     
   9.4000000000000004        1.0488238572776854E-002   0.0000000000000000     
   9.5000000000000000       -1.0858727402867266E-002   0.0000000000000000     
   9.6000000000000014        1.1170459780759536E-002   0.0000000000000000     
   9.7000000000000011       -1.1423060424067372E-002   0.0000000000000000     
   9.8000000000000007        1.1616683949229130E-002   0.0000000000000000     
   9.9000000000000004       -1.1751999206262109E-002   0.0000000000000000     
   10.000000000000000        1.1830167319197385E-002   0.0000000000000000     
   10.100000000000001       -1.1852813771226310E-002   0.0000000000000000     
   10.200000000000001        1.1821995230019507E-002   0.0000000000000000     
   10.300000000000001       -1.1740161691781494E-002   0.0000000000000000     
   10.400000000000000        1.1610114730838925E-002   0.0000000000000000     
   10.500000000000000       -1.1434962582662312E-002   0.0000000000000000     
   10.600000000000001        1.1218072897773155E-002   0.0000000000000000     
   10.700000000000001       -1.0963023960382727E-002   0.0000000000000000     
   10.800000000000001        1.0673555205540471E-002   0.0000000000000000     
   10.900000000000000       -1.0353517818686594E-002   0.0000000000000000     
   11.000000000000000        1.0006826190498105E-002   0.0000000000000000     
   11.100000000000001       -9.6374109355405486E-003   0.0000000000000000     
   11.200000000000001        9.2491741353498188E-003   0.0000000000000000     
   11.300000000000001       -8.8459473872394313E-003   0.0000000000000000     
   11.400000000000000        8.4314531676773323E-003   0.0000000000000000     
   11.500000000000000       -8.0092699290550528E-003   0.0000000000000000     
   11.600000000000001        7.5828012627535612E-003   0.0000000000000000     
   11.700000000000001       -7.1552493675961434E-003   0.0000000000000000     
   11.800000000000001        6.7295929733992010E-003   0.0000000000000000     
   11.900000000000000       -6.3085697791856838E-003   0.0000000000000000     
   12.000000000000000        5.8946633817267150E-003   0.0000000000000000     
   12.100000000000001       -5.4900945902922691E-003   0.0000000000000000     
   12.200000000000001        5.0968169521236634E-003   0.0000000000000000     
   12.300000000000001       -4.7165162491915030E-003   0.0000000000000000     
   12.400000000000000        4.3506136726830374E-003   0.0000000000000000     
   12.500000000000000       -4.0002723369871006E-003   0.0000000000000000     
   12.600000000000001        3.6664067606510392E-003   0.0000000000000000     
   12.700000000000001       -3.3496949174649121E-003   0.0000000000000000     
   12.800000000000001        3.0505924466731342E-003   0.0000000000000000     
   12.900000000000000       -2.7693486065529307E-003   0.0000000000000000     
   13.000000000000000        2.5060235597975057E-003   0.0000000000000000     
   13.100000000000001       -2.2605065913523163E-003   0.0000000000000000     
   13.200000000000001        2.0325348787431684E-003   0.0000000000000000     
   13.300000000000001       -1.8217124603250303E-003   0.0000000000000000     
   13.400000000000000        1.6275290772326026E-003   0.0000000000000000     
   13.500000000000000       -1.4493785990207905E-003   0.0000000000000000     
   13.600000000000001        1.2865767797864500E-003   0.0000000000000000     
   13.700000000000001       -1.1383781299491704E-003   0.0000000000000000     
   13.800000000000001        1.0039917278901545E-003   0.0000000000000000     
   13.900000000000000       -8.8259583410933229E-004   0.0000000000000000     
   14.000000000000000        7.7335120782961401E-004   0.0000000000000000     
   14.100000000000001       -6.7541306137445243E-004   0.0000000000000000     
   14.200000000000001        5.8794162026420309E-004   0.0000000000000000     
   14.300000000000001       -5.1011128662725768E-004   0.0000000000000000     
   14.400000000000000        4.4111842987851424E-004   0.0000000000000000     
   14.500000000000000       -3.8018785117868340E-004   0.0000000000000000     
   14.600000000000001        3.2657798712843080E-004   0.0000000000000000     
   14.700000000000001       -2.7958493340030224E-004   0.0000000000000000     
   14.800000000000001        2.3854538054571682E-004   0.0000000000000000     
   14.900000000000000       -2.0283856244713175E-004   0.0000000000000000     
   15.000000000000000        1.7188732283069858E-004   0.0000000000000000     
   15.100000000000001       -1.4515840728735594E-004   0.0000000000000000     
   15.200000000000001        1.2216208787647832E-004   0.0000000000000000     
   15.300000000000001       -1.0245122462736689E-004   0.0000000000000000     
   15.400000000000000        8.5619863735847352E-005   0.0000000000000000     
   15.500000000000000       -7.1301466362046841E-005   0.0000000000000000     
   15.600000000000001        5.9166854680450744E-005   0.0000000000000000     
   15.700000000000001       -4.8921953992171780E-005   0.0000000000000000     
   15.800000000000001        4.0305401405983852E-005   0.0000000000000000     
   15.900000000000000       -3.3086082808072778E-005   0.0000000000000000     
   16.000000000000000        2.7060651364741087E-005   0.0000000000000000     
   16.100000000000001       -2.2051072486077148E-005   0.0000000000000000     
   16.199999999999999        1.7902232043014891E-005   0.0000000000000000     
   16.300000000000001       -1.4479637330134314E-005   0.0000000000000000     
   16.400000000000002        1.1667233383065923E-005   0.0000000000000000     
   16.500000000000000       -9.3653509604809742E-006   0.0000000000000000     
   16.600000000000001        7.4887972468408451E-006   0.0000000000000000     
   16.699999999999999       -5.9650954831206494E-006   0.0000000000000000     
   16.800000000000001        4.7328755987369990E-006   0.0000000000000000     
   16.900000000000002       -3.7404147825694728E-006   0.0000000000000000     
   17.000000000000000        2.9443240956807529E-006   0.0000000000000000     
   17.100000000000001       -2.3083750547848880E-006   0.0000000000000000     
   17.199999999999999        1.8024586889880493E-006   0.0000000000000000     
   17.300000000000001       -1.4016683308882237E-006   0.0000000000000000     
   17.400000000000002        1.0854967134433740E-006   0.0000000000000000     
   17.500000000000000       -8.3713768299718425E-007   0.0000000000000000     
   17.600000000000001        6.4288264742902512E-007   0.0000000000000000     
   17.699999999999999       -4.9160209070844241E-007   0.0000000000000000     
   17.800000000000001        3.7430288120061100E-007   0.0000000000000000     
   17.900000000000002       -2.8375251008596499E-007   0.0000000000000000     
   18.000000000000000        2.1416200932180689E-007   0.0000000000000000     
   18.100000000000001       -1.6091992756428376E-007   0.0000000000000000     
   18.199999999999999        1.2037041621266415E-007   0.0000000000000000     
   18.300000000000001       -8.9629188294827283E-008   0.0000000000000000     
   18.400000000000002        6.6431723906086003E-008   0.0000000000000000     
   18.500000000000000       -4.9008773503222958E-008   0.0000000000000000     
   18.600000000000001        3.5984841299667134E-008   0.0000000000000000     
   18.699999999999999       -2.6295852885107467E-008   0.0000000000000000     
   18.800000000000001        1.9122761286089271E-008   0.0000000000000000     
   18.900000000000002       -1.3838298260348547E-008   0.0000000000000000     
   19.000000000000000        9.9645016834216596E-009   0.0000000000000000     
   19.100000000000001       -7.1390515934594798E-009   0.0000000000000000     
   19.200000000000003        5.0887150234950853E-009   0.0000000000000000     
   19.300000000000001       -3.6085120633170588E-009   0.0000000000000000     
   19.400000000000002        2.5454799737409821E-009   0.0000000000000000     
   19.500000000000000       -1.7860764072250062E-009   0.0000000000000000     
   19.600000000000001        1.2464793971866608E-009   0.0000000000000000     
   19.700000000000003       -8.6515325323736826E-010   0.0000000000000000     
   19.800000000000001        5.9715811441345120E-010   0.0000000000000000     
   19.900000000000002       -4.0985838438886419E-010   0.0000000000000000     
   20.000000000000000        2.7969833683300432E-010   0.0000000000000000     
   20.100000000000001       -1.8976661453614208E-010   0.0000000000000000     
   20.200000000000003        1.2799343916299805E-010   0.0000000000000000     
   20.300000000000001       -8.5814548714764092E-011   0.0000000000000000     
   20.400000000000002        5.7184516868037764E-011   0.0000000000000000     
   20.500000000000000       -3.7870699501175340E-011   0.0000000000000000     
   20.600000000000001        2.4925500980020026E-011   0.0000000000000000     
   20.700000000000003       -1.6299876900742280E-011   0.0000000000000000     
   20.800000000000001        1.0587223750242134E-011   0.0000000000000000     
   20.900000000000002       -6.8327189308499035E-012   0.0000000000000000     
   21.000000000000000        4.3828396378696238E-012   0.0000000000000000     
   21.100000000000001       -2.7917888130895317E-012   0.0000000000000000     
   21.200000000000003        1.7644821047643323E-012   0.0000000000000000     
   21.300000000000001       -1.1065393130169152E-012   0.0000000000000000     
   21.400000000000002        6.9005394870506716E-013   0.0000000000000000     
   21.500000000000000       -4.2997109640490359E-013   0.0000000000000000     
   21.600000000000001        2.6329270541957875E-013   0.0000000000000000     
   21.700000000000003       -1.5609033155534020E-013   0.0000000000000000     
   21.800000000000001        9.6386237888866540E-014   0.0000000000000000     
   21.900000000000002       -6.1143186033581884E-014   0.0000000000000000     
   22.000000000000000        3.4842632505427510E-014   0.0000000000000000     
   22.100000000000001       -2.1713785521870253E-014   0.0000000000000000     
   22.200000000000003        1.4190736024222388E-014   0.0000000000000000     
   22.300000000000001       -7.7434334217134823E-015   0.0000000000000000     
   22.400000000000002        7.3816893280436955E-015   0.0000000000000000     
   22.500000000000000       -4.1711001717837307E-015   0.0000000000000000     
   22.600000000000001       -1.0828272978305499E-015   0.0000000000000000     
   22.700000000000003       -9.4547432569973064E-016   0.0000000000000000     
   22.800000000000001        2.4452796097562513E-015   0.0000000000000000     
   22.900000000000002       -3.8968187626037743E-016   0.0000000000000000     
   23.000000000000000        2.5014967504124652E-016   0.0000000000000000     
   23.100000000000001       -7.7765958610629003E-016   0.0000000000000000     
   23.200000000000003       -2.0026481644046114E-016   0.0000000000000000     
   23.300000000000001        3.8885571121335232E-015   0.0000000000000000     
   23.400000000000002       -6.3434423556319462E-015   0.0000000000000000     
   23.500000000000000        3.9799173279284149E-015   0.0000000000000000     
   23.600000000000001       -1.8234093311715065E-015   0.0000000000000000     
   23.700000000000003        1.7191603923219212E-015   0.0000000000000000     
   23.800000000000001       -2.6618323060020968E-015   0.0000000000000000     
   23.900000000000002        2.8629766231221585E-015   0.0000000000000000     
   24.000000000000000       -5.0945523033479343E-016   0.0000000000000000     
   24.100000000000001        1.8409671880859017E-015   0.0000000000000000     
   24.200000000000003       -5.4612124775100526E-015   0.0000000000000000     
   24.300000000000001        3.8685811688531919E-015   0.0000000000000000     
   24.400000000000002       -2.3750673921332347E-015   0.0000000000000000     
   24.500000000000000        3.4872324957333673E-015   0.0000000000000000     
   24.600000000000001       -3.9069449905952250E-015   0.0000000000000000     
   24.700000000000003        4.5679642607190587E-015   0.0000000000000000     
   24.800000000000001       -4.0420715153660910E-015   0.0000000000000000     
   24.900000000000002        3.1939373962765466E-015   0.0000000000000000     
   25.000000000000000       -3.7748419988674222E-015   0.0000000000000000     
   25.100000000000001        3.7970448595325121E-015   0.0000000000000000     
   25.200000000000003       -3.4361113484826764E-015   0.0000000000000000     
   25.300000000000001        2.5479785749806263E-015   0.0000000000000000     
   25.400000000000002       -2.9475043588799168E-015   0.0000000000000000     
   25.500000000000000        4.4182439209693766E-015   0.0000000000000000     
   25.600000000000001       -2.5992676479519165E-015   0.0000000000000000     
   25.700000000000003        2.0326196529056807E-015   0.0000000000000000     
   25.800000000000001       -3.2861188848533603E-015   0.0000000000000000     
   25.900000000000002        9.5083105939410623E-016   0.0000000000000000     
   26.000000000000000        6.3203779715083696E-016   0.0000000000000000     
   26.100000000000001       -1.5907168620796777E-015   0.0000000000000000     
   26.200000000000003        2.2911026166251178E-015   0.0000000000000000     
   26.300000000000001        7.7360301687398862E-016   0.0000000000000000     
   26.400000000000002        1.5535640644497492E-016   0.0000000000000000     
   26.500000000000000       -3.3469439087143808E-015   0.0000000000000000     
   26.600000000000001        1.5002986054471346E-015   0.0000000000000000     
   26.700000000000003       -1.5471193826803159E-015   0.0000000000000000     
   26.800000000000001        2.0291027005942155E-015   0.0000000000000000     
   26.900000000000002       -6.0480721235822717E-016   0.0000000000000000     
   27.000000000000000        3.0424585540315529E-015   0.0000000000000000     
   27.100000000000001       -3.8111100955651278E-015   0.0000000000000000     
   27.200000000000003        2.0883033485565216E-015   0.0000000000000000     
   27.300000000000001       -2.8708411846684856E-015   0.0000000000000000     
   27.400000000000002        1.7052587023263179E-015   0.0000000000000000     
   27.500000000000000        8.3788218858949463E-016   0.0000000000000000     
   27.600000000000001       -1.9497435458115388E-015   0.0000000000000000     
   27.700000000000003        2.4301217113340177E-015   0.0000000000000000     
   27.800000000000001       -1.8887536413518322E-015   0.0000000000000000     
   27.900000000000002        3.0438980597423671E-015   0.0000000000000000     
   28.000000000000000       -3.5104110122204257E-015   0.0000000000000000     
   28.100000000000001        1.0137327607127071E-015   0.0000000000000000     
   28.200000000000003       -1.6684781960603811E-015   0.0000000000000000     
   28.300000000000001        2.9314284877816662E-015   0.0000000000000000     
   28.400000000000002       -8.5641726377028085E-016   0.0000000000000000     
   28.500000000000000       -1.2234437205344530E-016   0.0000000000000000     
   28.600000000000001        8.4958353925575642E-016   0.0000000000000000     
   28.700000000000003       -1.8753069984555751E-015   0.0000000000000000     
   28.800000000000001        8.4544823788120124E-016   0.0000000000000000     
   28.900000000000002       -1.3072558233801077E-015   0.0000000000000000     
   29.000000000000000        3.2964520669746492E-015   0.0000000000000000     
   29.100000000000001       -2.2808565613319889E-015   0.0000000000000000     
   29.200000000000003        1.0533961363810807E-015   0.0000000000000000     
   29.300000000000001       -2.1430139381913374E-015   0.0000000000000000     
   29.400000000000002        1.2492910639880325E-015   0.0000000000000000     
   29.500000000000000       -5.1916433064821228E-016   0.0000000000000000     
   29.600000000000001        2.0384721199492299E-015   0.0000000000000000     
   29.700000000000003        2.5453806963184852E-016   0.0000000000000000     
   29.800000000000001       -2.1270730036896286E-015   0.0000000000000000     
   29.900000000000002        8.4602630613103311E-016   0.0000000000000000     
   30.000000000000000       -3.2264746871392378E-015   0.0000000000000000     
   30.100000000000001        3.1943760474536702E-015   0.0000000000000000     
   30.200000000000003       -1.3590232880913531E-016   0.0000000000000000     
   30.300000000000001        3.6885435815169690E-016   0.0000000000000000     
   30.400000000000002        1.9844277201423742E-015   0.0000000000000000     
   30.500000000000000       -3.1227275747100603E-015   0.0000000000000000     
   30.600000000000001        1.7345049505890675E-015   0.0000000000000000     
   30.700000000000003       -4.8014158554855350E-015   0.0000000000000000     
   30.800000000000001        4.2309028158731346E-015   0.0000000000000000     
   30.900000000000002       -9.4109855182164876E-016   0.0000000000000000     
   31.000000000000000        3.0579698317092882E-017   0.0000000000000000     
   31.100000000000001        2.6356633348057900E-015   0.0000000000000000     
   31.200000000000003       -1.7086431296733677E-015   0.0000000000000000     
   31.300000000000001        9.9434841711997399E-017   0.0000000000000000     
   31.400000000000002       -1.5404109560857063E-015   0.0000000000000000     
   31.500000000000000       -5.2357447447386501E-016   0.0000000000000000     
   31.600000000000001        9.7434565591136582E-016   0.0000000000000000     
   31.700000000000003        9.4546573046115777E-016   0.0000000000000000     
   31.800000000000001       -1.1435181566404716E-015   0.0000000000000000     
   31.900000000000002        7.8834886670200269E-016   0.0000000000000000     
   32.000000000000000        8.1262858158681601E-016   0.0000000000000000     
   32.100000000000001        3.7964690756497633E-016   0.0000000000000000     
   32.200000000000003        1.3930471280588289E-016   0.0000000000000000     
   32.300000000000004       -3.4746579983955420E-015   0.0000000000000000     
   32.399999999999999        6.7855828500651406E-016   0.0000000000000000     
   32.500000000000000       -1.6329011229629641E-015   0.0000000000000000     
   32.600000000000001        4.4695023636482609E-015   0.0000000000000000     
   32.700000000000003        9.9089925214717005E-016   0.0000000000000000     
   32.800000000000004       -1.4756932099354496E-015   0.0000000000000000     
   32.899999999999999       -1.7912872832338269E-015   0.0000000000000000     
   33.000000000000000        1.0470127086102104E-015   0.0000000000000000     
   33.100000000000001       -7.0998774765590005E-016   0.0000000000000000     
   33.200000000000003       -1.5539739960295753E-015   0.0000000000000000     
   33.300000000000004        1.8377682722912605E-015   0.0000000000000000     
   33.399999999999999       -2.8129858559505791E-016   0.0000000000000000     
   33.500000000000000        3.1979103435733327E-015   0.0000000000000000     
   33.600000000000001       -2.8955243088126675E-015   0.0000000000000000     
   33.700000000000003       -6.0839797582981872E-016   0.0000000000000000     
   33.800000000000004        1.3880972866167729E-015   0.0000000000000000     
   33.899999999999999       -1.3570188884299129E-015   0.0000000000000000     
   34.000000000000000        1.0840193102318176E-015   0.0000000000000000     
   34.100000000000001       -2.0563386057761134E-015   0.0000000000000000     
   34.200000000000003        5.4531251186459879E-016   0.0000000000000000     
   34.300000000000004        2.7744067194004092E-015   0.0000000000000000     
   34.399999999999999       -7.1060050208497353E-016   0.0000000000000000     
   34.500000000000000        2.2633282274354041E-015   0.0000000000000000     
   34.600000000000001       -5.2983930633717043E-015   0.0000000000000000     
   34.700000000000003        1.6699123125546521E-016   0.0000000000000000     
   34.800000000000004       -2.3406782780501279E-016   0.0000000000000000     
   34.899999999999999        3.0472052072303284E-015   0.0000000000000000     
   35.000000000000000       -2.9753594484341214E-016   0.0000000000000000     
   35.100000000000001        1.0079530729212858E-015   0.0000000000000000     
   35.200000000000003       -6.4379346764430585E-016   0.0000000000000000     
   35.300000000000004       -9.7445841997050168E-016   0.0000000000000000     
   35.399999999999999        6.8519151394849892E-016   0.0000000000000000     
   35.500000000000000       -2.7282920990247459E-015   0.0000000000000000     
   35.600000000000001        1.2592241392908835E-015   0.0000000000000000     
   35.700000000000003        5.7697550119620085E-016   0.0000000000000000     
   35.800000000000004       -2.6049041131397566E-015   0.0000000000000000     
   35.899999999999999        4.6372677234594447E-015   0.0000000000000000     
   36.000000000000000        5.1139059742778797E-016   0.0000000000000000     
   36.100000000000001        5.3987479989194505E-016   0.0000000000000000     
   36.200000000000003       -2.2993056290873758E-015   0.0000000000000000     
   36.300000000000004       -1.5881668081294249E-015   0.0000000000000000     
   36.399999999999999       -2.0513753175003375E-015   0.0000000000000000     
   36.500000000000000        1.0035506933688640E-015   0.0000000000000000     
   36.600000000000001        5.8648101143412312E-016   0.0000000000000000     
   36.700000000000003        2.2739299127401646E-015   0.0000000000000000     
   36.800000000000004        1.1193922427849565E-015   0.0000000000000000     
   36.899999999999999        5.2153032925445984E-016   0.0000000000000000     
   37.000000000000000       -3.0210321325958848E-016   0.0000000000000000     
   37.100000000000001        7.0331798225454349E-016   0.0000000000000000     
   37.200000000000003       -7.0932740972847378E-015   0.0000000000000000     
   37.300000000000004        4.7675161929595368E-016   0.0000000000000000     
   37.399999999999999        2.2530752835355097E-015   0.0000000000000000     
   37.500000000000000        1.2312435338195543E-015   0.0000000000000000     
   37.600000000000001        1.5329086841146209E-015   0.0000000000000000     
   37.700000000000003        6.1827868805710038E-016   0.0000000000000000     
   37.800000000000004        1.1606775245707587E-015   0.0000000000000000     
   37.899999999999999       -2.1953037714460819E-015   0.0000000000000000     
   38.000000000000000       -9.7853769996492541E-016   0.0000000000000000     
   38.100000000000001       -1.2332724450805896E-015   0.0000000000000000     
   38.200000000000003        5.5533057128657760E-017   0.0000000000000000     
   38.300000000000004       -3.9495101417250991E-016   0.0000000000000000     
   38.400000000000006       -1.3089815357499122E-015   0.0000000000000000     
   38.500000000000000        4.0220513143462076E-015   0.0000000000000000     
   38.600000000000001        2.1793995480241475E-015   0.0000000000000000     
   38.700000000000003       -8.9141184768651855E-016   0.0000000000000000     
   38.800000000000004       -2.4145844739879764E-016   0.0000000000000000     
   38.900000000000006       -2.5071948044412640E-015   0.0000000000000000     
   39.000000000000000       -1.3663422827896908E-015   0.0000000000000000     
   39.100000000000001       -2.7879593906307272E-015   0.0000000000000000     
   39.200000000000003        4.3610027515978417E-015   0.0000000000000000     
   39.300000000000004        2.4414426781467630E-015   0.0000000000000000     
   39.400000000000006       -2.9157754067892345E-017   0.0000000000000000     
   39.500000000000000       -1.5047265817032058E-015   0.0000000000000000     
   39.600000000000001       -1.5872525205295267E-015   0.0000000000000000     
   39.700000000000003        1.0737877347172189E-015   0.0000000000000000     
   39.800000000000004       -1.7831751185762556E-015   0.0000000000000000     
   39.900000000000006        9.2806564518891356E-016   0.0000000000000000     
   40.000000000000000        2.7341015459093587E-015   0.0000000000000000     
   40.100000000000001       -2.6543853859571069E-016   0.0000000000000000     
   40.200000000000003       -2.2077916953228520E-015   0.0000000000000000     
   40.300000000000004       -1.4099791022707616E-015   0.0000000000000000     
   40.400000000000006        1.2437684027320280E-015   0.0000000000000000     
   40.500000000000000        4.1662671204576494E-016   0.0000000000000000     
   40.600000000000001        9.3007196150455791E-016   0.0000000000000000     
   40.700000000000003        1.9714195672844101E-016   0.0000000000000000     
   40.800000000000004       -5.8814162037134151E-016   0.0000000000000000     
   40.900000000000006       -1.1420209572015713E-015   0.0000000000000000     
   41.000000000000000        1.0957676322348160E-015   0.0000000000000000     
   41.100000000000001        1.6260561532489236E-016   0.0000000000000000     
   41.200000000000003        4.0537022062046511E-016   0.0000000000000000     
   41.300000000000004       -2.6102698136963401E-015   0.0000000000000000     
   41.400000000000006        1.3688119254327718E-015   0.0000000000000000     
   41.500000000000000        1.2916328822239649E-015   0.0000000000000000     
   41.600000000000001       -1.9845105003316663E-016   0.0000000000000000     
   41.700000000000003       -1.3879315302952318E-015   0.0000000000000000     
   41.800000000000004       -8.3051589971056978E-016   0.0000000000000000     
   41.900000000000006        9.9542697399207502E-016   0.0000000000000000     
   42.000000000000000        3.1555477454306539E-015   0.0000000000000000     
   42.100000000000001       -1.2363273706518452E-015   0.0000000000000000     
   42.200000000000003       -9.8140097171187013E-016   0.0000000000000000     
   42.300000000000004       -7.7493339776775510E-016   0.0000000000000000     
   42.400000000000006       -2.6460837749992647E-015   0.0000000000000000     
   42.500000000000000        2.0021845872451511E-015   0.0000000000000000     
   42.600000000000001        2.7764008796338261E-016   0.0000000000000000     
   42.700000000000003        3.2161937798713900E-015   0.0000000000000000     
   42.800000000000004       -1.0737984964882643E-015   0.0000000000000000     
   42.900000000000006       -9.8283897753400720E-016   0.0000000000000000     
   43.000000000000000       -5.7091821535846179E-016   0.0000000000000000     
   43.100000000000001       -6.4819954971128573E-016   0.0000000000000000     
   43.200000000000003       -6.2215302017004805E-016   0.0000000000000000     
   43.300000000000004        2.3598237836423150E-015   0.0000000000000000     
   43.400000000000006       -7.3242669778293103E-016   0.0000000000000000     
   43.500000000000000       -1.1280426558270735E-015   0.0000000000000000     
   43.600000000000001        1.2264612815729431E-015   0.0000000000000000     
   43.700000000000003        1.0965895316292611E-015   0.0000000000000000     
   43.800000000000004       -2.5332794488031991E-015   0.0000000000000000     
   43.900000000000006        6.0256371770849603E-016   0.0000000000000000     
   44.000000000000000        1.9276095225443086E-015   0.0000000000000000     
   44.100000000000001       -2.5352340210968567E-015   0.0000000000000000     
   44.200000000000003        1.4291458431333446E-015   0.0000000000000000     
   44.300000000000004       -1.6748652168451935E-016   0.0000000000000000     
   44.400000000000006        1.0080189463574253E-015   0.0000000000000000     
   44.500000000000000       -8.7038227306778346E-016   0.0000000000000000     
   44.600000000000001       -2.6358686082903146E-015   0.0000000000000000     
   44.700000000000003        2.5019146596267872E-015   0.0000000000000000     
   44.800000000000004        6.8426101802644624E-016   0.0000000000000000     
   44.900000000000006       -2.4222496450188375E-016   0.0000000000000000     
   45.000000000000000       -1.9024318517743306E-016   0.0000000000000000     
   45.100000000000001       -7.7996536971372906E-016   0.0000000000000000     
   45.200000000000003       -1.3282793533530920E-015   0.0000000000000000     
   45.300000000000004        1.3932138177300298E-015   0.0000000000000000     
   45.400000000000006        2.2944471123989901E-015   0.0000000000000000     
   45.500000000000000       -1.7027955081942394E-015   0.0000000000000000     
   45.600000000000001       -8.7795193120119645E-017   0.0000000000000000     
   45.700000000000003       -7.9409414641675040E-016   0.0000000000000000     
   45.800000000000004        1.1526586795191849E-015   0.0000000000000000     
   45.900000000000006        1.0976208923349148E-015   0.0000000000000000     
   46.000000000000000       -3.5163856973357437E-015   0.0000000000000000     
   46.100000000000001       -4.3259106143844359E-016   0.0000000000000000     
   46.200000000000003        2.9711275544401409E-015   0.0000000000000000     
   46.300000000000004        7.4987807391565139E-018   0.0000000000000000     
   46.400000000000006       -6.1119718533468614E-016   0.0000000000000000     
   46.500000000000000        9.4930646230421526E-016   0.0000000000000000     
   46.600000000000001       -9.2509826823492402E-016   0.0000000000000000     
   46.700000000000003        2.9824781223994723E-016   0.0000000000000000     
   46.800000000000004       -1.9056805652369925E-016   0.0000000000000000     
   46.900000000000006       -1.5045078453866543E-015   0.0000000000000000     
   47.000000000000000        8.4364935219760933E-016   0.0000000000000000     
   47.100000000000001        1.6738233854637909E-015   0.0000000000000000     
   47.200000000000003       -3.0751217384912214E-016   0.0000000000000000     
   47.300000000000004       -8.8596421949647722E-016   0.0000000000000000     
   47.400000000000006        1.7740185137447759E-016   0.0000000000000000     
   47.500000000000000       -7.9297128798693150E-016   0.0000000000000000     
   47.600000000000001       -1.0164232572855977E-015   0.0000000000000000     
   47.700000000000003        2.0191160496167242E-016   0.0000000000000000     
   47.800000000000004        9.8366884361483093E-016   0.0000000000000000     
   47.900000000000006       -1.2855105594860008E-016   0.0000000000000000     
   48.000000000000000        1.4137764786196663E-015   0.0000000000000000     
   48.100000000000001        3.9720020834378048E-015   0.0000000000000000     
   48.200000000000003       -9.8176021268551599E-016   0.0000000000000000     
   48.300000000000004       -4.5182658481291729E-015   0.0000000000000000     
   48.400000000000006       -9.0970503416830222E-016   0.0000000000000000     
   48.500000000000000       -1.4559655493865740E-015   0.0000000000000000     
   48.600000000000001       -1.7850620283534038E-015   0.0000000000000000     
   48.700000000000003        2.8109497717673605E-015   0.0000000000000000     
   48.800000000000004        3.0960076135056103E-015   0.0000000000000000     
   48.900000000000006        3.5985206696435309E-015   0.0000000000000000     
   49.000000000000000       -3.0171846673786189E-016   0.0000000000000000     
   49.100000000000001       -4.4747133916595755E-015   0.0000000000000000     
   49.200000000000003       -1.2666270671313266E-015   0.0000000000000000     
   49.300000000000004       -1.2552094351974644E-015   0.0000000000000000     
   49.400000000000006        1.2573357252390391E-015   0.0000000000000000     
   49.500000000000000        1.5938094976416242E-015   0.0000000000000000     
   49.600000000000001       -3.4382766480766899E-016   0.0000000000000000     
   49.700000000000003        2.3704955885112197E-015   0.0000000000000000     
   49.800000000000004        4.0013195073609646E-016   0.0000000000000000     
   49.900000000000006        5.0654071924799070E-054   0.0000000000000000     
