   0.0000000000000000       -9.8475259079534678E-017   0.0000000000000000     
  0.10000000000000001        2.7244307714832545E-016   0.0000000000000000     
  0.20000000000000001        1.0367305085389056E-015   0.0000000000000000     
  0.30000000000000004        2.1405562022148896E-015   0.0000000000000000     
  0.40000000000000002        1.1449901670536985E-015   0.0000000000000000     
  0.50000000000000000       -1.6751602944520777E-015   0.0000000000000000     
  0.60000000000000009       -1.3180054956431580E-015   0.0000000000000000     
  0.70000000000000007       -2.1575208068893597E-016   0.0000000000000000     
  0.80000000000000004       -4.9239448226009969E-016   0.0000000000000000     
  0.90000000000000002       -7.5174525631125446E-016   0.0000000000000000     
   1.0000000000000000        2.6846297644416227E-016   0.0000000000000000     
   1.1000000000000001        1.4543541345872448E-015   0.0000000000000000     
   1.2000000000000002        1.4912344699861365E-015   0.0000000000000000     
   1.3000000000000000        8.4608513023226796E-016   0.0000000000000000     
   1.4000000000000001       -4.0602197923482531E-016   0.0000000000000000     
   1.5000000000000000       -1.2331480617754031E-015   0.0000000000000000     
   1.6000000000000001       -1.2507398415960081E-015   0.0000000000000000     
   1.7000000000000002       -1.4341205202075207E-015   0.0000000000000000     
   1.8000000000000000       -6.7643777648347700E-016   0.0000000000000000     
   1.9000000000000001        1.9738165337492240E-015   0.0000000000000000     
   2.0000000000000000        2.4105440697248555E-015   0.0000000000000000     
   2.1000000000000001       -7.0488965231799289E-016   0.0000000000000000     
   2.2000000000000002       -2.0565475051077499E-016   0.0000000000000000     
   2.3000000000000003        1.2929155194695421E-015   0.0000000000000000     
   2.4000000000000004       -1.4143989171125532E-015   0.0000000000000000     
   2.5000000000000000       -1.4547245613625920E-015   0.0000000000000000     
   2.6000000000000001       -9.3047928483022808E-016   0.0000000000000000     
   2.7000000000000002       -1.2155101306350244E-015   0.0000000000000000     
   2.8000000000000003        2.1919007914941265E-015   0.0000000000000000     
   2.9000000000000004        1.9236259135412262E-015   0.0000000000000000     
   3.0000000000000000       -1.1385797904683158E-016   0.0000000000000000     
   3.1000000000000001        7.5897313977914913E-016   0.0000000000000000     
   3.2000000000000002       -1.1824930375117693E-015   0.0000000000000000     
   3.3000000000000003       -1.7891355300788685E-015   0.0000000000000000     
   3.4000000000000004       -6.4056308322006485E-017   0.0000000000000000     
   3.5000000000000000        4.8592029372816047E-017   0.0000000000000000     
   3.6000000000000001        1.0693776716041832E-015   0.0000000000000000     
   3.7000000000000002        6.7482697561208074E-016   0.0000000000000000     
   3.8000000000000003       -7.7744043288370913E-016   0.0000000000000000     
   3.9000000000000004       -3.8124597943226516E-016   0.0000000000000000     
   4.0000000000000000       -1.3607960699600967E-016   0.0000000000000000     
   4.1000000000000005        5.7867417553397051E-016   0.0000000000000000     
   4.2000000000000002        6.4538469256284341E-016   0.0000000000000000     
   4.2999999999999998       -4.5763112129013251E-016   0.0000000000000000     
   4.4000000000000004        1.0534005014677037E-016   0.0000000000000000     
   4.5000000000000000        1.5857521804847618E-016   0.0000000000000000     
   4.6000000000000005       -4.4466909505845257E-016   0.0000000000000000     
   4.7000000000000002        5.7904375343917276E-017   0.0000000000000000     
   4.8000000000000007       -7.3256077472806118E-016   0.0000000000000000     
   4.9000000000000004       -7.1650950396323489E-016   0.0000000000000000     
   5.0000000000000000        1.1063230001087637E-015   0.0000000000000000     
   5.1000000000000005       -1.0749724083102664E-016   0.0000000000000000     
   5.2000000000000002       -5.5772759583060075E-016   0.0000000000000000     
   5.3000000000000007        2.8472131229925385E-015   0.0000000000000000     
   5.4000000000000004        1.3518461410150216E-015   0.0000000000000000     
   5.5000000000000000       -2.7926538744117029E-015   0.0000000000000000     
   5.6000000000000005       -1.0963590316658184E-015   0.0000000000000000     
   5.7000000000000002       -3.0997391610643414E-016   0.0000000000000000     
   5.8000000000000007       -1.4254045291708891E-015   0.0000000000000000     
   5.9000000000000004        1.1139121861473242E-015   0.0000000000000000     
   6.0000000000000000        1.4440542621183137E-015   0.0000000000000000     
   6.1000000000000005        3.2312240047128776E-016   0.0000000000000000     
   6.2000000000000002        1.3779385845707939E-015   0.0000000000000000     
   6.3000000000000007       -1.3935125418189859E-016   0.0000000000000000     
   6.4000000000000004       -1.4462629860323742E-015   0.0000000000000000     
   6.5000000000000000       -7.5207124418104847E-016   0.0000000000000000     
   6.6000000000000005       -8.5204403289306355E-016   0.0000000000000000     
   6.7000000000000002        6.4659990754233389E-017   0.0000000000000000     
   6.8000000000000007        8.1085405427941955E-016   0.0000000000000000     
   6.9000000000000004        7.8494913600076760E-016   0.0000000000000000     
   7.0000000000000000        4.7485295635362257E-016   0.0000000000000000     
   7.1000000000000005       -5.0021020704281247E-016   0.0000000000000000     
   7.2000000000000002       -6.5621083342892367E-016   0.0000000000000000     
   7.3000000000000007       -8.0458807181376011E-016   0.0000000000000000     
   7.4000000000000004        2.3177454124465299E-016   0.0000000000000000     
   7.5000000000000000        1.1734678932785711E-015   0.0000000000000000     
   7.6000000000000005       -2.3620209857983032E-016   0.0000000000000000     
   7.7000000000000002        3.3303646976842730E-016   0.0000000000000000     
   7.8000000000000007        4.1059867248970561E-016   0.0000000000000000     
   7.9000000000000004       -9.4423458690402813E-016   0.0000000000000000     
   8.0000000000000000       -3.2476463447618702E-017   0.0000000000000000     
   8.0999999999999996       -8.8491637982442920E-016   0.0000000000000000     
   8.2000000000000011       -1.2585111514141148E-015   0.0000000000000000     
   8.3000000000000007        1.0500482029476869E-015   0.0000000000000000     
   8.4000000000000004        1.5355677969251431E-015   0.0000000000000000     
   8.5000000000000000        1.5235589286853383E-015   0.0000000000000000     
   8.5999999999999996        4.8372220015575684E-016   0.0000000000000000     
   8.7000000000000011       -1.9224113181194149E-015   0.0000000000000000     
   8.8000000000000007       -2.3351556605851473E-015   0.0000000000000000     
   8.9000000000000004       -9.3410874447807221E-016   0.0000000000000000     
   9.0000000000000000        1.1093122524721905E-015   0.0000000000000000     
   9.0999999999999996        1.5183106124715557E-015   0.0000000000000000     
   9.2000000000000011        1.0397479466290480E-015   0.0000000000000000     
   9.3000000000000007        1.4819210584124181E-015   0.0000000000000000     
   9.4000000000000004       -2.2458866244452406E-016   0.0000000000000000     
   9.5000000000000000       -2.1329007764079399E-015   0.0000000000000000     
   9.6000000000000014       -1.6174143993165116E-015   0.0000000000000000     
   9.7000000000000011       -1.4195653259420070E-015   0.0000000000000000     
   9.8000000000000007        2.8643809378872469E-017   0.0000000000000000     
   9.9000000000000004        2.4095757082817536E-015   0.0000000000000000     
   10.000000000000000        1.1755411894808104E-015   0.0000000000000000     
   10.100000000000001        1.1287435228564347E-016   0.0000000000000000     
   10.200000000000001        1.5067821240714644E-015   0.0000000000000000     
   10.300000000000001        3.0235285818094473E-016   0.0000000000000000     
   10.400000000000000       -1.5618300542876053E-015   0.0000000000000000     
   10.500000000000000       -1.6304649697948748E-015   0.0000000000000000     
   10.600000000000001       -2.3485987812475754E-015   0.0000000000000000     
   10.700000000000001       -9.3531794825646343E-017   0.0000000000000000     
   10.800000000000001        2.6939859875712371E-015   0.0000000000000000     
   10.900000000000000        6.1468888105037198E-016   0.0000000000000000     
   11.000000000000000       -5.0465024623356978E-016   0.0000000000000000     
   11.100000000000001        1.1352232377717231E-015   0.0000000000000000     
   11.200000000000001       -9.9623493391569771E-018   0.0000000000000000     
   11.300000000000001        3.4209147841543737E-016   0.0000000000000000     
   11.400000000000000        5.8551431394206035E-016   0.0000000000000000     
   11.500000000000000       -2.1161798886066646E-015   0.0000000000000000     
   11.600000000000001       -2.9814430054502361E-015   0.0000000000000000     
   11.700000000000001        1.5031208657886149E-015   0.0000000000000000     
   11.800000000000001        1.4767316459750366E-015   0.0000000000000000     
   11.900000000000000        1.0982439297281914E-015   0.0000000000000000     
   12.000000000000000       -4.5861478601071127E-016   0.0000000000000000     
   12.100000000000001        7.6067387906616429E-016   0.0000000000000000     
   12.200000000000001       -2.0612153907830616E-015   0.0000000000000000     
   12.300000000000001        1.9587483243260391E-015   0.0000000000000000     
   12.400000000000000       -9.5665808345998061E-016   0.0000000000000000     
   12.500000000000000        1.3348600603854762E-015   0.0000000000000000     
   12.600000000000001       -5.6057236854118462E-015   0.0000000000000000     
   12.700000000000001        5.2632327444747816E-015   0.0000000000000000     
   12.800000000000001       -4.3626311561882551E-015   0.0000000000000000     
   12.900000000000000        8.0662589366746851E-015   0.0000000000000000     
   13.000000000000000       -7.9899198897500426E-015   0.0000000000000000     
   13.100000000000001        1.1199833535070959E-014   0.0000000000000000     
   13.200000000000001       -1.6248720537151130E-014   0.0000000000000000     
   13.300000000000001        1.8450730439525633E-014   0.0000000000000000     
   13.400000000000000       -2.6667536760049414E-014   0.0000000000000000     
   13.500000000000000        3.3325347124951775E-014   0.0000000000000000     
   13.600000000000001       -3.8504951258000302E-014   0.0000000000000000     
   13.700000000000001        5.1322643633805365E-014   0.0000000000000000     
   13.800000000000001       -6.7129184436427346E-014   0.0000000000000000     
   13.900000000000000        8.4486434019046510E-014   0.0000000000000000     
   14.000000000000000       -1.0845391819880357E-013   0.0000000000000000     
   14.100000000000001        1.3738441719779247E-013   0.0000000000000000     
   14.200000000000001       -1.7559188088074859E-013   0.0000000000000000     
   14.300000000000001        2.2441491270817247E-013   0.0000000000000000     
   14.400000000000000       -2.8264757251303900E-013   0.0000000000000000     
   14.500000000000000        3.6301507535963922E-013   0.0000000000000000     
   14.600000000000001       -4.5950243824059656E-013   0.0000000000000000     
   14.700000000000001        5.8034636841056431E-013   0.0000000000000000     
   14.800000000000001       -7.4251737490091639E-013   0.0000000000000000     
   14.900000000000000        9.3822764600739405E-013   0.0000000000000000     
   15.000000000000000       -1.1912498518752785E-012   0.0000000000000000     
   15.100000000000001        1.5085916692692098E-012   0.0000000000000000     
   15.200000000000001       -1.9049222782576711E-012   0.0000000000000000     
   15.300000000000001        2.4161244452261918E-012   0.0000000000000000     
   15.400000000000000       -3.0494605350583249E-012   0.0000000000000000     
   15.500000000000000        3.8534784655415029E-012   0.0000000000000000     
   15.600000000000001       -4.8665910886056880E-012   0.0000000000000000     
   15.700000000000001        6.1306850034518339E-012   0.0000000000000000     
   15.800000000000001       -7.7303498028189560E-012   0.0000000000000000     
   15.900000000000000        9.7328594168778137E-012   0.0000000000000000     
   16.000000000000000       -1.2247218895090126E-011   0.0000000000000000     
   16.100000000000001        1.5403523984991175E-011   0.0000000000000000     
   16.199999999999999       -1.9344869348336184E-011   0.0000000000000000     
   16.300000000000001        2.4282824817010483E-011   0.0000000000000000     
   16.400000000000002       -3.0458180399669729E-011   0.0000000000000000     
   16.500000000000000        3.8170032529356832E-011   0.0000000000000000     
   16.600000000000001       -4.7795746282751051E-011   0.0000000000000000     
   16.699999999999999        5.9792307004366468E-011   0.0000000000000000     
   16.800000000000001       -7.4742752052057698E-011   0.0000000000000000     
   16.900000000000002        9.3350063469130053E-011   0.0000000000000000     
   17.000000000000000       -1.1647887525814063E-010   0.0000000000000000     
   17.100000000000001        1.4521811566273788E-010   0.0000000000000000     
   17.199999999999999       -1.8088277074728307E-010   0.0000000000000000     
   17.300000000000001        2.2509863779695358E-010   0.0000000000000000     
   17.400000000000002       -2.7987369622095266E-010   0.0000000000000000     
   17.500000000000000        3.4764888526616509E-010   0.0000000000000000     
   17.600000000000001       -4.3143700831660265E-010   0.0000000000000000     
   17.699999999999999        5.3491754855897444E-010   0.0000000000000000     
   17.800000000000001       -6.6257872189718049E-010   0.0000000000000000     
   17.900000000000002        8.1992872164518796E-010   0.0000000000000000     
   18.000000000000000       -1.0136619133913241E-009   0.0000000000000000     
   18.100000000000001        1.2519399956905233E-009   0.0000000000000000     
   18.199999999999999       -1.5447156277266771E-009   0.0000000000000000     
   18.300000000000001        1.9040631908134938E-009   0.0000000000000000     
   18.400000000000002       -2.3446544967377187E-009   0.0000000000000000     
   18.500000000000000        2.8842848508506425E-009   0.0000000000000000     
   18.600000000000001       -3.5445033394535805E-009   0.0000000000000000     
   18.699999999999999        4.3513825024093446E-009   0.0000000000000000     
   18.800000000000001       -5.3364195570493386E-009   0.0000000000000000     
   18.900000000000002        6.5376343681823187E-009   0.0000000000000000     
   19.000000000000000       -8.0008412253024415E-009   0.0000000000000000     
   19.100000000000001        9.7811874023859282E-009   0.0000000000000000     
   19.200000000000003       -1.1944977190209062E-008   0.0000000000000000     
   19.300000000000001        1.4571805354644268E-008   0.0000000000000000     
   19.400000000000002       -1.7757124540938081E-008   0.0000000000000000     
   19.500000000000000        2.1615234509301443E-008   0.0000000000000000     
   19.600000000000001       -2.6282810461039434E-008   0.0000000000000000     
   19.700000000000003        3.1923107685145951E-008   0.0000000000000000     
   19.800000000000001       -3.8730839506657803E-008   0.0000000000000000     
   19.900000000000002        4.6937913009925051E-008   0.0000000000000000     
   20.000000000000000       -5.6820187783047859E-008   0.0000000000000000     
   20.100000000000001        6.8705327652458442E-008   0.0000000000000000     
   20.200000000000003       -8.2982003979225309E-008   0.0000000000000000     
   20.300000000000001        1.0011060940306337E-007   0.0000000000000000     
   20.400000000000002       -1.2063570004163018E-007   0.0000000000000000     
   20.500000000000000        1.4520048517691992E-007   0.0000000000000000     
   20.600000000000001       -1.7456360304304753E-007   0.0000000000000000     
   20.700000000000003        2.0961853474487685E-007   0.0000000000000000     
   20.800000000000001       -2.5141602114030336E-007   0.0000000000000000     
   20.900000000000002        3.0118993970108187E-007   0.0000000000000000     
   21.000000000000000       -3.6038704759068456E-007   0.0000000000000000     
   21.100000000000001        4.3070115066132145E-007   0.0000000000000000     
   21.200000000000003       -5.1411231109595651E-007   0.0000000000000000     
   21.300000000000001        6.1293165406853941E-007   0.0000000000000000     
   21.400000000000002       -7.2985255587517873E-007   0.0000000000000000     
   21.500000000000000        8.6800895566612881E-007   0.0000000000000000     
   21.600000000000001       -1.0310416940761351E-006   0.0000000000000000     
   21.700000000000003        1.2231737594806673E-006   0.0000000000000000     
   21.800000000000001       -1.4492954606257868E-006   0.0000000000000000     
   21.900000000000002        1.7150607161173576E-006   0.0000000000000000     
   22.000000000000000       -2.0269955286122059E-006   0.0000000000000000     
   22.100000000000001        2.3926200041353299E-006   0.0000000000000000     
   22.200000000000003       -2.8205852396002254E-006   0.0000000000000000     
   22.300000000000001        3.3208265322114056E-006   0.0000000000000000     
   22.400000000000002       -3.9047344349232170E-006   0.0000000000000000     
   22.500000000000000        4.5853452157427956E-006   0.0000000000000000     
   22.600000000000001       -5.3775524453064524E-006   0.0000000000000000     
   22.700000000000003        6.2983413129700088E-006   0.0000000000000000     
   22.800000000000001       -7.3670474905117452E-006   0.0000000000000000     
   22.900000000000002        8.6056422610872123E-006   0.0000000000000000     
   23.000000000000000       -1.0039045571557756E-005   0.0000000000000000     
   23.100000000000001        1.1695468806349149E-005   0.0000000000000000     
   23.200000000000003       -1.3606788827720119E-005   0.0000000000000000     
   23.300000000000001        1.5808954739419317E-005   0.0000000000000000     
   23.400000000000002       -1.8342428756717435E-005   0.0000000000000000     
   23.500000000000000        2.1252662260837565E-005   0.0000000000000000     
   23.600000000000001       -2.4590607840722247E-005   0.0000000000000000     
   23.700000000000003        2.8413267816992904E-005   0.0000000000000000     
   23.800000000000001       -3.2784279317898038E-005   0.0000000000000000     
   23.900000000000002        3.7774535427509487E-005   0.0000000000000000     
   24.000000000000000       -4.3462841391233756E-005   0.0000000000000000     
   24.100000000000001        4.9936604192694788E-005   0.0000000000000000     
   24.200000000000003       -5.7292552946302176E-005   0.0000000000000000     
   24.300000000000001        6.5637486756372536E-005   0.0000000000000000     
   24.400000000000002       -7.5089045678937099E-005   0.0000000000000000     
   24.500000000000000        8.5776499241154602E-005   0.0000000000000000     
   24.600000000000001       -9.7841545840086252E-005   0.0000000000000000     
   24.700000000000003        1.1143911502459362E-004   0.0000000000000000     
   24.800000000000001       -1.2673816306366076E-004   0.0000000000000000     
   24.900000000000002        1.4392245086261566E-004   0.0000000000000000     
   25.000000000000000       -1.6319129159979599E-004   0.0000000000000000     
   25.100000000000001        1.8476025356402515E-004   0.0000000000000000     
   25.200000000000003       -2.0886180219899377E-004   0.0000000000000000     
   25.300000000000001        2.3574586324812976E-004   0.0000000000000000     
   25.400000000000002       -2.6568028727070095E-004   0.0000000000000000     
   25.500000000000000        2.9895119386618335E-004   0.0000000000000000     
   25.600000000000001       -3.3586317206489450E-004   0.0000000000000000     
   25.700000000000003        3.7673931196516514E-004   0.0000000000000000     
   25.800000000000001       -4.2192104069985469E-004   0.0000000000000000     
   25.900000000000002        4.7176773479636102E-004   0.0000000000000000     
   26.000000000000000       -5.2665607962880357E-004   0.0000000000000000     
   26.100000000000001        5.8697914582715748E-004   0.0000000000000000     
   26.200000000000003       -6.5314515214620161E-004   0.0000000000000000     
   26.300000000000001        7.2557588390916126E-004   0.0000000000000000     
   26.400000000000002       -8.0470473689144755E-004   0.0000000000000000     
   26.500000000000000        8.9097435715742093E-004   0.0000000000000000     
   26.600000000000001       -9.8483384908703317E-004   0.0000000000000000     
   26.700000000000003        1.0867355261079516E-003   0.0000000000000000     
   26.800000000000001       -1.1971311814986635E-003   0.0000000000000000     
   26.900000000000002        1.3164678606283624E-003   0.0000000000000000     
   27.000000000000000       -1.4451831205154295E-003   0.0000000000000000     
   27.100000000000001        1.5836997682521486E-003   0.0000000000000000     
   27.200000000000003       -1.7324200762307083E-003   0.0000000000000000     
   27.300000000000001        1.8917194796290123E-003   0.0000000000000000     
   27.400000000000002       -2.0619397698638390E-003   0.0000000000000000     
   27.500000000000000        2.2433818069896258E-003   0.0000000000000000     
   27.600000000000001       -2.4362977842503127E-003   0.0000000000000000     
   27.700000000000003        2.6408830886838477E-003   0.0000000000000000     
   27.800000000000001       -2.8572678135197669E-003   0.0000000000000000     
   27.900000000000002        3.0855079900968673E-003   0.0000000000000000     
   28.000000000000000       -3.3255766197464423E-003   0.0000000000000000     
   28.100000000000001        3.5773545990216557E-003   0.0000000000000000     
   28.200000000000003       -3.8406216442768274E-003   0.0000000000000000     
   28.300000000000001        4.1150473346982649E-003   0.0000000000000000     
   28.400000000000002       -4.4001824048622070E-003   0.0000000000000000     
   28.500000000000000        4.6954504295691852E-003   0.0000000000000000     
   28.600000000000001       -5.0001400542057086E-003   0.0000000000000000     
   28.700000000000003        5.3133979328649061E-003   0.0000000000000000     
   28.800000000000001       -5.6342225442587868E-003   0.0000000000000000     
   28.900000000000002        5.9614590604329405E-003   0.0000000000000000     
   29.000000000000000       -6.2937954467074016E-003   0.0000000000000000     
   29.100000000000001        6.6297599715162518E-003   0.0000000000000000     
   29.200000000000003       -6.9677203020910815E-003   0.0000000000000000     
   29.300000000000001        7.3058843562825177E-003   0.0000000000000000     
   29.400000000000002       -7.6423030711057641E-003   0.0000000000000000     
   29.500000000000000        7.9748752356625617E-003   0.0000000000000000     
   29.600000000000001       -8.3013545189507300E-003   0.0000000000000000     
   29.700000000000003        8.6193588021560626E-003   0.0000000000000000     
   29.800000000000001       -8.9263819001610817E-003   0.0000000000000000     
   29.900000000000002        9.2198077280748972E-003   0.0000000000000000     
   30.000000000000000       -9.4969269362568422E-003   0.0000000000000000     
   30.100000000000001        9.7549560012800667E-003   0.0000000000000000     
   30.200000000000003       -9.9910587212432619E-003   0.0000000000000000     
   30.300000000000001        1.0202370022306508E-002   0.0000000000000000     
   30.400000000000002       -1.0386021939385495E-002   0.0000000000000000     
   30.500000000000000        1.0539171589034424E-002   0.0000000000000000     
   30.600000000000001       -1.0659030906568364E-002   0.0000000000000000     
   30.700000000000003        1.0742897873912570E-002   0.0000000000000000     
   30.800000000000001       -1.0788188920015998E-002   0.0000000000000000     
   30.900000000000002        1.0792472133075430E-002   0.0000000000000000     
   31.000000000000000       -1.0753500884294082E-002   0.0000000000000000     
   31.100000000000001        1.0669247427157623E-002   0.0000000000000000     
   31.200000000000003       -1.0537936005867703E-002   0.0000000000000000     
   31.300000000000001        1.0358074981823772E-002   0.0000000000000000     
   31.400000000000002       -1.0128487469510266E-002   0.0000000000000000     
   31.500000000000000        9.8483399633921415E-003   0.0000000000000000     
   31.600000000000001       -9.5171684360685384E-003   0.0000000000000000     
   31.700000000000003        9.1349013957915167E-003   0.0000000000000000     
   31.800000000000001       -8.7018794092181950E-003   0.0000000000000000     
   31.900000000000002        8.2188706225293090E-003   0.0000000000000000     
   32.000000000000000       -7.6870818517103716E-003   0.0000000000000000     
   32.100000000000001        7.1081648601808078E-003   0.0000000000000000     
   32.200000000000003       -6.4842174991152210E-003   0.0000000000000000     
   32.300000000000004        5.8177794517570783E-003   0.0000000000000000     
   32.399999999999999       -5.1118223973727270E-003   0.0000000000000000     
   32.500000000000000        4.3697344921288083E-003   0.0000000000000000     
   32.600000000000001       -3.5952991513591905E-003   0.0000000000000000     
   32.700000000000003        2.7926682099691717E-003   0.0000000000000000     
   32.800000000000004       -1.9663296323815765E-003   0.0000000000000000     
   32.899999999999999        1.1210700393772535E-003   0.0000000000000000     
   33.000000000000000       -2.6193241450913571E-004   0.0000000000000000     
   33.100000000000001       -6.0583055502422820E-004   0.0000000000000000     
   33.200000000000003        1.4768069603070947E-003   0.0000000000000000     
   33.300000000000004       -2.3454793519516411E-003   0.0000000000000000     
   33.399999999999999        3.2062809247723483E-003   0.0000000000000000     
   33.500000000000000       -4.0536534482648505E-003   0.0000000000000000     
   33.600000000000001        4.8821061357190521E-003   0.0000000000000000     
   33.700000000000003       -5.6862746084021462E-003   0.0000000000000000     
   33.800000000000004        6.4609790901571330E-003   0.0000000000000000     
   33.899999999999999       -7.2012809618487309E-003   0.0000000000000000     
   34.000000000000000        7.9025368156529132E-003   0.0000000000000000     
   34.100000000000001       -8.5604491759356648E-003   0.0000000000000000     
   34.200000000000003        9.1711130966997036E-003   0.0000000000000000     
   34.300000000000004       -9.7310579044764950E-003   0.0000000000000000     
   34.399999999999999        1.0237283429143429E-002   0.0000000000000000     
   34.500000000000000       -1.0687290152543388E-002   0.0000000000000000     
   34.600000000000001        1.1079102803959063E-002   0.0000000000000000     
   34.700000000000003       -1.1411287040917052E-002   0.0000000000000000     
   34.800000000000004        1.1682958970882335E-002   0.0000000000000000     
   34.899999999999999       -1.1893787392185322E-002   0.0000000000000000     
   35.000000000000000        1.2043988758073767E-002   0.0000000000000000     
   35.100000000000001       -1.2134314993735072E-002   0.0000000000000000     
   35.200000000000003        1.2166034419533109E-002   0.0000000000000000     
   35.300000000000004       -1.2140906152104329E-002   0.0000000000000000     
   35.399999999999999        1.2061148465790327E-002   0.0000000000000000     
   35.500000000000000       -1.1929401697408420E-002   0.0000000000000000     
   35.600000000000001        1.1748686366195063E-002   0.0000000000000000     
   35.700000000000003       -1.1522357254951588E-002   0.0000000000000000     
   35.800000000000004        1.1254054257607874E-002   0.0000000000000000     
   35.899999999999999       -1.0947650840425024E-002   0.0000000000000000     
   36.000000000000000        1.0607200988824261E-002   0.0000000000000000     
   36.100000000000001       -1.0236885518748996E-002   0.0000000000000000     
   36.200000000000003        9.8409586206047277E-003   0.0000000000000000     
   36.300000000000004       -9.4236954758764990E-003   0.0000000000000000     
   36.399999999999999        8.9893417422647857E-003   0.0000000000000000     
   36.500000000000000       -8.5420656442133334E-003   0.0000000000000000     
   36.600000000000001        8.0859133331275500E-003   0.0000000000000000     
   36.700000000000003       -7.6247680981227318E-003   0.0000000000000000     
   36.800000000000004        7.1623139153381005E-003   0.0000000000000000     
   36.899999999999999       -6.7020037242012977E-003   0.0000000000000000     
   37.000000000000000        6.2470327155026298E-003   0.0000000000000000     
   37.100000000000001       -5.8003168103159791E-003   0.0000000000000000     
   37.200000000000003        5.3644764040234804E-003   0.0000000000000000     
   37.300000000000004       -4.9418253478246479E-003   0.0000000000000000     
   37.399999999999999        4.5343650435824712E-003   0.0000000000000000     
   37.500000000000000       -4.1437834384771216E-003   0.0000000000000000     
   37.600000000000001        3.7714586256829968E-003   0.0000000000000000     
   37.700000000000003       -3.4184666875137081E-003   0.0000000000000000     
   37.800000000000004        3.0855933589776776E-003   0.0000000000000000     
   37.899999999999999       -2.7733490440670153E-003   0.0000000000000000     
   38.000000000000000        2.4819866835221393E-003   0.0000000000000000     
   38.100000000000001       -2.2115219527400853E-003   0.0000000000000000     
   38.200000000000003        1.9617552604761523E-003   0.0000000000000000     
   38.300000000000004       -1.7322950231839441E-003   0.0000000000000000     
   38.400000000000006        1.5225817050596689E-003   0.0000000000000000     
   38.500000000000000       -1.3319121391744597E-003   0.0000000000000000     
   38.600000000000001        1.1594636791090625E-003   0.0000000000000000     
   38.700000000000003       -1.0043177717235512E-003   0.0000000000000000     
   38.800000000000004        8.6548258893803353E-004   0.0000000000000000     
   38.900000000000006       -7.4191440751213004E-004   0.0000000000000000     
   39.000000000000000        6.3253747986080384E-004   0.0000000000000000     
   39.100000000000001       -5.3626219368391442E-004   0.0000000000000000     
   39.200000000000003        4.5200137290010212E-004   0.0000000000000000     
   39.300000000000004       -3.7868462524995561E-004   0.0000000000000000     
   39.400000000000006        3.1527069173285972E-004   0.0000000000000000     
   39.500000000000000       -2.6075779939957266E-004   0.0000000000000000     
   39.600000000000001        2.1419206021417624E-004   0.0000000000000000     
   39.700000000000003       -1.7467399512059153E-004   0.0000000000000000     
   39.800000000000004        1.4136329259961477E-004   0.0000000000000000     
   39.900000000000006       -1.1348193593545546E-004   0.0000000000000000     
   40.000000000000000        9.0315851718597321E-005   0.0000000000000000     
   40.100000000000001       -7.1215245324226498E-005   0.0000000000000000     
   40.200000000000003        5.5593796321385434E-005   0.0000000000000000     
   40.300000000000004       -4.2926889144804938E-005   0.0000000000000000     
   40.400000000000006        3.2749052318508786E-005   0.0000000000000000     
   40.500000000000000       -2.4650773209957002E-005   0.0000000000000000     
   40.600000000000001        1.8274846025343445E-005   0.0000000000000000     
   40.700000000000003       -1.3312398567784487E-005   0.0000000000000000     
   40.800000000000004        9.4987292757679478E-006   0.0000000000000000     
   40.900000000000006       -6.6090706687281373E-006   0.0000000000000000     
   41.000000000000000        4.4543791845824952E-006   0.0000000000000000     
   41.100000000000001       -2.8772350407170564E-006   0.0000000000000000     
   41.200000000000003        1.7479197183079212E-006   0.0000000000000000     
   41.300000000000004       -9.6072342331552731E-007   0.0000000000000000     
   41.400000000000006        4.3052039057680138E-007   0.0000000000000000     
   41.500000000000000       -8.9637077057542798E-008   0.0000000000000000     
   41.600000000000001       -1.1497342337061809E-007   0.0000000000000000     
   41.700000000000003        2.2424725300760908E-007   0.0000000000000000     
   41.800000000000004       -2.6922096643413841E-007   0.0000000000000000     
   41.900000000000006        2.7294963606027542E-007   0.0000000000000000     
   42.000000000000000       -2.5214887159401793E-007   0.0000000000000000     
   42.100000000000001        2.1858145770605043E-007   0.0000000000000000     
   42.200000000000003       -1.8021179294444686E-007   0.0000000000000000     
   42.300000000000004        1.4215281198545625E-007   0.0000000000000000     
   42.400000000000006       -1.0743016182539781E-007   0.0000000000000000     
   42.500000000000000        7.7588327913856622E-008   0.0000000000000000     
   42.600000000000001       -5.3161977261426527E-008   0.0000000000000000     
   42.700000000000003        3.4034500272357018E-008   0.0000000000000000     
   42.800000000000004       -1.9703651067677959E-008   0.0000000000000000     
   42.900000000000006        9.4721706576712608E-009   0.0000000000000000     
   43.000000000000000       -2.5791173332203642E-009   0.0000000000000000     
   43.100000000000001       -1.7147181654957066E-009   0.0000000000000000     
   43.200000000000003        4.0758404613287853E-009   0.0000000000000000     
   43.300000000000004       -5.0722109234492643E-009   0.0000000000000000     
   43.400000000000006        5.1649299650198168E-009   0.0000000000000000     
   43.500000000000000       -4.7114737320748634E-009   0.0000000000000000     
   43.600000000000001        3.9759368798855815E-009   0.0000000000000000     
   43.700000000000003       -3.1428826473289894E-009   0.0000000000000000     
   43.800000000000004        2.3323727178163073E-009   0.0000000000000000     
   43.900000000000006       -1.6146070237515447E-009   0.0000000000000000     
   44.000000000000000        1.0231340428066236E-009   0.0000000000000000     
   44.100000000000001       -5.6614662980777639E-010   0.0000000000000000     
   44.200000000000003        2.3562565860386889E-010   0.0000000000000000     
   44.300000000000004       -1.4411309397614859E-011   0.0000000000000000     
   44.400000000000006       -1.1861204845595161E-010   0.0000000000000000     
   44.500000000000000        1.8499223562105160E-010   0.0000000000000000     
   44.600000000000001       -2.0443656127155344E-010   0.0000000000000000     
   44.700000000000003        1.9366113228946758E-010   0.0000000000000000     
   44.800000000000004       -1.6586664530151978E-010   0.0000000000000000     
   44.900000000000006        1.3082386990086881E-010   0.0000000000000000     
   45.000000000000000       -9.5215493612463471E-011   0.0000000000000000     
   45.100000000000001        6.3161441989933829E-011   0.0000000000000000     
   45.200000000000003       -3.6781189030116246E-011   0.0000000000000000     
   45.300000000000004        1.6758190182984973E-011   0.0000000000000000     
   45.400000000000006       -2.8128476595883460E-012   0.0000000000000000     
   45.500000000000000       -5.8816679117933078E-012   0.0000000000000000     
   45.600000000000001        1.0408360715161380E-011   0.0000000000000000     
   45.700000000000003       -1.1901337983985841E-011   0.0000000000000000     
   45.800000000000004        1.1376286121987579E-011   0.0000000000000000     
   45.900000000000006       -9.6933008021580447E-012   0.0000000000000000     
   46.000000000000000        7.5018012708450008E-012   0.0000000000000000     
   46.100000000000001       -5.2732351752680250E-012   0.0000000000000000     
   46.200000000000003        3.2754412668038885E-012   0.0000000000000000     
   46.300000000000004       -1.6649519137058161E-012   0.0000000000000000     
   46.400000000000006        4.8253330919878171E-013   0.0000000000000000     
   46.500000000000000        2.9101876498067846E-013   0.0000000000000000     
   46.600000000000001       -7.1903006255895384E-013   0.0000000000000000     
   46.700000000000003        8.9636825234362739E-013   0.0000000000000000     
   46.800000000000004       -8.8365794121785022E-013   0.0000000000000000     
   46.900000000000006        7.6063097178302717E-013   0.0000000000000000     
   47.000000000000000       -5.8568459502473946E-013   0.0000000000000000     
   47.100000000000001        4.0651802569620319E-013   0.0000000000000000     
   47.200000000000003       -2.4233101657973083E-013   0.0000000000000000     
   47.300000000000004        1.0964056474065644E-013   0.0000000000000000     
   47.400000000000006       -1.4748211320984477E-014   0.0000000000000000     
   47.500000000000000       -4.5249664331088551E-014   0.0000000000000000     
   47.600000000000001        7.5925750259048523E-014   0.0000000000000000     
   47.700000000000003       -8.3119314709010398E-014   0.0000000000000000     
   47.800000000000004        7.9200511388929235E-014   0.0000000000000000     
   47.900000000000006       -6.1750712574391032E-014   0.0000000000000000     
   48.000000000000000        4.4775830924908115E-014   0.0000000000000000     
   48.100000000000001       -2.5451144477514798E-014   0.0000000000000000     
   48.200000000000003        1.3644166711174833E-014   0.0000000000000000     
   48.300000000000004       -2.2639411758424648E-015   0.0000000000000000     
   48.400000000000006       -4.9665879427163444E-015   0.0000000000000000     
   48.500000000000000        8.7252938245902975E-015   0.0000000000000000     
   48.600000000000001       -9.6549370629484761E-015   0.0000000000000000     
   48.700000000000003        8.2600811946208589E-015   0.0000000000000000     
   48.800000000000004       -8.9075562261749916E-015   0.0000000000000000     
   48.900000000000006        5.8441869851823000E-015   0.0000000000000000     
   49.000000000000000       -6.6937076308230936E-015   0.0000000000000000     
   49.100000000000001        2.2236469538256460E-015   0.0000000000000000     
   49.200000000000003       -3.2007310841215316E-015   0.0000000000000000     
   49.300000000000004        3.8349819945374083E-015   0.0000000000000000     
   49.400000000000006       -6.5501284280924382E-015   0.0000000000000000     
   49.500000000000000        1.2567655684386131E-015   0.0000000000000000     
   49.600000000000001       -3.2814357654267598E-015   0.0000000000000000     
   49.700000000000003        3.4492369589762824E-015   0.0000000000000000     
   49.800000000000004       -2.8350759157349165E-015   0.0000000000000000     
   49.900000000000006        5.0654071924799070E-054   0.0000000000000000     
