   0.0000000000000000        8.1800122032298182E-017   0.0000000000000000     
  0.10000000000000001        3.3127400597091361E-016   0.0000000000000000     
  0.20000000000000001        6.3799033654434252E-016   0.0000000000000000     
  0.30000000000000004        6.9940876616364348E-016   0.0000000000000000     
  0.40000000000000002        3.5017887394864159E-016   0.0000000000000000     
  0.50000000000000000        4.3596529377042230E-016   0.0000000000000000     
  0.60000000000000009        3.1381482003936745E-016   0.0000000000000000     
  0.70000000000000007       -1.9722284293713934E-015   0.0000000000000000     
  0.80000000000000004       -2.4241598138468987E-015   0.0000000000000000     
  0.90000000000000002        4.3881273557921409E-016   0.0000000000000000     
   1.0000000000000000        1.9783488587883638E-015   0.0000000000000000     
   1.1000000000000001        8.7660789218371050E-016   0.0000000000000000     
   1.2000000000000002        3.9765804559219053E-016   0.0000000000000000     
   1.3000000000000000        4.0584030069270335E-016   0.0000000000000000     
   1.4000000000000001       -1.2703353807431302E-016   0.0000000000000000     
   1.5000000000000000       -7.9459951244280347E-016   0.0000000000000000     
   1.6000000000000001       -2.1911237343756451E-015   0.0000000000000000     
   1.7000000000000002       -1.3388564683084807E-015   0.0000000000000000     
   1.8000000000000000        1.9172174267057264E-015   0.0000000000000000     
   1.9000000000000001        2.1676450535939068E-015   0.0000000000000000     
   2.0000000000000000       -2.1922197552661063E-016   0.0000000000000000     
   2.1000000000000001        1.2793777557739724E-016   0.0000000000000000     
   2.2000000000000002        1.3503237105573459E-015   0.0000000000000000     
   2.3000000000000003       -1.2254163462214075E-015   0.0000000000000000     
   2.4000000000000004       -2.6574580327810147E-015   0.0000000000000000     
   2.5000000000000000        3.0181652182893289E-017   0.0000000000000000     
   2.6000000000000001        1.6754651124442262E-015   0.0000000000000000     
   2.7000000000000002       -4.0427867411889224E-016   0.0000000000000000     
   2.8000000000000003       -2.1433811008385453E-015   0.0000000000000000     
   2.9000000000000004        4.8148871512944566E-016   0.0000000000000000     
   3.0000000000000000        2.7141056434744628E-015   0.0000000000000000     
   3.1000000000000001        1.7799546500292009E-015   0.0000000000000000     
   3.2000000000000002       -6.6060380570245942E-017   0.0000000000000000     
   3.3000000000000003       -2.2440764781467948E-015   0.0000000000000000     
   3.4000000000000004       -1.6369928517351338E-015   0.0000000000000000     
   3.5000000000000000        1.5477751304716228E-016   0.0000000000000000     
   3.6000000000000001       -8.9817427991081038E-016   0.0000000000000000     
   3.7000000000000002       -5.8794773833346008E-016   0.0000000000000000     
   3.8000000000000003        2.1895459982955625E-015   0.0000000000000000     
   3.9000000000000004        1.7210586719411093E-015   0.0000000000000000     
   4.0000000000000000       -3.2196076727699540E-016   0.0000000000000000     
   4.1000000000000005        2.5514954402311178E-016   0.0000000000000000     
   4.2000000000000002       -5.4883248711076512E-016   0.0000000000000000     
   4.2999999999999998       -2.1142851105876572E-015   0.0000000000000000     
   4.4000000000000004       -9.8009638085203402E-017   0.0000000000000000     
   4.5000000000000000        1.5051995708579749E-015   0.0000000000000000     
   4.6000000000000005        3.2684391224666382E-016   0.0000000000000000     
   4.7000000000000002       -2.2424162228228462E-017   0.0000000000000000     
   4.8000000000000007        4.2768756941794480E-016   0.0000000000000000     
   4.9000000000000004       -9.5966538164831709E-016   0.0000000000000000     
   5.0000000000000000       -1.5771556941721271E-015   0.0000000000000000     
   5.1000000000000005        2.1660327423808521E-016   0.0000000000000000     
   5.2000000000000002        1.0683645815272353E-015   0.0000000000000000     
   5.3000000000000007        6.9111104699978233E-016   0.0000000000000000     
   5.4000000000000004       -5.8793792385566910E-017   0.0000000000000000     
   5.5000000000000000       -2.4428248608584613E-016   0.0000000000000000     
   5.6000000000000005        7.3915054482162848E-016   0.0000000000000000     
   5.7000000000000002        6.1048805536543976E-016   0.0000000000000000     
   5.8000000000000007        7.3349864971227579E-017   0.0000000000000000     
   5.9000000000000004       -5.5630870097883728E-018   0.0000000000000000     
   6.0000000000000000       -3.7181485107034140E-016   0.0000000000000000     
   6.1000000000000005       -7.6749606666537182E-016   0.0000000000000000     
   6.2000000000000002       -1.7658246960836142E-015   0.0000000000000000     
   6.3000000000000007       -9.4730474716953568E-016   0.0000000000000000     
   6.4000000000000004        1.2708435015061890E-015   0.0000000000000000     
   6.5000000000000000        1.0722157891049683E-015   0.0000000000000000     
   6.6000000000000005       -1.7348366101828305E-016   0.0000000000000000     
   6.7000000000000002        2.2839702287081700E-016   0.0000000000000000     
   6.8000000000000007        2.1204997843398884E-015   0.0000000000000000     
   6.9000000000000004        2.5696672386581426E-016   0.0000000000000000     
   7.0000000000000000       -2.6098767830681987E-015   0.0000000000000000     
   7.1000000000000005        8.3691017987029834E-016   0.0000000000000000     
   7.2000000000000002        1.8076733116276924E-015   0.0000000000000000     
   7.3000000000000007       -1.3944022709053989E-015   0.0000000000000000     
   7.4000000000000004       -1.3147004157425725E-015   0.0000000000000000     
   7.5000000000000000       -5.1673664814097473E-016   0.0000000000000000     
   7.6000000000000005        3.9010629250360398E-016   0.0000000000000000     
   7.7000000000000002       -1.4677258335274229E-016   0.0000000000000000     
   7.8000000000000007       -1.3562598010657942E-015   0.0000000000000000     
   7.9000000000000004        7.2935757964318591E-016   0.0000000000000000     
   8.0000000000000000        1.7561419279957313E-015   0.0000000000000000     
   8.0999999999999996        7.1203584234621491E-016   0.0000000000000000     
   8.2000000000000011       -1.4746247679914696E-016   0.0000000000000000     
   8.3000000000000007        5.6630924291469887E-017   0.0000000000000000     
   8.4000000000000004        8.8583189190046176E-016   0.0000000000000000     
   8.5000000000000000       -3.6386178452597973E-016   0.0000000000000000     
   8.5999999999999996       -1.1028682147376030E-015   0.0000000000000000     
   8.7000000000000011       -1.5958166112792506E-015   0.0000000000000000     
   8.8000000000000007       -2.2707810347826826E-015   0.0000000000000000     
   8.9000000000000004        1.0906238950735810E-015   0.0000000000000000     
   9.0000000000000000        2.4889079508264237E-015   0.0000000000000000     
   9.0999999999999996       -4.3829787344655763E-017   0.0000000000000000     
   9.2000000000000011        2.8772146618205255E-016   0.0000000000000000     
   9.3000000000000007        8.7354293256944289E-016   0.0000000000000000     
   9.4000000000000004        8.1629178058220200E-016   0.0000000000000000     
   9.5000000000000000        6.8026127033520100E-016   0.0000000000000000     
   9.6000000000000014       -1.5609245017873757E-015   0.0000000000000000     
   9.7000000000000011       -5.9311836713327519E-016   0.0000000000000000     
   9.8000000000000007        3.5332710581493467E-016   0.0000000000000000     
   9.9000000000000004       -3.0976103057901994E-015   0.0000000000000000     
   10.000000000000000       -2.4402820197733424E-015   0.0000000000000000     
   10.100000000000001        7.5407279337841992E-016   0.0000000000000000     
   10.200000000000001        1.5606831677863884E-015   0.0000000000000000     
   10.300000000000001        2.2538717631262484E-015   0.0000000000000000     
   10.400000000000000        1.9486220067490093E-015   0.0000000000000000     
   10.500000000000000        1.5277821202069545E-015   0.0000000000000000     
   10.600000000000001        7.7012304588979381E-016   0.0000000000000000     
   10.700000000000001       -3.9803345417705385E-016   0.0000000000000000     
   10.800000000000001       -9.8445623556875206E-016   0.0000000000000000     
   10.900000000000000       -2.4824277935951515E-015   0.0000000000000000     
   11.000000000000000       -9.6551152851420741E-016   0.0000000000000000     
   11.100000000000001        5.6064867151666209E-016   0.0000000000000000     
   11.200000000000001       -2.4747602706799566E-015   0.0000000000000000     
   11.300000000000001       -2.2451379570964539E-015   0.0000000000000000     
   11.400000000000000        6.2696417191136469E-016   0.0000000000000000     
   11.500000000000000        2.4453043853703281E-015   0.0000000000000000     
   11.600000000000001        3.3067529193219644E-015   0.0000000000000000     
   11.700000000000001        1.0123357164811039E-015   0.0000000000000000     
   11.800000000000001        6.8827662977098828E-016   0.0000000000000000     
   11.900000000000000        5.7998324449483943E-016   0.0000000000000000     
   12.000000000000000       -2.4844381551528861E-015   0.0000000000000000     
   12.100000000000001       -1.5055001304302588E-015   0.0000000000000000     
   12.200000000000001       -1.0700171632806497E-016   0.0000000000000000     
   12.300000000000001       -9.0448125111728384E-016   0.0000000000000000     
   12.400000000000000       -4.9130800826443132E-016   0.0000000000000000     
   12.500000000000000       -1.2479193647413264E-016   0.0000000000000000     
   12.600000000000001        1.3579899246124689E-015   0.0000000000000000     
   12.700000000000001        1.2009990556961437E-015   0.0000000000000000     
   12.800000000000001        2.5960797084903602E-016   0.0000000000000000     
   12.900000000000000        1.3683023390405248E-015   0.0000000000000000     
   13.000000000000000       -7.7849206399178368E-016   0.0000000000000000     
   13.100000000000001       -1.9081516816571539E-015   0.0000000000000000     
   13.200000000000001        3.6907046932167676E-016   0.0000000000000000     
   13.300000000000001       -2.5104762333123224E-016   0.0000000000000000     
   13.400000000000000       -1.3128093371199121E-015   0.0000000000000000     
   13.500000000000000       -3.9131148567371228E-016   0.0000000000000000     
   13.600000000000001        9.6493385312628908E-016   0.0000000000000000     
   13.700000000000001        1.0109402192202573E-015   0.0000000000000000     
   13.800000000000001       -1.1620873305626761E-016   0.0000000000000000     
   13.900000000000000        4.8957396357876695E-016   0.0000000000000000     
   14.000000000000000        7.7388493395471538E-016   0.0000000000000000     
   14.100000000000001       -3.5258172065560720E-016   0.0000000000000000     
   14.200000000000001       -2.4572596876434202E-016   0.0000000000000000     
   14.300000000000001       -1.9067775960495042E-016   0.0000000000000000     
   14.400000000000000       -1.2169833317538471E-015   0.0000000000000000     
   14.500000000000000       -7.7241378457769403E-016   0.0000000000000000     
   14.600000000000001        1.2500728378299163E-015   0.0000000000000000     
   14.700000000000001        1.5118397226320798E-015   0.0000000000000000     
   14.800000000000001        3.0434090067383125E-016   0.0000000000000000     
   14.900000000000000       -3.9366033759644590E-016   0.0000000000000000     
   15.000000000000000       -9.1947996609013271E-016   0.0000000000000000     
   15.100000000000001       -2.0832971980318349E-016   0.0000000000000000     
   15.200000000000001        4.6487839895129577E-016   0.0000000000000000     
   15.300000000000001       -1.0756848365407413E-015   0.0000000000000000     
   15.400000000000000       -1.2232141640192014E-015   0.0000000000000000     
   15.500000000000000        9.4179063879536872E-016   0.0000000000000000     
   15.600000000000001        9.7575368876798845E-016   0.0000000000000000     
   15.700000000000001       -3.4444659395822578E-016   0.0000000000000000     
   15.800000000000001       -1.1828626436226199E-016   0.0000000000000000     
   15.900000000000000       -1.4232266466366425E-016   0.0000000000000000     
   16.000000000000000        7.0595514531629696E-016   0.0000000000000000     
   16.100000000000001        2.7262278363570440E-015   0.0000000000000000     
   16.199999999999999        4.0257920344090864E-016   0.0000000000000000     
   16.300000000000001       -2.7052851464042855E-015   0.0000000000000000     
   16.400000000000002       -6.3497150516012877E-016   0.0000000000000000     
   16.500000000000000        2.2486351664101170E-016   0.0000000000000000     
   16.600000000000001       -1.1093410360118362E-015   0.0000000000000000     
   16.699999999999999        1.0884523430256460E-015   0.0000000000000000     
   16.800000000000001        1.3942345388584094E-015   0.0000000000000000     
   16.900000000000002       -1.3950020967280750E-015   0.0000000000000000     
   17.000000000000000       -1.5595998733276023E-016   0.0000000000000000     
   17.100000000000001        6.3998094774931024E-016   0.0000000000000000     
   17.199999999999999       -1.9645739406855931E-016   0.0000000000000000     
   17.300000000000001        1.7245566452245281E-015   0.0000000000000000     
   17.400000000000002       -1.3065950379852614E-016   0.0000000000000000     
   17.500000000000000       -2.6125037822231472E-015   0.0000000000000000     
   17.600000000000001        4.9022554929977037E-016   0.0000000000000000     
   17.699999999999999        4.9999756575102051E-016   0.0000000000000000     
   17.800000000000001       -1.7744962394924199E-015   0.0000000000000000     
   17.900000000000002       -7.9426807427187748E-016   0.0000000000000000     
   18.000000000000000        6.8491615901719177E-017   0.0000000000000000     
   18.100000000000001        4.8160225686212585E-016   0.0000000000000000     
   18.199999999999999        4.6969085017247210E-016   0.0000000000000000     
   18.300000000000001       -4.0792503498013782E-016   0.0000000000000000     
   18.400000000000002       -2.5064225880921304E-016   0.0000000000000000     
   18.500000000000000        1.7152781841344627E-015   0.0000000000000000     
   18.600000000000001        2.5457286782978877E-015   0.0000000000000000     
   18.699999999999999       -3.5667846578223930E-016   0.0000000000000000     
   18.800000000000001       -9.5028889561157478E-016   0.0000000000000000     
   18.900000000000002        1.4407224450815000E-015   0.0000000000000000     
   19.000000000000000        6.3436136510322902E-016   0.0000000000000000     
   19.100000000000001        2.7471115321873056E-017   0.0000000000000000     
   19.200000000000003        7.0272138147801522E-017   0.0000000000000000     
   19.300000000000001       -1.1049773293425615E-015   0.0000000000000000     
   19.400000000000002       -6.2603599372968439E-017   0.0000000000000000     
   19.500000000000000        1.8340102500603552E-018   0.0000000000000000     
   19.600000000000001       -1.5226242820197396E-015   0.0000000000000000     
   19.700000000000003       -7.2311199574111122E-016   0.0000000000000000     
   19.800000000000001        5.3583867881624734E-016   0.0000000000000000     
   19.900000000000002        4.1320090062557303E-016   0.0000000000000000     
   20.000000000000000       -1.6180524341169415E-015   0.0000000000000000     
   20.100000000000001       -1.7653246041528813E-015   0.0000000000000000     
   20.200000000000003        2.5798926739502286E-015   0.0000000000000000     
   20.300000000000001        2.8220415066959690E-015   0.0000000000000000     
   20.400000000000002       -1.1486067956468274E-015   0.0000000000000000     
   20.500000000000000       -6.0655935399532308E-016   0.0000000000000000     
   20.600000000000001       -2.3731309849209690E-016   0.0000000000000000     
   20.700000000000003       -1.1827084856090984E-015   0.0000000000000000     
   20.800000000000001        9.6851634137344280E-016   0.0000000000000000     
   20.900000000000002       -2.9484723277657848E-016   0.0000000000000000     
   21.000000000000000       -2.2391895346512802E-015   0.0000000000000000     
   21.100000000000001        2.3912838633468190E-016   0.0000000000000000     
   21.200000000000003       -1.8608834659460376E-015   0.0000000000000000     
   21.300000000000001       -3.4247064112982499E-015   0.0000000000000000     
   21.400000000000002        1.3303720434728215E-015   0.0000000000000000     
   21.500000000000000        3.4379686959515808E-015   0.0000000000000000     
   21.600000000000001        9.0941971859220272E-016   0.0000000000000000     
   21.700000000000003        6.0886424766793073E-017   0.0000000000000000     
   21.800000000000001        6.8909856707674808E-016   0.0000000000000000     
   21.900000000000002        6.8918720584732671E-016   0.0000000000000000     
   22.000000000000000       -1.0269401029844482E-015   0.0000000000000000     
   22.100000000000001        1.6709627917986939E-015   0.0000000000000000     
   22.200000000000003        8.5146252678891287E-016   0.0000000000000000     
   22.300000000000001        4.1244966803989654E-016   0.0000000000000000     
   22.400000000000002       -5.6008147895468431E-016   0.0000000000000000     
   22.500000000000000       -2.7136032384425071E-016   0.0000000000000000     
   22.600000000000001       -3.0895103461205193E-015   0.0000000000000000     
   22.700000000000003        1.2051827158403697E-015   0.0000000000000000     
   22.800000000000001       -2.2797736047336093E-015   0.0000000000000000     
   22.900000000000002        4.1016078184781094E-015   0.0000000000000000     
   23.000000000000000       -4.2652829764437669E-015   0.0000000000000000     
   23.100000000000001        2.2483638572276148E-015   0.0000000000000000     
   23.200000000000003       -5.8866167550449264E-015   0.0000000000000000     
   23.300000000000001        7.9167344192305738E-015   0.0000000000000000     
   23.400000000000002       -8.4751549011480060E-015   0.0000000000000000     
   23.500000000000000        1.4342367947870861E-014   0.0000000000000000     
   23.600000000000001       -1.4779873137221905E-014   0.0000000000000000     
   23.700000000000003        2.0641577990740538E-014   0.0000000000000000     
   23.800000000000001       -2.4278458656158284E-014   0.0000000000000000     
   23.900000000000002        3.2536765293782632E-014   0.0000000000000000     
   24.000000000000000       -4.1674395624149018E-014   0.0000000000000000     
   24.100000000000001        5.0614964240843381E-014   0.0000000000000000     
   24.200000000000003       -6.7344822407331922E-014   0.0000000000000000     
   24.300000000000001        8.3613364984666150E-014   0.0000000000000000     
   24.400000000000002       -1.0775012487830576E-013   0.0000000000000000     
   24.500000000000000        1.3540111721435759E-013   0.0000000000000000     
   24.600000000000001       -1.7184206225528702E-013   0.0000000000000000     
   24.700000000000003        2.1898054388701626E-013   0.0000000000000000     
   24.800000000000001       -2.7415148393459246E-013   0.0000000000000000     
   24.900000000000002        3.5081217000890107E-013   0.0000000000000000     
   25.000000000000000       -4.4275775994428993E-013   0.0000000000000000     
   25.100000000000001        5.5876750641701559E-013   0.0000000000000000     
   25.200000000000003       -7.0303376749899720E-013   0.0000000000000000     
   25.300000000000001        8.9191780761489360E-013   0.0000000000000000     
   25.400000000000002       -1.1250937168423431E-012   0.0000000000000000     
   25.500000000000000        1.4164072393437469E-012   0.0000000000000000     
   25.600000000000001       -1.7831235394252273E-012   0.0000000000000000     
   25.700000000000003        2.2448520800198813E-012   0.0000000000000000     
   25.800000000000001       -2.8249277921296549E-012   0.0000000000000000     
   25.900000000000002        3.5504745751015870E-012   0.0000000000000000     
   26.000000000000000       -4.4585955533943109E-012   0.0000000000000000     
   26.100000000000001        5.5934678440518932E-012   0.0000000000000000     
   26.200000000000003       -7.0191467382293368E-012   0.0000000000000000     
   26.300000000000001        8.7914429087380230E-012   0.0000000000000000     
   26.400000000000002       -1.1008008732520309E-011   0.0000000000000000     
   26.500000000000000        1.3771671744641870E-011   0.0000000000000000     
   26.600000000000001       -1.7220225472701667E-011   0.0000000000000000     
   26.700000000000003        2.1506641190507183E-011   0.0000000000000000     
   26.800000000000001       -2.6839198604000514E-011   0.0000000000000000     
   26.900000000000002        3.3477638088707667E-011   0.0000000000000000     
   27.000000000000000       -4.1707852687768088E-011   0.0000000000000000     
   27.100000000000001        5.1927295846670814E-011   0.0000000000000000     
   27.200000000000003       -6.4597392365988294E-011   0.0000000000000000     
   27.300000000000001        8.0288381062514954E-011   0.0000000000000000     
   27.400000000000002       -9.9701363854942804E-011   0.0000000000000000     
   27.500000000000000        1.2370217327259812E-010   0.0000000000000000     
   27.600000000000001       -1.5335462189688629E-010   0.0000000000000000     
   27.700000000000003        1.8994052860765405E-010   0.0000000000000000     
   27.800000000000001       -2.3504872492426478E-010   0.0000000000000000     
   27.900000000000002        2.9060375288009846E-010   0.0000000000000000     
   28.000000000000000       -3.5897399620788580E-010   0.0000000000000000     
   28.100000000000001        4.4302221086346800E-010   0.0000000000000000     
   28.200000000000003       -5.4625095152919861E-010   0.0000000000000000     
   28.300000000000001        6.7291294591615308E-010   0.0000000000000000     
   28.400000000000002       -8.2817035024848439E-010   0.0000000000000000     
   28.500000000000000        1.0182929773960553E-009   0.0000000000000000     
   28.600000000000001       -1.2508870488130768E-009   0.0000000000000000     
   28.700000000000003        1.5351509301107955E-009   0.0000000000000000     
   28.800000000000001       -1.8822131858943380E-009   0.0000000000000000     
   28.900000000000002        2.3055126215697418E-009   0.0000000000000000     
   29.000000000000000       -2.8212702278274450E-009   0.0000000000000000     
   29.100000000000001        3.4490411388535885E-009   0.0000000000000000     
   29.200000000000003       -4.2123557888939116E-009   0.0000000000000000     
   29.300000000000001        5.1395150610361074E-009   0.0000000000000000     
   29.400000000000002       -6.2645055770272958E-009   0.0000000000000000     
   29.500000000000000        7.6280918224561504E-009   0.0000000000000000     
   29.600000000000001       -9.2791323665787012E-009   0.0000000000000000     
   29.700000000000003        1.1276074353332050E-008   0.0000000000000000     
   29.800000000000001       -1.3688789700902532E-008   0.0000000000000000     
   29.900000000000002        1.6600683064172433E-008   0.0000000000000000     
   30.000000000000000       -2.0111203437958421E-008   0.0000000000000000     
   30.100000000000001        2.4338757086045950E-008   0.0000000000000000     
   30.200000000000003       -2.9424187702781174E-008   0.0000000000000000     
   30.300000000000001        3.5534777674235710E-008   0.0000000000000000     
   30.400000000000002       -4.2868970152811138E-008   0.0000000000000000     
   30.500000000000000        5.1661881600520361E-008   0.0000000000000000     
   30.600000000000001       -6.2191689021376851E-008   0.0000000000000000     
   30.700000000000003        7.4787123100757682E-008   0.0000000000000000     
   30.800000000000001       -8.9836126564563081E-008   0.0000000000000000     
   30.900000000000002        1.0779590318428928E-007   0.0000000000000000     
   31.000000000000000       -1.2920456941497605E-007   0.0000000000000000     
   31.100000000000001        1.5469463128205258E-007   0.0000000000000000     
   31.200000000000003       -1.8500851031898396E-007   0.0000000000000000     
   31.300000000000001        2.2101646005889113E-007   0.0000000000000000     
   31.400000000000002       -2.6373715626201139E-007   0.0000000000000000     
   31.500000000000000        3.1436136451931668E-007   0.0000000000000000     
   31.600000000000001       -3.7427902718689655E-007   0.0000000000000000     
   31.700000000000003        4.4511029382537045E-007   0.0000000000000000     
   31.800000000000001       -5.2874093152350876E-007   0.0000000000000000     
   31.900000000000002        6.2736271613723022E-007   0.0000000000000000     
   32.000000000000000       -7.4351934518620922E-007   0.0000000000000000     
   32.100000000000001        8.8015860200889768E-007   0.0000000000000000     
   32.200000000000003       -1.0406914992021813E-006   0.0000000000000000     
   32.300000000000004        1.2290590940333372E-006   0.0000000000000000     
   32.399999999999999       -1.4498079908464028E-006   0.0000000000000000     
   32.500000000000000        1.7081753170748918E-006   0.0000000000000000     
   32.600000000000001       -2.0101842955340908E-006   0.0000000000000000     
   32.700000000000003        2.3627513693195349E-006   0.0000000000000000     
   32.800000000000004       -2.7738061360610425E-006   0.0000000000000000     
   32.899999999999999        3.2524252227112644E-006   0.0000000000000000     
   33.000000000000000       -3.8089814160160227E-006   0.0000000000000000     
   33.100000000000001        4.4553093972887997E-006   0.0000000000000000     
   33.200000000000003       -5.2048894109601231E-006   0.0000000000000000     
   33.300000000000004        6.0730504431040235E-006   0.0000000000000000     
   33.399999999999999       -7.0771941653884507E-006   0.0000000000000000     
   33.500000000000000        8.2370413533858333E-006   0.0000000000000000     
   33.600000000000001       -9.5749020560360415E-006   0.0000000000000000     
   33.700000000000003        1.1115971158385753E-005   0.0000000000000000     
   33.800000000000004       -1.2888650561174272E-005   0.0000000000000000     
   33.899999999999999        1.4924899412885985E-005   0.0000000000000000     
   34.000000000000000       -1.7260613551497901E-005   0.0000000000000000     
   34.100000000000001        1.9936035205167185E-005   0.0000000000000000     
   34.200000000000003       -2.2996193758346181E-005   0.0000000000000000     
   34.300000000000004        2.6491378170367520E-005   0.0000000000000000     
   34.399999999999999       -3.0477641347762106E-005   0.0000000000000000     
   34.500000000000000        3.5017336257050484E-005   0.0000000000000000     
   34.600000000000001       -4.0179683319017488E-005   0.0000000000000000     
   34.700000000000003        4.6041367914477809E-005   0.0000000000000000     
   34.800000000000004       -5.2687166355915058E-005   0.0000000000000000     
   34.899999999999999        6.0210597971980472E-005   0.0000000000000000     
   35.000000000000000       -6.8714600115358035E-005   0.0000000000000000     
   35.100000000000001        7.8312222122578216E-005   0.0000000000000000     
   35.200000000000003       -8.9127333314924993E-005   0.0000000000000000     
   35.300000000000004        1.0129533892842337E-004   0.0000000000000000     
   35.399999999999999       -1.1496389693235543E-004   0.0000000000000000     
   35.500000000000000        1.3029362730980487E-004   0.0000000000000000     
   35.600000000000001       -1.4745880414972215E-004   0.0000000000000000     
   35.700000000000003        1.6664801939297429E-004   0.0000000000000000     
   35.800000000000004       -1.8806480579323129E-004   0.0000000000000000     
   35.899999999999999        2.1192820497627264E-004   0.0000000000000000     
   36.000000000000000       -2.3847326499724112E-004   0.0000000000000000     
   36.100000000000001        2.6795145025990450E-004   0.0000000000000000     
   36.200000000000003       -3.0063094499291478E-004   0.0000000000000000     
   36.300000000000004        3.3679683014621836E-004   0.0000000000000000     
   36.399999999999999       -3.7675111180993624E-004   0.0000000000000000     
   36.500000000000000        4.2081257825879828E-004   0.0000000000000000     
   36.600000000000001       -4.6931646116875678E-004   0.0000000000000000     
   36.700000000000003        5.2261387574628756E-004   0.0000000000000000     
   36.800000000000004       -5.8107101359313894E-004   0.0000000000000000     
   36.899999999999999        6.4506806167020524E-004   0.0000000000000000     
   37.000000000000000       -7.1499782046972188E-004   0.0000000000000000     
   37.100000000000001        7.9126399475694961E-004   0.0000000000000000     
   37.200000000000003       -8.7427913091283368E-004   0.0000000000000000     
   37.300000000000004        9.6446217596381277E-004   0.0000000000000000     
   37.399999999999999       -1.0622356352036301E-003   0.0000000000000000     
   37.500000000000000        1.1680223075815380E-003   0.0000000000000000     
   37.600000000000001       -1.2822415809479318E-003   0.0000000000000000     
   37.700000000000003        1.4053052731570893E-003   0.0000000000000000     
   37.800000000000004       -1.5376130091104107E-003   0.0000000000000000     
   37.899999999999999        1.6795471294293500E-003   0.0000000000000000     
   38.000000000000000       -1.8314671320264608E-003   0.0000000000000000     
   38.100000000000001        1.9937036551615312E-003   0.0000000000000000     
   38.200000000000003       -2.1665520174433055E-003   0.0000000000000000     
   38.300000000000004        2.3502653394126380E-003   0.0000000000000000     
   38.400000000000006       -2.5450472797522768E-003   0.0000000000000000     
   38.500000000000000        2.7510444291065092E-003   0.0000000000000000     
   38.600000000000001       -2.9683384152012836E-003   0.0000000000000000     
   38.700000000000003        3.1969377826641756E-003   0.0000000000000000     
   38.800000000000004       -3.4367697238778814E-003   0.0000000000000000     
   38.900000000000006        3.6876717457709710E-003   0.0000000000000000     
   39.000000000000000       -3.9493833724153693E-003   0.0000000000000000     
   39.100000000000001        4.2215379899119727E-003   0.0000000000000000     
   39.200000000000003       -4.5036549556740522E-003   0.0000000000000000     
   39.300000000000004        4.7951320995762341E-003   0.0000000000000000     
   39.400000000000006       -5.0952387568183426E-003   0.0000000000000000     
   39.500000000000000        5.4031094796402855E-003   0.0000000000000000     
   39.600000000000001       -5.7177385781747086E-003   0.0000000000000000     
   39.700000000000003        6.0379756536396087E-003   0.0000000000000000     
   39.800000000000004       -6.3625222756615142E-003   0.0000000000000000     
   39.900000000000006        6.6899299757237863E-003   0.0000000000000000     
   40.000000000000000       -7.0185997014471820E-003   0.0000000000000000     
   40.100000000000001        7.3467828989196189E-003   0.0000000000000000     
   40.200000000000003       -7.6725843553781927E-003   0.0000000000000000     
   40.300000000000004        7.9939669433327486E-003   0.0000000000000000     
   40.400000000000006       -8.3087583852765462E-003   0.0000000000000000     
   40.500000000000000        8.6146601257573834E-003   0.0000000000000000     
   40.600000000000001       -8.9092584187412116E-003   0.0000000000000000     
   40.700000000000003        9.1900376346002264E-003   0.0000000000000000     
   40.800000000000004       -9.4543958793782031E-003   0.0000000000000000     
   40.900000000000006        9.6996628336731630E-003   0.0000000000000000     
   41.000000000000000       -9.9231198653947413E-003   0.0000000000000000     
   41.100000000000001        1.0122022242280475E-002   0.0000000000000000     
   41.200000000000003       -1.0293623404268745E-002   0.0000000000000000     
   41.300000000000004        1.0435201098928284E-002   0.0000000000000000     
   41.400000000000006       -1.0544085153981130E-002   0.0000000000000000     
   41.500000000000000        1.0617686764834912E-002   0.0000000000000000     
   41.600000000000001       -1.0653528778802573E-002   0.0000000000000000     
   41.700000000000003        1.0649277027263072E-002   0.0000000000000000     
   41.800000000000004       -1.0602771834433953E-002   0.0000000000000000     
   41.900000000000006        1.0512059949108199E-002   0.0000000000000000     
   42.000000000000000       -1.0375425756306154E-002   0.0000000000000000     
   42.100000000000001        1.0191422049579395E-002   0.0000000000000000     
   42.200000000000003       -9.9588992785624181E-003   0.0000000000000000     
   42.300000000000004        9.6770331533119428E-003   0.0000000000000000     
   42.400000000000006       -9.3453502083632543E-003   0.0000000000000000     
   42.500000000000000        8.9637501087758524E-003   0.0000000000000000     
   42.600000000000001       -8.5325258257470081E-003   0.0000000000000000     
   42.700000000000003        8.0523786039556396E-003   0.0000000000000000     
   42.800000000000004       -7.5244310716113660E-003   0.0000000000000000     
   42.900000000000006        6.9502332190107168E-003   0.0000000000000000     
   43.000000000000000       -6.3317667467698456E-003   0.0000000000000000     
   43.100000000000001        5.6714411530143618E-003   0.0000000000000000     
   43.200000000000003       -4.9720875327918983E-003   0.0000000000000000     
   43.300000000000004        4.2369449431783890E-003   0.0000000000000000     
   43.400000000000006       -3.4696417790025672E-003   0.0000000000000000     
   43.500000000000000        2.6741737897571552E-003   0.0000000000000000     
   43.600000000000001       -1.8548713086981767E-003   0.0000000000000000     
   43.700000000000003        1.0163712314361806E-003   0.0000000000000000     
   43.800000000000004       -1.6356919623362919E-004   0.0000000000000000     
   43.900000000000006       -6.9841210179128800E-004   0.0000000000000000     
   44.000000000000000        1.5642846238954212E-003   0.0000000000000000     
   44.100000000000001       -2.4286294558682124E-003   0.0000000000000000     
   44.200000000000003        3.2859674475799773E-003   0.0000000000000000     
   44.300000000000004       -4.1307991152709986E-003   0.0000000000000000     
   44.400000000000006        4.9576735619699958E-003   0.0000000000000000     
   44.500000000000000       -5.7612418804492424E-003   0.0000000000000000     
   44.600000000000001        6.5363069668366155E-003   0.0000000000000000     
   44.700000000000003       -7.2779044160737319E-003   0.0000000000000000     
   44.800000000000004        7.9813103063048670E-003   0.0000000000000000     
   44.900000000000006       -8.6421669180139875E-003   0.0000000000000000     
   45.000000000000000        9.2564253687626510E-003   0.0000000000000000     
   45.100000000000001       -9.8205292187419843E-003   0.0000000000000000     
   45.200000000000003        1.0331279856916335E-002   0.0000000000000000     
   45.300000000000004       -1.0786072726771623E-002   0.0000000000000000     
   45.400000000000006        1.1182702237850683E-002   0.0000000000000000     
   45.500000000000000       -1.1519606676643942E-002   0.0000000000000000     
   45.600000000000001        1.1795681225683556E-002   0.0000000000000000     
   45.700000000000003       -1.2010425558951645E-002   0.0000000000000000     
   45.800000000000004        1.2163908008598564E-002   0.0000000000000000     
   45.900000000000006       -1.2256629117919512E-002   0.0000000000000000     
   46.000000000000000        1.2289866232915489E-002   0.0000000000000000     
   46.100000000000001       -1.2264985134842379E-002   0.0000000000000000     
   46.200000000000003        1.2184464977457999E-002   0.0000000000000000     
   46.300000000000004       -1.2050346069641902E-002   0.0000000000000000     
   46.400000000000006        1.1866241088326275E-002   0.0000000000000000     
   46.500000000000000       -1.1634660945355025E-002   0.0000000000000000     
   46.600000000000001        1.1360186733767548E-002   0.0000000000000000     
   46.700000000000003       -1.1045651041597673E-002   0.0000000000000000     
   46.800000000000004        1.0696283398357632E-002   0.0000000000000000     
   46.900000000000006       -1.0315239660429642E-002   0.0000000000000000     
   47.000000000000000        9.9078426100440188E-003   0.0000000000000000     
   47.100000000000001       -9.4778405762556851E-003   0.0000000000000000     
   47.200000000000003        9.0297648684646414E-003   0.0000000000000000     
   47.300000000000004       -8.5686156067954870E-003   0.0000000000000000     
   47.400000000000006        8.0968306129286238E-003   0.0000000000000000     
   47.500000000000000       -7.6218086970972583E-003   0.0000000000000000     
   47.600000000000001        7.1421305246445145E-003   0.0000000000000000     
   47.700000000000003       -6.6692525142486789E-003   0.0000000000000000     
   47.800000000000004        6.1957277017042423E-003   0.0000000000000000     
   47.900000000000006       -5.7391251412589198E-003   0.0000000000000000     
   48.000000000000000        5.2836227107665393E-003   0.0000000000000000     
   48.100000000000001       -4.8550110320190916E-003   0.0000000000000000     
   48.200000000000003        4.4270662238788377E-003   0.0000000000000000     
   48.300000000000004       -4.0352943770510805E-003   0.0000000000000000     
   48.400000000000006        3.6422352861694971E-003   0.0000000000000000     
   48.500000000000000       -3.2928870171092675E-003   0.0000000000000000     
   48.600000000000001        2.9402607584856854E-003   0.0000000000000000     
   48.700000000000003       -2.6352694733796696E-003   0.0000000000000000     
   48.800000000000004        2.3275675543855817E-003   0.0000000000000000     
   48.900000000000006       -2.0648045670781561E-003   0.0000000000000000     
   49.000000000000000        1.8064680228131295E-003   0.0000000000000000     
   49.100000000000001       -1.5792698771647726E-003   0.0000000000000000     
   49.200000000000003        1.3759336548160748E-003   0.0000000000000000     
   49.300000000000004       -1.1725493477795347E-003   0.0000000000000000     
   49.400000000000006        1.0325029861440022E-003   0.0000000000000000     
   49.500000000000000       -8.3382893386545155E-004   0.0000000000000000     
   49.600000000000001        8.0568586302729947E-004   0.0000000000000000     
   49.700000000000003       -5.9285551693711496E-004   0.0000000000000000     
   49.800000000000004        1.3838595961317105E-004   0.0000000000000000     
   49.900000000000006        5.0654071924799070E-054   0.0000000000000000     
