   0.0000000000000000        8.0847131011621420E-014   0.0000000000000000     
  0.10000000000000001        6.7712303334625561E-014   0.0000000000000000     
  0.20000000000000001        2.9426919060154721E-016   0.0000000000000000     
  0.30000000000000004        1.1987880583061961E-013   0.0000000000000000     
  0.40000000000000002       -5.2097217159208617E-014   0.0000000000000000     
  0.50000000000000000        1.4465270294196217E-013   0.0000000000000000     
  0.60000000000000009       -1.2850704459783911E-013   0.0000000000000000     
  0.70000000000000007        2.0646556033620363E-013   0.0000000000000000     
  0.80000000000000004       -2.3077293629934296E-013   0.0000000000000000     
  0.90000000000000002        3.2091988399263899E-013   0.0000000000000000     
   1.0000000000000000       -3.9352672974562067E-013   0.0000000000000000     
   1.1000000000000001        5.1526410823036835E-013   0.0000000000000000     
   1.2000000000000002       -6.5065602737757447E-013   0.0000000000000000     
   1.3000000000000000        8.3483607785562686E-013   0.0000000000000000     
   1.4000000000000001       -1.0605629332206118E-012   0.0000000000000000     
   1.5000000000000000        1.3591950745993074E-012   0.0000000000000000     
   1.6000000000000001       -1.7268397107688232E-012   0.0000000000000000     
   1.7000000000000002        2.2027621192599419E-012   0.0000000000000000     
   1.8000000000000000       -2.8069251094482589E-012   0.0000000000000000     
   1.9000000000000001        3.5677144436606818E-012   0.0000000000000000     
   2.0000000000000000       -4.5318329255635711E-012   0.0000000000000000     
   2.1000000000000001        5.7620546745348643E-012   0.0000000000000000     
   2.2000000000000002       -7.3170021997713783E-012   0.0000000000000000     
   2.3000000000000003        9.2803061132032306E-012   0.0000000000000000     
   2.4000000000000004       -1.1764061905510397E-011   0.0000000000000000     
   2.5000000000000000        1.4902597519156500E-011   0.0000000000000000     
   2.6000000000000001       -1.8860309226952708E-011   0.0000000000000000     
   2.7000000000000002        2.3854703963713970E-011   0.0000000000000000     
   2.8000000000000003       -3.0149424168754685E-011   0.0000000000000000     
   2.9000000000000004        3.8067893536887512E-011   0.0000000000000000     
   3.0000000000000000       -4.8026975091902273E-011   0.0000000000000000     
   3.1000000000000001        6.0543878722310934E-011   0.0000000000000000     
   3.2000000000000002       -7.6257687134815905E-011   0.0000000000000000     
   3.3000000000000003        9.5965156100081876E-011   0.0000000000000000     
   3.4000000000000004       -1.2065625532371580E-010   0.0000000000000000     
   3.5000000000000000        1.5156913642701459E-010   0.0000000000000000     
   3.6000000000000001       -1.9022958676845216E-010   0.0000000000000000     
   3.7000000000000002        2.3852458003500711E-010   0.0000000000000000     
   3.8000000000000003       -2.9880758821743885E-010   0.0000000000000000     
   3.9000000000000004        3.7397208217268683E-010   0.0000000000000000     
   4.0000000000000000       -4.6758906177480812E-010   0.0000000000000000     
   4.1000000000000005        5.8407905391427152E-010   0.0000000000000000     
   4.2000000000000002       -7.2887119768419544E-010   0.0000000000000000     
   4.2999999999999998        9.0865095966455013E-010   0.0000000000000000     
   4.4000000000000004       -1.1316377391384625E-009   0.0000000000000000     
   4.5000000000000000        1.4079039573076705E-009   0.0000000000000000     
   4.6000000000000005       -1.7498133050093750E-009   0.0000000000000000     
   4.7000000000000002        2.1724946245828851E-009   0.0000000000000000     
   4.8000000000000007       -2.6944323555266804E-009   0.0000000000000000     
   4.9000000000000004        3.3382130764017075E-009   0.0000000000000000     
   5.0000000000000000       -4.1313661678199767E-009   0.0000000000000000     
   5.1000000000000005        5.1074166186616184E-009   0.0000000000000000     
   5.2000000000000002       -6.3071485307681914E-009   0.0000000000000000     
   5.3000000000000007        7.7800749626057800E-009   0.0000000000000000     
   5.4000000000000004       -9.5862525788079918E-009   0.0000000000000000     
   5.5000000000000000        1.1798426096192993E-008   0.0000000000000000     
   5.6000000000000005       -1.4504571303693890E-008   0.0000000000000000     
   5.7000000000000002        1.7810948545947201E-008   0.0000000000000000     
   5.8000000000000007       -2.1845707343972505E-008   0.0000000000000000     
   5.9000000000000004        2.6763184628211043E-008   0.0000000000000000     
   6.0000000000000000       -3.2748993060142415E-008   0.0000000000000000     
   6.1000000000000005        4.0026014364358080E-008   0.0000000000000000     
   6.2000000000000002       -4.8861502807889581E-008   0.0000000000000000     
   6.3000000000000007        5.9575441681891705E-008   0.0000000000000000     
   6.4000000000000004       -7.2550371823178601E-008   0.0000000000000000     
   6.5000000000000000        8.8242931468251982E-008   0.0000000000000000     
   6.6000000000000005       -1.0719736472082136E-007   0.0000000000000000     
   6.7000000000000002        1.3006134144100896E-007   0.0000000000000000     
   6.8000000000000007       -1.5760440877239803E-007   0.0000000000000000     
   6.9000000000000004        1.9073948529463550E-007   0.0000000000000000     
   7.0000000000000000       -2.3054786611431173E-007   0.0000000000000000     
   7.1000000000000005        2.7830821090815927E-007   0.0000000000000000     
   7.2000000000000002       -3.3553013000872448E-007   0.0000000000000000     
   7.3000000000000007        4.0399299473634577E-007   0.0000000000000000     
   7.4000000000000004       -4.8579067873028167E-007   0.0000000000000000     
   7.5000000000000000        5.8338305158387636E-007   0.0000000000000000     
   7.6000000000000005       -6.9965507899472505E-007   0.0000000000000000     
   7.7000000000000002        8.3798455337791978E-007   0.0000000000000000     
   7.8000000000000007       -1.0023194996304066E-006   0.0000000000000000     
   7.9000000000000004        1.1972664138242410E-006   0.0000000000000000     
   8.0000000000000000       -1.4281906980439473E-006   0.0000000000000000     
   8.0999999999999996        1.7013306127119119E-006   0.0000000000000000     
   8.2000000000000011       -2.0239262821431317E-006   0.0000000000000000     
   8.3000000000000007        2.4043654117751887E-006   0.0000000000000000     
   8.4000000000000004       -2.8523473624989209E-006   0.0000000000000000     
   8.5000000000000000        3.3790675147092458E-006   0.0000000000000000     
   8.5999999999999996       -3.9974238236771458E-006   0.0000000000000000     
   8.7000000000000011        4.7222475332327806E-006   0.0000000000000000     
   8.8000000000000007       -5.5705602620741024E-006   0.0000000000000000     
   8.9000000000000004        6.5618595060104965E-006   0.0000000000000000     
   9.0000000000000000       -7.7184347756573790E-006   0.0000000000000000     
   9.0999999999999996        9.0657166232631081E-006   0.0000000000000000     
   9.2000000000000011       -1.0632660560372352E-005   0.0000000000000000     
   9.3000000000000007        1.2452168043978735E-005   0.0000000000000000     
   9.4000000000000004       -1.4561546457957936E-005   0.0000000000000000     
   9.5000000000000000        1.7003009726789621E-005   0.0000000000000000     
   9.6000000000000014       -1.9824221205299051E-005   0.0000000000000000     
   9.7000000000000011        2.3078879885434192E-005   0.0000000000000000     
   9.8000000000000007       -2.6827350617339160E-005   0.0000000000000000     
   9.9000000000000004        3.1137338692585673E-005   0.0000000000000000     
   10.000000000000000       -3.6084608238878225E-005   0.0000000000000000     
   10.100000000000001        4.1753743313883533E-005   0.0000000000000000     
   10.200000000000001       -4.8238949751957779E-005   0.0000000000000000     
   10.300000000000001        5.5644894654586496E-005   0.0000000000000000     
   10.400000000000000       -6.4087579468017120E-005   0.0000000000000000     
   10.500000000000000        7.3695241225528747E-005   0.0000000000000000     
   10.600000000000001       -8.4609275104498795E-005   0.0000000000000000     
   10.700000000000001        9.6985169985699338E-005   0.0000000000000000     
   10.800000000000001       -1.1099344685237964E-004   0.0000000000000000     
   10.900000000000000        1.2682058813261182E-004   0.0000000000000000     
   11.000000000000000       -1.4466994409482979E-004   0.0000000000000000     
   11.100000000000001        1.6476260025750634E-004   0.0000000000000000     
   11.200000000000001       -1.8733818768488722E-004   0.0000000000000000     
   11.300000000000001        2.1265561569431518E-004   0.0000000000000000     
   11.400000000000000       -2.4099370427731881E-004   0.0000000000000000     
   11.500000000000000        2.7265169121920698E-004   0.0000000000000000     
   11.600000000000001       -3.0794958656103598E-004   0.0000000000000000     
   11.700000000000001        3.4722834503429176E-004   0.0000000000000000     
   11.800000000000001       -3.9084982492826814E-004   0.0000000000000000     
   11.900000000000000        4.3919650005317496E-004   0.0000000000000000     
   12.000000000000000       -4.9267089003230953E-004   0.0000000000000000     
   12.100000000000001        5.5169467277067764E-004   0.0000000000000000     
   12.200000000000001       -6.1670744235905735E-004   0.0000000000000000     
   12.300000000000001        6.8816507537519493E-004   0.0000000000000000     
   12.400000000000000       -7.6653766878435306E-004   0.0000000000000000     
   12.500000000000000        8.5230701392111031E-004   0.0000000000000000     
   12.600000000000001       -9.4596357264974573E-004   0.0000000000000000     
   12.700000000000001        1.0480029245473102E-003   0.0000000000000000     
   12.800000000000001       -1.1589216577037346E-003   0.0000000000000000     
   12.900000000000000        1.2792126801595052E-003   0.0000000000000000     
   13.000000000000000       -1.4093599349092897E-003   0.0000000000000000     
   13.100000000000001        1.5498325081588855E-003   0.0000000000000000     
   13.200000000000001       -1.7010781284556278E-003   0.0000000000000000     
   13.300000000000001        1.8635160636449450E-003   0.0000000000000000     
   13.400000000000000       -2.0375294327052902E-003   0.0000000000000000     
   13.500000000000000        2.2234569610483437E-003   0.0000000000000000     
   13.600000000000001       -2.4215842203622580E-003   0.0000000000000000     
   13.700000000000001        2.6321344073299813E-003   0.0000000000000000     
   13.800000000000001       -2.8552587299465891E-003   0.0000000000000000     
   13.900000000000000        3.0910264848730299E-003   0.0000000000000000     
   14.000000000000000       -3.3394149246052350E-003   0.0000000000000000     
   14.100000000000001        3.6002990287473786E-003   0.0000000000000000     
   14.200000000000001       -3.8734413089033114E-003   0.0000000000000000     
   14.300000000000001        4.1584817919095678E-003   0.0000000000000000     
   14.400000000000000       -4.4549283402046244E-003   0.0000000000000000     
   14.500000000000000        4.7621474812296729E-003   0.0000000000000000     
   14.600000000000001       -5.0793559295299112E-003   0.0000000000000000     
   14.700000000000001        5.4056129946968750E-003   0.0000000000000000     
   14.800000000000001       -5.7398140758078264E-003   0.0000000000000000     
   14.900000000000000        6.0806854475704006E-003   0.0000000000000000     
   15.000000000000000       -6.4267805447345569E-003   0.0000000000000000     
   15.100000000000001        6.7764779494580889E-003   0.0000000000000000     
   15.200000000000001       -7.1279812801466665E-003   0.0000000000000000     
   15.300000000000001        7.4793211702329308E-003   0.0000000000000000     
   15.400000000000000       -7.8283595108428940E-003   0.0000000000000000     
   15.500000000000000        8.1727961120011301E-003   0.0000000000000000     
   15.600000000000001       -8.5101779133400640E-003   0.0000000000000000     
   15.700000000000001        8.8379108465982056E-003   0.0000000000000000     
   15.800000000000001       -9.1532744191752512E-003   0.0000000000000000     
   15.900000000000000        9.4534390505972461E-003   0.0000000000000000     
   16.000000000000000       -9.7354861520569779E-003   0.0000000000000000     
   16.100000000000001        9.9964308943875837E-003   0.0000000000000000     
   16.199999999999999       -1.0233247561672024E-002   0.0000000000000000     
   16.300000000000001        1.0442897337275658E-002   0.0000000000000000     
   16.400000000000002       -1.0622358317483016E-002   0.0000000000000000     
   16.500000000000000        1.0768657495349809E-002   0.0000000000000000     
   16.600000000000001       -1.0878904405552352E-002   0.0000000000000000     
   16.699999999999999        1.0950326070687581E-002   0.0000000000000000     
   16.800000000000001       -1.0980302841610275E-002   0.0000000000000000     
   16.900000000000002        1.0966404680682178E-002   0.0000000000000000     
   17.000000000000000       -1.0906427397999191E-002   0.0000000000000000     
   17.100000000000001        1.0798428317969727E-002   0.0000000000000000     
   17.199999999999999       -1.0640760828452583E-002   0.0000000000000000     
   17.300000000000001        1.0432107247791072E-002   0.0000000000000000     
   17.400000000000002       -1.0171509437380356E-002   0.0000000000000000     
   17.500000000000000        9.8583965899479535E-003   0.0000000000000000     
   17.600000000000001       -9.4926096369331355E-003   0.0000000000000000     
   17.699999999999999        9.0744217424724299E-003   0.0000000000000000     
   17.800000000000001       -8.6045543871765013E-003   0.0000000000000000     
   17.900000000000002        8.0841885915702866E-003   0.0000000000000000     
   18.000000000000000       -7.5149708866909222E-003   0.0000000000000000     
   18.100000000000001        6.8990137075221362E-003   0.0000000000000000     
   18.199999999999999       -6.2388899621888825E-003   0.0000000000000000     
   18.300000000000001        5.5376216158188295E-003   0.0000000000000000     
   18.400000000000002       -4.7986622210003131E-003   0.0000000000000000     
   18.500000000000000        4.0258734247559979E-003   0.0000000000000000     
   18.600000000000001       -3.2234955841141835E-003   0.0000000000000000     
   18.699999999999999        2.3961127260013668E-003   0.0000000000000000     
   18.800000000000001       -1.5486121901591530E-003   0.0000000000000000     
   18.900000000000002        6.8613939459917592E-004   0.0000000000000000     
   19.000000000000000        1.8595174116929251E-004   0.0000000000000000     
   19.100000000000001       -1.0621520911403381E-003   0.0000000000000000     
   19.200000000000003        1.9368536321785492E-003   0.0000000000000000     
   19.300000000000001       -2.8044079953228932E-003   0.0000000000000000     
   19.400000000000002        3.6591864307459515E-003   0.0000000000000000     
   19.500000000000000       -4.4956403165795130E-003   0.0000000000000000     
   19.600000000000001        5.3083613161310564E-003   0.0000000000000000     
   19.700000000000003       -6.0921402787690072E-003   0.0000000000000000     
   19.800000000000001        6.8420239876542752E-003   0.0000000000000000     
   19.900000000000002       -7.5533688828794453E-003   0.0000000000000000     
   20.000000000000000        8.2218909308853054E-003   0.0000000000000000     
   20.100000000000001       -8.8437108699791385E-003   0.0000000000000000     
   20.200000000000003        9.4153941362253440E-003   0.0000000000000000     
   20.300000000000001       -9.9339848622815360E-003   0.0000000000000000     
   20.400000000000002        1.0397033442747762E-002   0.0000000000000000     
   20.500000000000000       -1.0802617270619293E-002   0.0000000000000000     
   20.600000000000001        1.1149354368315847E-002   0.0000000000000000     
   20.700000000000003       -1.1436409761466254E-002   0.0000000000000000     
   20.800000000000001        1.1663494570617400E-002   0.0000000000000000     
   20.900000000000002       -1.1830857923200239E-002   0.0000000000000000     
   21.000000000000000        1.1939271912662195E-002   0.0000000000000000     
   21.100000000000001       -1.1990009950407330E-002   0.0000000000000000     
   21.200000000000003        1.1984818967250831E-002   0.0000000000000000     
   21.300000000000001       -1.1925886021631827E-002   0.0000000000000000     
   21.400000000000002        1.1815799959810483E-002   0.0000000000000000     
   21.500000000000000       -1.1657508847325226E-002   0.0000000000000000     
   21.600000000000001        1.1454273949083880E-002   0.0000000000000000     
   21.700000000000003       -1.1209621076988639E-002   0.0000000000000000     
   21.800000000000001        1.0927290148391989E-002   0.0000000000000000     
   21.900000000000002       -1.0611183805492874E-002   0.0000000000000000     
   22.000000000000000        1.0265315935383294E-002   0.0000000000000000     
   22.100000000000001       -9.8937609036590570E-003   0.0000000000000000     
   22.200000000000003        9.5006042722620455E-003   0.0000000000000000     
   22.300000000000001       -9.0898957156701002E-003   0.0000000000000000     
   22.400000000000002        8.6656047809032591E-003   0.0000000000000000     
   22.500000000000000       -8.2315800577475295E-003   0.0000000000000000     
   22.600000000000001        7.7915122380087442E-003   0.0000000000000000     
   22.700000000000003       -7.3489014494496586E-003   0.0000000000000000     
   22.800000000000001        6.9070291530275735E-003   0.0000000000000000     
   22.900000000000002       -6.4689347936771292E-003   0.0000000000000000     
   23.000000000000000        6.0373972979006763E-003   0.0000000000000000     
   23.100000000000001       -5.6149214171572473E-003   0.0000000000000000     
   23.200000000000003        5.2037288270952017E-003   0.0000000000000000     
   23.300000000000001       -4.8057538108536978E-003   0.0000000000000000     
   23.400000000000002        4.4226432808249384E-003   0.0000000000000000     
   23.500000000000000       -4.0557608293497376E-003   0.0000000000000000     
   23.600000000000001        3.7061944453802616E-003   0.0000000000000000     
   23.700000000000003       -3.3747674916037034E-003   0.0000000000000000     
   23.800000000000001        3.0620525056698766E-003   0.0000000000000000     
   23.900000000000002       -2.7683873693899077E-003   0.0000000000000000     
   24.000000000000000        2.4938933810644262E-003   0.0000000000000000     
   24.100000000000001       -2.2384947680518861E-003   0.0000000000000000     
   24.200000000000003        2.0019391879165641E-003   0.0000000000000000     
   24.300000000000001       -1.7838187866104484E-003   0.0000000000000000     
   24.400000000000002        1.5835914097845950E-003   0.0000000000000000     
   24.500000000000000       -1.4006015969705373E-003   0.0000000000000000     
   24.600000000000001        1.2341010271927279E-003   0.0000000000000000     
   24.700000000000003       -1.0832681268412114E-003   0.0000000000000000     
   24.800000000000001        9.4722659523423095E-004   0.0000000000000000     
   24.900000000000002       -8.2506264892511904E-004   0.0000000000000000     
   25.000000000000000        7.1584083110158114E-004   0.0000000000000000     
   25.100000000000001       -6.1861827676753720E-004   0.0000000000000000     
   25.200000000000003        5.3245736627827200E-004   0.0000000000000000     
   25.300000000000001       -4.5643673874617990E-004   0.0000000000000000     
   25.400000000000002        3.8966067239468491E-004   0.0000000000000000     
   25.500000000000000       -3.3126687007528155E-004   0.0000000000000000     
   25.600000000000001        2.8043271514296714E-004   0.0000000000000000     
   25.700000000000003       -2.3638008518983716E-004   0.0000000000000000     
   25.800000000000001        1.9837882877646361E-004   0.0000000000000000     
   25.900000000000002       -1.6574902364652839E-004   0.0000000000000000     
   26.000000000000000        1.3786214364455281E-004   0.0000000000000000     
   26.100000000000001       -1.1414126658951322E-004   0.0000000000000000     
   26.200000000000003        9.4060456665086297E-005   0.0000000000000000     
   26.300000000000001       -7.7143452841202921E-005   0.0000000000000000     
   26.400000000000002        6.2961790436391656E-005   0.0000000000000000     
   26.500000000000000       -5.1132475864722753E-005   0.0000000000000000     
   26.600000000000001        4.1315325986860742E-005   0.0000000000000000     
   26.700000000000003       -3.3210073679659340E-005   0.0000000000000000     
   26.800000000000001        2.6553330174613976E-005   0.0000000000000000     
   26.900000000000002       -2.1115483566304722E-005   0.0000000000000000     
   27.000000000000000        1.6697601454663508E-005   0.0000000000000000     
   27.100000000000001       -1.3128394409113918E-005   0.0000000000000000     
   27.200000000000003        1.0261286289195023E-005   0.0000000000000000     
   27.300000000000001       -7.9716272387415189E-006   0.0000000000000000     
   27.400000000000002        6.1540760555190425E-006   0.0000000000000000     
   27.500000000000000       -4.7201702070644789E-006   0.0000000000000000     
   27.600000000000001        3.5960943997484479E-006   0.0000000000000000     
   27.700000000000003       -2.7206524977535650E-006   0.0000000000000000     
   27.800000000000001        2.0434420231422967E-006   0.0000000000000000     
   27.900000000000002       -1.5232263469448300E-006   0.0000000000000000     
   28.000000000000000        1.1264963129216183E-006   0.0000000000000000     
   28.100000000000001       -8.2621027150585529E-007   0.0000000000000000     
   28.200000000000003        6.0070002425419915E-007   0.0000000000000000     
   28.300000000000001       -4.3272881518474649E-007   0.0000000000000000     
   28.400000000000002        3.0868701209122111E-007   0.0000000000000000     
   28.500000000000000       -2.1791122008643866E-007   0.0000000000000000     
   28.600000000000001        1.5211253958903071E-007   0.0000000000000000     
   28.700000000000003       -1.0490057825885081E-007   0.0000000000000000     
   28.800000000000001        7.1390549638051217E-008   0.0000000000000000     
   28.900000000000002       -4.7881616784029421E-008   0.0000000000000000     
   29.000000000000000        3.1595944230992525E-008   0.0000000000000000     
   29.100000000000001       -2.0468801815882568E-008   0.0000000000000000     
   29.200000000000003        1.2981269557423975E-008   0.0000000000000000     
   29.300000000000001       -8.0281556378856041E-009   0.0000000000000000     
   29.400000000000002        4.8146564811091380E-009   0.0000000000000000     
   29.500000000000000       -2.7763453274521153E-009   0.0000000000000000     
   29.600000000000001        1.5178361176593505E-009   0.0000000000000000     
   29.700000000000003       -7.6628946587640804E-010   0.0000000000000000     
   29.800000000000001        3.3653189644189817E-010   0.0000000000000000     
   29.900000000000002       -1.0521104037126133E-010   0.0000000000000000     
   30.000000000000000       -8.0752287370124483E-012   0.0000000000000000     
   30.100000000000001        5.4436033368744146E-011   0.0000000000000000     
   30.200000000000003       -6.5369201683844650E-011   0.0000000000000000     
   30.300000000000001        5.9543280052430483E-011   0.0000000000000000     
   30.400000000000002       -4.7463606770013764E-011   0.0000000000000000     
   30.500000000000000        3.4581822153560197E-011   0.0000000000000000     
   30.600000000000001       -2.3384614853642691E-011   0.0000000000000000     
   30.700000000000003        1.4697257061784761E-011   0.0000000000000000     
   30.800000000000001       -8.4875305007252764E-012   0.0000000000000000     
   30.900000000000002        4.3650704001019067E-012   0.0000000000000000     
   31.000000000000000       -1.8250329403712982E-012   0.0000000000000000     
   31.100000000000001        3.9616199617440886E-013   0.0000000000000000     
   31.200000000000003        3.0266939732208715E-013   0.0000000000000000     
   31.300000000000001       -5.6496677765648087E-013   0.0000000000000000     
   31.400000000000002        5.8465790982686292E-013   0.0000000000000000     
   31.500000000000000       -4.9105523320291143E-013   0.0000000000000000     
   31.600000000000001        3.6958119282336148E-013   0.0000000000000000     
   31.700000000000003       -2.4986857128637068E-013   0.0000000000000000     
   31.800000000000001        1.4882357247123910E-013   0.0000000000000000     
   31.900000000000002       -7.9539401277689472E-014   0.0000000000000000     
   32.000000000000000        3.3388928539283163E-014   0.0000000000000000     
   32.100000000000001       -4.8086258665775760E-015   0.0000000000000000     
   32.200000000000003       -9.1001375509879119E-015   0.0000000000000000     
   32.300000000000004        1.3503614620156297E-014   0.0000000000000000     
   32.399999999999999       -1.2910063332438522E-014   0.0000000000000000     
   32.500000000000000        1.0842432262895314E-014   0.0000000000000000     
   32.600000000000001       -8.4840271571072483E-015   0.0000000000000000     
   32.700000000000003        4.5127161623498553E-015   0.0000000000000000     
   32.800000000000004        1.2239362453324597E-015   0.0000000000000000     
   32.899999999999999       -1.4458307618076011E-015   0.0000000000000000     
   33.000000000000000        5.0640125190458542E-016   0.0000000000000000     
   33.100000000000001       -1.7954167946517894E-015   0.0000000000000000     
   33.200000000000003        1.8995637779204133E-015   0.0000000000000000     
   33.300000000000004       -2.1864490460072429E-015   0.0000000000000000     
   33.399999999999999       -2.9870819308522317E-016   0.0000000000000000     
   33.500000000000000        3.6159725056030761E-017   0.0000000000000000     
   33.600000000000001        1.3752616826954374E-015   0.0000000000000000     
   33.700000000000003        8.8397391156170205E-016   0.0000000000000000     
   33.800000000000004       -1.2274177166840038E-015   0.0000000000000000     
   33.899999999999999        5.3369518373506438E-017   0.0000000000000000     
   34.000000000000000        1.5639511900596760E-015   0.0000000000000000     
   34.100000000000001       -4.3130237930428325E-016   0.0000000000000000     
   34.200000000000003       -1.9389863349977567E-015   0.0000000000000000     
   34.300000000000004        1.2038981090893662E-015   0.0000000000000000     
   34.399999999999999        2.2960109037416015E-016   0.0000000000000000     
   34.500000000000000        1.2290405240729863E-015   0.0000000000000000     
   34.600000000000001       -3.1300679998703980E-015   0.0000000000000000     
   34.700000000000003        1.8063896687000687E-015   0.0000000000000000     
   34.800000000000004       -1.9425175602259876E-015   0.0000000000000000     
   34.899999999999999        2.2965528614233805E-015   0.0000000000000000     
   35.000000000000000       -2.9278534012800962E-015   0.0000000000000000     
   35.100000000000001        4.7132144431016251E-015   0.0000000000000000     
   35.200000000000003       -2.7229156832948050E-015   0.0000000000000000     
   35.300000000000004        3.0666009872216843E-015   0.0000000000000000     
   35.399999999999999       -6.0670401786894591E-015   0.0000000000000000     
   35.500000000000000        4.9296184296063278E-015   0.0000000000000000     
   35.600000000000001       -4.8842347872165019E-015   0.0000000000000000     
   35.700000000000003        4.2625972660278289E-015   0.0000000000000000     
   35.800000000000004       -2.3204675527934425E-015   0.0000000000000000     
   35.899999999999999        5.4812160457250352E-015   0.0000000000000000     
   36.000000000000000       -3.5244833570214350E-015   0.0000000000000000     
   36.100000000000001        8.5649412547160953E-016   0.0000000000000000     
   36.200000000000003       -1.9456244981098938E-015   0.0000000000000000     
   36.300000000000004        4.2388981228939160E-016   0.0000000000000000     
   36.399999999999999       -4.4786641820938160E-015   0.0000000000000000     
   36.500000000000000        2.5519523612022831E-015   0.0000000000000000     
   36.600000000000001       -2.5751503294052350E-016   0.0000000000000000     
   36.700000000000003        5.0454390352206550E-015   0.0000000000000000     
   36.800000000000004       -9.5370820022420650E-016   0.0000000000000000     
   36.899999999999999        1.6390798886797825E-015   0.0000000000000000     
   37.000000000000000       -3.8277568121150429E-015   0.0000000000000000     
   37.100000000000001        1.2566052188296071E-015   0.0000000000000000     
   37.200000000000003       -2.6539296911236619E-015   0.0000000000000000     
   37.300000000000004       -8.7996600400351841E-016   0.0000000000000000     
   37.399999999999999        2.2672504645529255E-015   0.0000000000000000     
   37.500000000000000        8.3384101999182915E-017   0.0000000000000000     
   37.600000000000001        5.2334012945010845E-016   0.0000000000000000     
   37.700000000000003       -1.2320937565679441E-015   0.0000000000000000     
   37.800000000000004        3.6344336811987628E-015   0.0000000000000000     
   37.899999999999999       -3.2297879176547394E-015   0.0000000000000000     
   38.000000000000000        1.4211666011829987E-015   0.0000000000000000     
   38.100000000000001       -1.8859725000225580E-015   0.0000000000000000     
   38.200000000000003        4.1192156798244618E-015   0.0000000000000000     
   38.300000000000004       -2.5036012749386523E-015   0.0000000000000000     
   38.400000000000006       -1.5158571511366266E-015   0.0000000000000000     
   38.500000000000000       -2.7876752485050751E-015   0.0000000000000000     
   38.600000000000001        2.3547085434617376E-015   0.0000000000000000     
   38.700000000000003        1.9749737444805398E-017   0.0000000000000000     
   38.800000000000004       -7.2054469258300080E-016   0.0000000000000000     
   38.900000000000006        2.1329520903019275E-015   0.0000000000000000     
   39.000000000000000        3.2021763428886226E-015   0.0000000000000000     
   39.100000000000001        2.1507755578153931E-015   0.0000000000000000     
   39.200000000000003       -3.5453248619217729E-015   0.0000000000000000     
   39.300000000000004       -1.1090480982016372E-015   0.0000000000000000     
   39.400000000000006       -3.8291829813641329E-015   0.0000000000000000     
   39.500000000000000        7.2948283298081354E-016   0.0000000000000000     
   39.600000000000001       -8.9861988689806582E-016   0.0000000000000000     
   39.700000000000003        4.3218446028677587E-015   0.0000000000000000     
   39.800000000000004        4.8376901373270191E-016   0.0000000000000000     
   39.900000000000006       -4.2136017908392347E-016   0.0000000000000000     
   40.000000000000000       -2.4315533816126530E-015   0.0000000000000000     
   40.100000000000001        1.4871536982488592E-016   0.0000000000000000     
   40.200000000000003        8.1345910089224376E-016   0.0000000000000000     
   40.300000000000004       -3.2990716505212649E-016   0.0000000000000000     
   40.400000000000006        4.1508785783085871E-016   0.0000000000000000     
   40.500000000000000       -1.4598308705247181E-015   0.0000000000000000     
   40.600000000000001        4.8057458991545119E-015   0.0000000000000000     
   40.700000000000003       -3.5723739691277464E-015   0.0000000000000000     
   40.800000000000004        2.5895898466654463E-015   0.0000000000000000     
   40.900000000000006       -1.2939829251329653E-015   0.0000000000000000     
   41.000000000000000        4.6631816608410343E-016   0.0000000000000000     
   41.100000000000001       -2.9714302317589821E-015   0.0000000000000000     
   41.200000000000003        9.3184172609983920E-016   0.0000000000000000     
   41.300000000000004        8.5223727880480435E-016   0.0000000000000000     
   41.400000000000006       -1.0645747440099257E-015   0.0000000000000000     
   41.500000000000000        5.3464631993951379E-016   0.0000000000000000     
   41.600000000000001        8.5405693634304060E-017   0.0000000000000000     
   41.700000000000003        1.8578699524811691E-015   0.0000000000000000     
   41.800000000000004       -1.9041200391413737E-015   0.0000000000000000     
   41.900000000000006       -9.3755825720677933E-016   0.0000000000000000     
   42.000000000000000       -1.4371653036305378E-015   0.0000000000000000     
   42.100000000000001        2.3274925846518857E-015   0.0000000000000000     
   42.200000000000003        1.2540499760768688E-015   0.0000000000000000     
   42.300000000000004        1.6310030393000536E-016   0.0000000000000000     
   42.400000000000006        2.8519210202256002E-015   0.0000000000000000     
   42.500000000000000       -2.9507256040368416E-015   0.0000000000000000     
   42.600000000000001       -9.4074354366242809E-016   0.0000000000000000     
   42.700000000000003       -3.5120542010626189E-015   0.0000000000000000     
   42.800000000000004        2.1888676418934405E-015   0.0000000000000000     
   42.900000000000006       -8.4082525654441952E-016   0.0000000000000000     
   43.000000000000000        3.0119295849509191E-015   0.0000000000000000     
   43.100000000000001        1.3683865256193376E-015   0.0000000000000000     
   43.200000000000003        1.1042292498090485E-015   0.0000000000000000     
   43.300000000000004        4.3054815891669065E-016   0.0000000000000000     
   43.400000000000006       -6.3520889302974231E-015   0.0000000000000000     
   43.500000000000000        3.6469515696735937E-016   0.0000000000000000     
   43.600000000000001       -9.5442360649644565E-016   0.0000000000000000     
   43.700000000000003        5.8533144371709210E-016   0.0000000000000000     
   43.800000000000004       -4.6758083600224092E-016   0.0000000000000000     
   43.900000000000006        2.0188470639424422E-015   0.0000000000000000     
   44.000000000000000        4.3162225105991463E-015   0.0000000000000000     
   44.100000000000001       -2.5625916760291178E-015   0.0000000000000000     
   44.200000000000003        1.1350213956141860E-015   0.0000000000000000     
   44.300000000000004       -9.5538836149825929E-016   0.0000000000000000     
   44.400000000000006        1.3733932422219701E-015   0.0000000000000000     
   44.500000000000000       -1.0090220711936781E-015   0.0000000000000000     
   44.600000000000001       -1.6017519153769067E-016   0.0000000000000000     
   44.700000000000003        4.1401380223586028E-016   0.0000000000000000     
   44.800000000000004        1.0275991156769274E-015   0.0000000000000000     
   44.900000000000006       -7.4548598879736138E-016   0.0000000000000000     
   45.000000000000000       -2.0488204192321626E-015   0.0000000000000000     
   45.100000000000001        1.0326430594798147E-015   0.0000000000000000     
   45.200000000000003       -2.6561814445168119E-015   0.0000000000000000     
   45.300000000000004        1.9619521927156878E-015   0.0000000000000000     
   45.400000000000006       -2.6281444294572528E-015   0.0000000000000000     
   45.500000000000000        4.1415708579379876E-015   0.0000000000000000     
   45.600000000000001       -4.8241742745898103E-016   0.0000000000000000     
   45.700000000000003        2.4322141364586904E-015   0.0000000000000000     
   45.800000000000004       -1.5158563849765446E-015   0.0000000000000000     
   45.900000000000006       -3.6269970856533824E-015   0.0000000000000000     
   46.000000000000000        6.3384264856129439E-016   0.0000000000000000     
   46.100000000000001       -3.7040977202162560E-015   0.0000000000000000     
   46.200000000000003       -1.5680337058758621E-015   0.0000000000000000     
   46.300000000000004        6.8992655431693854E-016   0.0000000000000000     
   46.400000000000006        5.2399238691021172E-017   0.0000000000000000     
   46.500000000000000        2.4847120167945068E-015   0.0000000000000000     
   46.600000000000001       -1.5395189690718022E-016   0.0000000000000000     
   46.700000000000003        4.0914429736934013E-015   0.0000000000000000     
   46.800000000000004       -2.7459162351214299E-015   0.0000000000000000     
   46.900000000000006        1.6382617097651411E-015   0.0000000000000000     
   47.000000000000000        8.7253154372273906E-016   0.0000000000000000     
   47.100000000000001       -2.0887816470543453E-015   0.0000000000000000     
   47.200000000000003       -2.2934064788801466E-015   0.0000000000000000     
   47.300000000000004        2.3983257353322477E-015   0.0000000000000000     
   47.400000000000006        1.4637683451682380E-015   0.0000000000000000     
   47.500000000000000       -1.4163475045761938E-015   0.0000000000000000     
   47.600000000000001        2.0010189515970505E-016   0.0000000000000000     
   47.700000000000003        1.0292919522626451E-016   0.0000000000000000     
   47.800000000000004        2.1377498315400407E-017   0.0000000000000000     
   47.900000000000006        1.3144299202525567E-015   0.0000000000000000     
   48.000000000000000       -3.0729403991275559E-015   0.0000000000000000     
   48.100000000000001        1.2019210521348296E-015   0.0000000000000000     
   48.200000000000003        1.8481328067915132E-015   0.0000000000000000     
   48.300000000000004        3.1776989234980358E-015   0.0000000000000000     
   48.400000000000006       -3.0613448519856323E-016   0.0000000000000000     
   48.500000000000000        2.7775168996475135E-016   0.0000000000000000     
   48.600000000000001       -3.3341686377606082E-015   0.0000000000000000     
   48.700000000000003       -3.7059062095896000E-015   0.0000000000000000     
   48.800000000000004       -3.5389752217713436E-015   0.0000000000000000     
   48.900000000000006        3.6967700400118774E-015   0.0000000000000000     
   49.000000000000000        1.6440643157633479E-015   0.0000000000000000     
   49.100000000000001        1.5306412323579156E-015   0.0000000000000000     
   49.200000000000003        3.6793633065214083E-015   0.0000000000000000     
   49.300000000000004       -8.0009875983599646E-016   0.0000000000000000     
   49.400000000000006        4.1650964609835238E-015   0.0000000000000000     
   49.500000000000000       -3.7122593517309204E-015   0.0000000000000000     
   49.600000000000001       -2.9325977376080862E-015   0.0000000000000000     
   49.700000000000003       -2.1447793944903507E-015   0.0000000000000000     
   49.800000000000004       -6.0288930612426341E-016   0.0000000000000000     
   49.900000000000006        5.0654071924799070E-054   0.0000000000000000     
