   0.0000000000000000        8.8982369884980646E-015   0.0000000000000000     
  0.10000000000000001        7.6824373258514609E-015   0.0000000000000000     
  0.20000000000000001       -2.4965388454231402E-015   0.0000000000000000     
  0.30000000000000004        1.7740712382229914E-014   0.0000000000000000     
  0.40000000000000002       -1.1249834199181484E-014   0.0000000000000000     
  0.50000000000000000        2.1772513523319606E-014   0.0000000000000000     
  0.60000000000000009       -2.0489595579748934E-014   0.0000000000000000     
  0.70000000000000007        3.4265520274169385E-014   0.0000000000000000     
  0.80000000000000004       -4.0164874414472211E-014   0.0000000000000000     
  0.90000000000000002        5.1539052098653917E-014   0.0000000000000000     
   1.0000000000000000       -6.5278579061174268E-014   0.0000000000000000     
   1.1000000000000001        8.5925563244291192E-014   0.0000000000000000     
   1.2000000000000002       -1.1060023931648979E-013   0.0000000000000000     
   1.3000000000000000        1.4079587273550814E-013   0.0000000000000000     
   1.4000000000000001       -1.7577246695377766E-013   0.0000000000000000     
   1.5000000000000000        2.2952798378340151E-013   0.0000000000000000     
   1.6000000000000001       -2.9636823923396365E-013   0.0000000000000000     
   1.7000000000000002        3.7615579585506660E-013   0.0000000000000000     
   1.8000000000000000       -4.8120123182873998E-013   0.0000000000000000     
   1.9000000000000001        6.1236381758528578E-013   0.0000000000000000     
   2.0000000000000000       -7.8097891840553557E-013   0.0000000000000000     
   2.1000000000000001        1.0017946182803672E-012   0.0000000000000000     
   2.2000000000000002       -1.2761348201341212E-012   0.0000000000000000     
   2.3000000000000003        1.6248655247060924E-012   0.0000000000000000     
   2.4000000000000004       -2.0701161507842988E-012   0.0000000000000000     
   2.5000000000000000        2.6325162654358531E-012   0.0000000000000000     
   2.6000000000000001       -3.3511520740380482E-012   0.0000000000000000     
   2.7000000000000002        4.2602617215302536E-012   0.0000000000000000     
   2.8000000000000003       -5.4084209991388778E-012   0.0000000000000000     
   2.9000000000000004        6.8671974506474609E-012   0.0000000000000000     
   3.0000000000000000       -8.7097355863044052E-012   0.0000000000000000     
   3.1000000000000001        1.1037597105041999E-011   0.0000000000000000     
   3.2000000000000002       -1.3980589174014731E-011   0.0000000000000000     
   3.3000000000000003        1.7691700158810627E-011   0.0000000000000000     
   3.4000000000000004       -2.2371348008056822E-011   0.0000000000000000     
   3.5000000000000000        2.8265349228076216E-011   0.0000000000000000     
   3.6000000000000001       -3.5683497759087436E-011   0.0000000000000000     
   3.7000000000000002        4.5014833804575815E-011   0.0000000000000000     
   3.8000000000000003       -5.6734338297990779E-011   0.0000000000000000     
   3.9000000000000004        7.1443959064109152E-011   0.0000000000000000     
   4.0000000000000000       -8.9891706203334490E-011   0.0000000000000000     
   4.1000000000000005        1.1300129602400887E-010   0.0000000000000000     
   4.2000000000000002       -1.4192831573783700E-010   0.0000000000000000     
   4.2999999999999998        1.7809856538068822E-010   0.0000000000000000     
   4.4000000000000004       -2.2327901787908485E-010   0.0000000000000000     
   4.5000000000000000        2.7966108133811637E-010   0.0000000000000000     
   4.6000000000000005       -3.4995091372592090E-010   0.0000000000000000     
   4.7000000000000002        4.3749114096725700E-010   0.0000000000000000     
   4.8000000000000007       -5.4639975596220114E-010   0.0000000000000000     
   4.9000000000000004        6.8175159194894268E-010   0.0000000000000000     
   5.0000000000000000       -8.4979149263396986E-010   0.0000000000000000     
   5.1000000000000005        1.0581859908873867E-009   0.0000000000000000     
   5.2000000000000002       -1.3163498590050671E-009   0.0000000000000000     
   5.3000000000000007        1.6358200498959072E-009   0.0000000000000000     
   5.4000000000000004       -2.0307188948318482E-009   0.0000000000000000     
   5.5000000000000000        2.5183122451963124E-009   0.0000000000000000     
   5.6000000000000005       -3.1196713076782973E-009   0.0000000000000000     
   5.7000000000000002        3.8605004927684862E-009   0.0000000000000000     
   5.8000000000000007       -4.7721012253260201E-009   0.0000000000000000     
   5.9000000000000004        5.8925324188163010E-009   0.0000000000000000     
   6.0000000000000000       -7.2680249126883292E-009   0.0000000000000000     
   6.1000000000000005        8.9546365842329811E-009   0.0000000000000000     
   6.2000000000000002       -1.1020274946177879E-008   0.0000000000000000     
   6.3000000000000007        1.3547083163840559E-008   0.0000000000000000     
   6.4000000000000004       -1.6634251901744184E-008   0.0000000000000000     
   6.5000000000000000        2.0401439912396643E-008   0.0000000000000000     
   6.6000000000000005       -2.4992764296487675E-008   0.0000000000000000     
   6.7000000000000002        3.0581533416662874E-008   0.0000000000000000     
   6.8000000000000007       -3.7375912222045871E-008   0.0000000000000000     
   6.9000000000000004        4.5625516098208566E-008   0.0000000000000000     
   7.0000000000000000       -5.5629234112073758E-008   0.0000000000000000     
   7.1000000000000005        6.7744457857751982E-008   0.0000000000000000     
   7.2000000000000002       -8.2397837465965012E-008   0.0000000000000000     
   7.3000000000000007        1.0009796938053435E-007   0.0000000000000000     
   7.4000000000000004       -1.2145020781765687E-007   0.0000000000000000     
   7.5000000000000000        1.4717392428665441E-007   0.0000000000000000     
   7.6000000000000005       -1.7812269966763156E-007   0.0000000000000000     
   7.7000000000000002        2.1530773757792003E-007   0.0000000000000000     
   7.8000000000000007       -2.5992506252751174E-007   0.0000000000000000     
   7.9000000000000004        3.1338707205439047E-007   0.0000000000000000     
   8.0000000000000000       -3.7735894031337525E-007   0.0000000000000000     
   8.0999999999999996        4.5380065969523565E-007   0.0000000000000000     
   8.2000000000000011       -5.4501544602951390E-007   0.0000000000000000     
   8.3000000000000007        6.5370531033062817E-007   0.0000000000000000     
   8.4000000000000004       -7.8303479279319613E-007   0.0000000000000000     
   8.5000000000000000        9.3670381572973449E-007   0.0000000000000000     
   8.5999999999999996       -1.1190308287245473E-006   0.0000000000000000     
   8.7000000000000011        1.3350474759639634E-006   0.0000000000000000     
   8.8000000000000007       -1.5906060749966409E-006   0.0000000000000000     
   8.9000000000000004        1.8925014096073277E-006   0.0000000000000000     
   9.0000000000000000       -2.2486083516336406E-006   0.0000000000000000     
   9.0999999999999996        2.6680369967462535E-006   0.0000000000000000     
   9.2000000000000011       -3.1613071073643167E-006   0.0000000000000000     
   9.3000000000000007        3.7405436748738380E-006   0.0000000000000000     
   9.4000000000000004       -4.4196956420371003E-006   0.0000000000000000     
   9.5000000000000000        5.2147797834897549E-006   0.0000000000000000     
   9.6000000000000014       -6.1441518330354827E-006   0.0000000000000000     
   9.7000000000000011        7.2288070824291655E-006   0.0000000000000000     
   9.8000000000000007       -8.4927125108507581E-006   0.0000000000000000     
   9.9000000000000004        9.9631726380751503E-006   0.0000000000000000     
   10.000000000000000       -1.1671231198863858E-005   0.0000000000000000     
   10.100000000000001        1.3652110533419498E-005   0.0000000000000000     
   10.200000000000001       -1.5945690598905286E-005   0.0000000000000000     
   10.300000000000001        1.8597029107103231E-005   0.0000000000000000     
   10.400000000000000       -2.1656924070682062E-005   0.0000000000000000     
   10.500000000000000        2.5182519770844722E-005   0.0000000000000000     
   10.600000000000001       -2.9237956452000616E-005   0.0000000000000000     
   10.700000000000001        3.3895063675721210E-005   0.0000000000000000     
   10.800000000000001       -3.9234096560620987E-005   0.0000000000000000     
   10.900000000000000        4.5344513222532558E-005   0.0000000000000000     
   11.000000000000000       -5.2325790989557597E-005   0.0000000000000000     
   11.100000000000001        6.0288277747978929E-005   0.0000000000000000     
   11.200000000000001       -6.9354073670734227E-005   0.0000000000000000     
   11.300000000000001        7.9657937287877235E-005   0.0000000000000000     
   11.400000000000000       -9.1348208228453137E-005   0.0000000000000000     
   11.500000000000000        1.0458773752695544E-004   0.0000000000000000     
   11.600000000000001       -1.1955481450389640E-004   0.0000000000000000     
   11.700000000000001        1.3644407735556599E-004   0.0000000000000000     
   11.800000000000001       -1.5546739267037672E-004   0.0000000000000000     
   11.900000000000000        1.7685468680471081E-004   0.0000000000000000     
   12.000000000000000       -2.0085471003489594E-004   0.0000000000000000     
   12.100000000000001        2.2773571204586957E-004   0.0000000000000000     
   12.200000000000001       -2.5778600499236289E-004   0.0000000000000000     
   12.300000000000001        2.9131438832073688E-004   0.0000000000000000     
   12.400000000000000       -3.2865040710125282E-004   0.0000000000000000     
   12.500000000000000        3.7014441365148349E-004   0.0000000000000000     
   12.600000000000001       -4.1616740039786753E-004   0.0000000000000000     
   12.700000000000001        4.6711057008494308E-004   0.0000000000000000     
   12.800000000000001       -5.2338460826648135E-004   0.0000000000000000     
   12.900000000000000        5.8541862190845668E-004   0.0000000000000000     
   13.000000000000000       -6.5365870747562138E-004   0.0000000000000000     
   13.100000000000001        7.2856611199437421E-004   0.0000000000000000     
   13.200000000000001       -8.1061495111705000E-004   0.0000000000000000     
   13.300000000000001        9.0028944980792569E-004   0.0000000000000000     
   13.400000000000000       -9.9808067336874980E-004   0.0000000000000000     
   13.500000000000000        1.1044827196556718E-003   0.0000000000000000     
   13.600000000000001       -1.2199883475267515E-003   0.0000000000000000     
   13.700000000000001        1.3450840214617151E-003   0.0000000000000000     
   13.800000000000001       -1.4802443587347645E-003   0.0000000000000000     
   13.900000000000000        1.6259259727423470E-003   0.0000000000000000     
   14.000000000000000       -1.7825607144234903E-003   0.0000000000000000     
   14.100000000000001        1.9505483236257495E-003   0.0000000000000000     
   14.200000000000001       -2.1302485127640352E-003   0.0000000000000000     
   14.300000000000001        2.3219725169838466E-003   0.0000000000000000     
   14.400000000000000       -2.5259741579588026E-003   0.0000000000000000     
   14.500000000000000        2.7424404819221633E-003   0.0000000000000000     
   14.600000000000001       -2.9714820471185470E-003   0.0000000000000000     
   14.700000000000001        3.2131229506899362E-003   0.0000000000000000     
   14.800000000000001       -3.4672907002059124E-003   0.0000000000000000     
   14.900000000000000        3.7338060505616617E-003   0.0000000000000000     
   15.000000000000000       -4.0123729418595497E-003   0.0000000000000000     
   15.100000000000001        4.3025686884436880E-003   0.0000000000000000     
   15.200000000000001       -4.6038345830232523E-003   0.0000000000000000     
   15.300000000000001        4.9154670920219645E-003   0.0000000000000000     
   15.400000000000000       -5.2366098289452073E-003   0.0000000000000000     
   15.500000000000000        5.5662465012598543E-003   0.0000000000000000     
   15.600000000000001       -5.9031950322554413E-003   0.0000000000000000     
   15.700000000000001        6.2461030624780221E-003   0.0000000000000000     
   15.800000000000001       -6.5934450353733716E-003   0.0000000000000000     
   15.900000000000000        6.9435210678264045E-003   0.0000000000000000     
   16.000000000000000       -7.2944577985502397E-003   0.0000000000000000     
   16.100000000000001        7.6442113953944114E-003   0.0000000000000000     
   16.199999999999999       -7.9905728859183973E-003   0.0000000000000000     
   16.300000000000001        8.3311759546546467E-003   0.0000000000000000     
   16.400000000000002       -8.6635073247557492E-003   0.0000000000000000     
   16.500000000000000        8.9849198111787345E-003   0.0000000000000000     
   16.600000000000001       -9.2926480979898009E-003   0.0000000000000000     
   16.699999999999999        9.5838272532447252E-003   0.0000000000000000     
   16.800000000000001       -9.8555139520920508E-003   0.0000000000000000     
   16.900000000000002        1.0104710332767169E-002   0.0000000000000000     
   17.000000000000000       -1.0328390361207248E-002   0.0000000000000000     
   17.100000000000001        1.0523528529448349E-002   0.0000000000000000     
   17.199999999999999       -1.0687130661137747E-002   0.0000000000000000     
   17.300000000000001        1.0816266545433313E-002   0.0000000000000000     
   17.400000000000002       -1.0908104069717393E-002   0.0000000000000000     
   17.500000000000000        1.0959944472422652E-002   0.0000000000000000     
   17.600000000000001       -1.0969258291334280E-002   0.0000000000000000     
   17.699999999999999        1.0933721541317191E-002   0.0000000000000000     
   17.800000000000001       -1.0851251619276059E-002   0.0000000000000000     
   17.900000000000002        1.0720042404756547E-002   0.0000000000000000     
   18.000000000000000       -1.0538598002984421E-002   0.0000000000000000     
   18.100000000000001        1.0305764564068112E-002   0.0000000000000000     
   18.199999999999999       -1.0020759608770980E-002   0.0000000000000000     
   18.300000000000001        9.6831982981670731E-003   0.0000000000000000     
   18.400000000000002       -9.2931161020186545E-003   0.0000000000000000     
   18.500000000000000        8.8509873497459556E-003   0.0000000000000000     
   18.600000000000001       -8.3577391878470464E-003   0.0000000000000000     
   18.699999999999999        7.8147605185384175E-003   0.0000000000000000     
   18.800000000000001       -7.2239055564207342E-003   0.0000000000000000     
   18.900000000000002        6.5874917115161559E-003   0.0000000000000000     
   19.000000000000000       -5.9082915876769318E-003   0.0000000000000000     
   19.100000000000001        5.1895189741217708E-003   0.0000000000000000     
   19.200000000000003       -4.4348088025324113E-003   0.0000000000000000     
   19.300000000000001        3.6481911418203834E-003   0.0000000000000000     
   19.400000000000002       -2.8340594052105538E-003   0.0000000000000000     
   19.500000000000000        1.9971330474133479E-003   0.0000000000000000     
   19.600000000000001       -1.1424151317735137E-003   0.0000000000000000     
   19.700000000000003        2.7514524583484648E-004   0.0000000000000000     
   19.800000000000001        5.9925166338226218E-004   0.0000000000000000     
   19.900000000000002       -1.4752198779799405E-003   0.0000000000000000     
   20.000000000000000        2.3471301899428000E-003   0.0000000000000000     
   20.100000000000001       -3.2093390788779761E-003   0.0000000000000000     
   20.200000000000003        4.0562489415620837E-003   0.0000000000000000     
   20.300000000000001       -4.8823684927864599E-003   0.0000000000000000     
   20.400000000000002        5.6823724379263581E-003   0.0000000000000000     
   20.500000000000000       -6.4511595152900517E-003   0.0000000000000000     
   20.600000000000001        7.1839080210419279E-003   0.0000000000000000     
   20.700000000000003       -7.8761279617746930E-003   0.0000000000000000     
   20.800000000000001        8.5237090286325867E-003   0.0000000000000000     
   20.900000000000002       -9.1229636520590695E-003   0.0000000000000000     
   21.000000000000000        9.6706644764439475E-003   0.0000000000000000     
   21.100000000000001       -1.0164075687151691E-002   0.0000000000000000     
   21.200000000000003        1.0600977727649044E-002   0.0000000000000000     
   21.300000000000001       -1.0979685058916252E-002   0.0000000000000000     
   21.400000000000002        1.1299056734509769E-002   0.0000000000000000     
   21.500000000000000       -1.1558499690642644E-002   0.0000000000000000     
   21.600000000000001        1.1757964778058603E-002   0.0000000000000000     
   21.700000000000003       -1.1897935688827566E-002   0.0000000000000000     
   21.800000000000001        1.1979411053870912E-002   0.0000000000000000     
   21.900000000000002       -1.2003880103034039E-002   0.0000000000000000     
   22.000000000000000        1.1973292386781950E-002   0.0000000000000000     
   22.100000000000001       -1.1890022154533119E-002   0.0000000000000000     
   22.200000000000003        1.1756828067325750E-002   0.0000000000000000     
   22.300000000000001       -1.1576808990597230E-002   0.0000000000000000     
   22.400000000000002        1.1353356664584585E-002   0.0000000000000000     
   22.500000000000000       -1.1090106084715359E-002   0.0000000000000000     
   22.600000000000001        1.0790884441922102E-002   0.0000000000000000     
   22.700000000000003       -1.0459659472704089E-002   0.0000000000000000     
   22.800000000000001        1.0100488051882536E-002   0.0000000000000000     
   22.900000000000002       -9.7174658278314490E-003   0.0000000000000000     
   23.000000000000000        9.3146786516838664E-003   0.0000000000000000     
   23.100000000000001       -8.8961564904706178E-003   0.0000000000000000     
   23.200000000000003        8.4658304407340922E-003   0.0000000000000000     
   23.300000000000001       -8.0274933762439424E-003   0.0000000000000000     
   23.400000000000002        7.5847646730877218E-003   0.0000000000000000     
   23.500000000000000       -7.1410593599023015E-003   0.0000000000000000     
   23.600000000000001        6.6995619429685432E-003   0.0000000000000000     
   23.700000000000003       -6.2632050571781138E-003   0.0000000000000000     
   23.800000000000001        5.8346529972759320E-003   0.0000000000000000     
   23.900000000000002       -5.4162900911561736E-003   0.0000000000000000     
   24.000000000000000        5.0102137899297417E-003   0.0000000000000000     
   24.100000000000001       -4.6182322704223016E-003   0.0000000000000000     
   24.200000000000003        4.2418662753889724E-003   0.0000000000000000     
   24.300000000000001       -3.8823548563827795E-003   0.0000000000000000     
   24.400000000000002        3.5406646349956114E-003   0.0000000000000000     
   24.500000000000000       -3.2175021599435798E-003   0.0000000000000000     
   24.600000000000001        2.9133289109605641E-003   0.0000000000000000     
   24.700000000000003       -2.6283784851890584E-003   0.0000000000000000     
   24.800000000000001        2.3626754972831772E-003   0.0000000000000000     
   24.900000000000002       -2.1160557304616139E-003   0.0000000000000000     
   25.000000000000000        1.8881870908056425E-003   0.0000000000000000     
   25.100000000000001       -1.6785909406276257E-003   0.0000000000000000     
   25.200000000000003        1.4866634172921080E-003   0.0000000000000000     
   25.300000000000001       -1.3116963801104177E-003   0.0000000000000000     
   25.400000000000002        1.1528976688390043E-003   0.0000000000000000     
   25.500000000000000       -1.0094104009706565E-003   0.0000000000000000     
   25.600000000000001        8.8033108073669417E-004   0.0000000000000000     
   25.700000000000003       -7.6472633892491588E-004   0.0000000000000000     
   25.800000000000001        6.6164816792112062E-004   0.0000000000000000     
   25.900000000000002       -5.7014756048480420E-004   0.0000000000000000     
   26.000000000000000        4.8928650185934013E-004   0.0000000000000000     
   26.100000000000001       -4.1814830279189911E-004   0.0000000000000000     
   26.200000000000003        3.5584629536341064E-004   0.0000000000000000     
   26.300000000000001       -3.0153094300509480E-004   0.0000000000000000     
   26.400000000000002        2.5439544156239725E-004   0.0000000000000000     
   26.500000000000000       -2.1367990882613402E-004   0.0000000000000000     
   26.600000000000001        1.7867427565934030E-004   0.0000000000000000     
   26.700000000000003       -1.4872000361134346E-004   0.0000000000000000     
   26.800000000000001        1.2321076086243939E-004   0.0000000000000000     
   26.900000000000002       -1.0159219166851655E-004   0.0000000000000000     
   27.000000000000000        8.3360914427510602E-005   0.0000000000000000     
   27.100000000000001       -6.8062880005708616E-005   0.0000000000000000     
   27.200000000000003        5.5291216355105181E-005   0.0000000000000000     
   27.300000000000001       -4.4683677458714458E-005   0.0000000000000000     
   27.400000000000002        3.5919805126908746E-005   0.0000000000000000     
   27.500000000000000       -2.8717901685749225E-005   0.0000000000000000     
   27.600000000000001        2.2831900131342275E-005   0.0000000000000000     
   27.700000000000003       -1.8048206827123368E-005   0.0000000000000000     
   27.800000000000001        1.4182580172504750E-005   0.0000000000000000     
   27.900000000000002       -1.1077097450814966E-005   0.0000000000000000     
   28.000000000000000        8.5972514269326447E-006   0.0000000000000000     
   28.100000000000001       -6.6292082445485375E-006   0.0000000000000000     
   28.200000000000003        5.0772493243716078E-006   0.0000000000000000     
   28.300000000000001       -3.8614118443175808E-006   0.0000000000000000     
   28.400000000000002        2.9153354429255985E-006   0.0000000000000000     
   28.500000000000000       -2.1843168673063484E-006   0.0000000000000000     
   28.600000000000001        1.6235693561778096E-006   0.0000000000000000     
   28.700000000000003       -1.1966797633790050E-006   0.0000000000000000     
   28.800000000000001        8.7425320428203668E-007   0.0000000000000000     
   28.900000000000002       -6.3273300049198115E-007   0.0000000000000000     
   29.000000000000000        4.5338225163905212E-007   0.0000000000000000     
   29.100000000000001       -3.2141236215187386E-007   0.0000000000000000     
   29.200000000000003        2.2524380877679181E-007   0.0000000000000000     
   29.300000000000001       -1.5588441258294891E-007   0.0000000000000000     
   29.400000000000002        1.0641091096354401E-007   0.0000000000000000     
   29.500000000000000       -7.1540495680835289E-008   0.0000000000000000     
   29.600000000000001        4.7279734447195933E-008   0.0000000000000000     
   29.700000000000003       -3.0639494737706384E-008   0.0000000000000000     
   29.800000000000001        1.9405597238556042E-008   0.0000000000000000     
   29.900000000000002       -1.1955977448917101E-008   0.0000000000000000     
   30.000000000000000        7.1163549845662173E-009   0.0000000000000000     
   30.100000000000001       -4.0474336016276804E-009   0.0000000000000000     
   30.200000000000003        2.1576321142531276E-009   0.0000000000000000     
   30.300000000000001       -1.0363169522522588E-009   0.0000000000000000     
   30.400000000000002        4.0328631745427123E-010   0.0000000000000000     
   30.500000000000000       -7.1003975289240620E-011   0.0000000000000000     
   30.600000000000001       -8.3259371210428748E-011   0.0000000000000000     
   30.700000000000003        1.3771048647878518E-010   0.0000000000000000     
   30.800000000000001       -1.4057855713473041E-010   0.0000000000000000     
   30.900000000000002        1.2037161197523449E-010   0.0000000000000000     
   31.000000000000000       -9.2976852338977649E-011   0.0000000000000000     
   31.100000000000001        6.6483238231195451E-011   0.0000000000000000     
   31.200000000000003       -4.4372263026468822E-011   0.0000000000000000     
   31.300000000000001        2.7563493001166295E-011   0.0000000000000000     
   31.400000000000002       -1.5694933670844130E-011   0.0000000000000000     
   31.500000000000000        7.8711529772932081E-012   0.0000000000000000     
   31.600000000000001       -3.0868689215704106E-012   0.0000000000000000     
   31.700000000000003        4.2675248055360646E-013   0.0000000000000000     
   31.800000000000001        8.5390577613741083E-013   0.0000000000000000     
   31.900000000000002       -1.2977401298830200E-012   0.0000000000000000     
   32.000000000000000        1.2877181974917071E-012   0.0000000000000000     
   32.100000000000001       -1.0715506293006465E-012   0.0000000000000000     
   32.200000000000003        7.9462780198937014E-013   0.0000000000000000     
   32.300000000000004       -5.3736159427776966E-013   0.0000000000000000     
   32.399999999999999        3.2616624008311129E-013   0.0000000000000000     
   32.500000000000000       -1.7113363676800484E-013   0.0000000000000000     
   32.600000000000001        7.2717251641439590E-014   0.0000000000000000     
   32.700000000000003       -1.5928641167884942E-014   0.0000000000000000     
   32.800000000000004       -1.6168604355263204E-014   0.0000000000000000     
   32.899999999999999        2.9378937093623576E-014   0.0000000000000000     
   33.000000000000000       -2.8928496852600395E-014   0.0000000000000000     
   33.100000000000001        2.4548549382954397E-014   0.0000000000000000     
   33.200000000000003       -1.8479011231920447E-014   0.0000000000000000     
   33.300000000000004        1.3331978571437703E-014   0.0000000000000000     
   33.399999999999999       -6.3417897037348352E-015   0.0000000000000000     
   33.500000000000000        9.5418586437953643E-016   0.0000000000000000     
   33.600000000000001       -7.6231608377708549E-016   0.0000000000000000     
   33.700000000000003       -2.1885779499814106E-015   0.0000000000000000     
   33.800000000000004        2.9609086650724849E-015   0.0000000000000000     
   33.899999999999999       -2.9040158166114024E-015   0.0000000000000000     
   34.000000000000000        4.9090498526116633E-015   0.0000000000000000     
   34.100000000000001       -8.2804208598201277E-016   0.0000000000000000     
   34.200000000000003       -5.9395905931609247E-016   0.0000000000000000     
   34.300000000000004       -1.5566052688292455E-015   0.0000000000000000     
   34.399999999999999       -1.1199716099172389E-015   0.0000000000000000     
   34.500000000000000        3.3646093177201869E-017   0.0000000000000000     
   34.600000000000001       -5.6491571577088286E-016   0.0000000000000000     
   34.700000000000003        1.6974262314630693E-015   0.0000000000000000     
   34.800000000000004        1.8802351086084869E-015   0.0000000000000000     
   34.899999999999999        2.1730735298864247E-015   0.0000000000000000     
   35.000000000000000       -5.1267972747854735E-016   0.0000000000000000     
   35.100000000000001       -2.4184102505808002E-015   0.0000000000000000     
   35.200000000000003       -3.2777126218863298E-015   0.0000000000000000     
   35.300000000000004        1.8527674103400480E-015   0.0000000000000000     
   35.399999999999999       -1.6778757197247977E-015   0.0000000000000000     
   35.500000000000000        1.9229404123694289E-015   0.0000000000000000     
   35.600000000000001       -1.5928211921601561E-015   0.0000000000000000     
   35.700000000000003        4.4187426574576449E-015   0.0000000000000000     
   35.800000000000004       -2.9750451093782610E-015   0.0000000000000000     
   35.899999999999999        4.0892498947163437E-015   0.0000000000000000     
   36.000000000000000       -3.6565122563506201E-015   0.0000000000000000     
   36.100000000000001        1.7432554800850819E-015   0.0000000000000000     
   36.200000000000003       -5.4379238694364535E-015   0.0000000000000000     
   36.300000000000004        6.2908982911489767E-015   0.0000000000000000     
   36.399999999999999       -3.4454354396771700E-015   0.0000000000000000     
   36.500000000000000        3.9341888887137437E-015   0.0000000000000000     
   36.600000000000001       -6.1246327515883247E-015   0.0000000000000000     
   36.700000000000003        2.3535230167015425E-015   0.0000000000000000     
   36.800000000000004       -2.0454787908575361E-015   0.0000000000000000     
   36.899999999999999        4.2908681104539474E-015   0.0000000000000000     
   37.000000000000000       -4.7148360492093875E-016   0.0000000000000000     
   37.100000000000001        3.5723354047827714E-015   0.0000000000000000     
   37.200000000000003       -1.4067235492774108E-015   0.0000000000000000     
   37.300000000000004       -1.6962380592913265E-015   0.0000000000000000     
   37.399999999999999       -5.4148066213548204E-015   0.0000000000000000     
   37.500000000000000        2.5670930053326598E-015   0.0000000000000000     
   37.600000000000001       -1.9163957615145014E-015   0.0000000000000000     
   37.700000000000003        1.9543827212601666E-015   0.0000000000000000     
   37.800000000000004       -8.5306742944034149E-016   0.0000000000000000     
   37.899999999999999        5.1029755591264643E-015   0.0000000000000000     
   38.000000000000000        4.3495888923110553E-016   0.0000000000000000     
   38.100000000000001       -1.7042577788063057E-015   0.0000000000000000     
   38.200000000000003       -1.1812945597313927E-015   0.0000000000000000     
   38.300000000000004       -5.7910428021889529E-016   0.0000000000000000     
   38.400000000000006        1.8074143749816849E-015   0.0000000000000000     
   38.500000000000000       -3.4211088804431646E-015   0.0000000000000000     
   38.600000000000001        2.1539974505504052E-015   0.0000000000000000     
   38.700000000000003       -1.3545524596458772E-015   0.0000000000000000     
   38.800000000000004        2.9378184972759422E-015   0.0000000000000000     
   38.900000000000006       -3.4764144795090725E-015   0.0000000000000000     
   39.000000000000000        2.5453498770227118E-015   0.0000000000000000     
   39.100000000000001       -1.2339062074387732E-015   0.0000000000000000     
   39.200000000000003        1.2496231874978813E-016   0.0000000000000000     
   39.300000000000004       -2.7174236759931392E-015   0.0000000000000000     
   39.400000000000006        1.8113604033853688E-015   0.0000000000000000     
   39.500000000000000        9.7267308182391655E-016   0.0000000000000000     
   39.600000000000001        6.8008584334718626E-016   0.0000000000000000     
   39.700000000000003        1.3998495199974555E-015   0.0000000000000000     
   39.800000000000004       -8.2146531802966840E-016   0.0000000000000000     
   39.900000000000006        9.6871603675471401E-016   0.0000000000000000     
   40.000000000000000       -2.3693284749842867E-015   0.0000000000000000     
   40.100000000000001       -1.0748212165210358E-015   0.0000000000000000     
   40.200000000000003       -1.3611501018362923E-015   0.0000000000000000     
   40.300000000000004        5.1382054268561009E-015   0.0000000000000000     
   40.400000000000006       -1.3828327471866750E-015   0.0000000000000000     
   40.500000000000000        2.4488953308038282E-016   0.0000000000000000     
   40.600000000000001       -8.8067860545894221E-016   0.0000000000000000     
   40.700000000000003       -1.4700024813754829E-016   0.0000000000000000     
   40.800000000000004       -3.3293344747241050E-015   0.0000000000000000     
   40.900000000000006       -5.7712192550123694E-016   0.0000000000000000     
   41.000000000000000        2.4862145021248207E-015   0.0000000000000000     
   41.100000000000001        1.1927670748467770E-015   0.0000000000000000     
   41.200000000000003        2.8446666291572488E-015   0.0000000000000000     
   41.300000000000004       -1.2814466149768873E-015   0.0000000000000000     
   41.400000000000006        1.6600294782266933E-015   0.0000000000000000     
   41.500000000000000       -4.3576475736197014E-015   0.0000000000000000     
   41.600000000000001        4.2308631241145659E-016   0.0000000000000000     
   41.700000000000003       -3.5704037812828140E-015   0.0000000000000000     
   41.800000000000004        3.8148708129006844E-015   0.0000000000000000     
   41.900000000000006       -2.3740422490471024E-016   0.0000000000000000     
   42.000000000000000        1.4144237919768964E-015   0.0000000000000000     
   42.100000000000001        1.9422746461254862E-015   0.0000000000000000     
   42.200000000000003       -3.4417754686102484E-016   0.0000000000000000     
   42.300000000000004       -8.3810268997727347E-017   0.0000000000000000     
   42.400000000000006       -3.0527657933527772E-015   0.0000000000000000     
   42.500000000000000        1.5573464606609667E-016   0.0000000000000000     
   42.600000000000001       -1.4521095148726800E-015   0.0000000000000000     
   42.700000000000003       -5.7342046661887715E-016   0.0000000000000000     
   42.800000000000004       -3.5865291550121948E-016   0.0000000000000000     
   42.900000000000006        2.5953291838351404E-015   0.0000000000000000     
   43.000000000000000        7.8540796495628246E-016   0.0000000000000000     
   43.100000000000001       -1.0176592485128883E-015   0.0000000000000000     
   43.200000000000003        1.2027185845654613E-015   0.0000000000000000     
   43.300000000000004       -1.1586662868085419E-015   0.0000000000000000     
   43.400000000000006        2.3313959887359718E-015   0.0000000000000000     
   43.500000000000000       -2.5768428444820215E-015   0.0000000000000000     
   43.600000000000001        3.0636847068223449E-015   0.0000000000000000     
   43.700000000000003        1.1164106595385375E-015   0.0000000000000000     
   43.800000000000004        1.3130943668520770E-015   0.0000000000000000     
   43.900000000000006       -3.8114882230536942E-015   0.0000000000000000     
   44.000000000000000       -1.4020019265382128E-015   0.0000000000000000     
   44.100000000000001        2.7416588267104775E-015   0.0000000000000000     
   44.200000000000003       -3.1787494227346300E-015   0.0000000000000000     
   44.300000000000004       -1.0587186867900313E-015   0.0000000000000000     
   44.400000000000006       -9.0467032303497934E-016   0.0000000000000000     
   44.500000000000000        4.6558556579349017E-015   0.0000000000000000     
   44.600000000000001        1.1015107381085826E-015   0.0000000000000000     
   44.700000000000003        2.7060407835239542E-016   0.0000000000000000     
   44.800000000000004       -2.5490165888853305E-017   0.0000000000000000     
   44.900000000000006       -3.1853940961493379E-015   0.0000000000000000     
   45.000000000000000        1.6351446740170956E-015   0.0000000000000000     
   45.100000000000001       -4.3947623059305119E-015   0.0000000000000000     
   45.200000000000003        1.3649021493045384E-016   0.0000000000000000     
   45.300000000000004       -1.7821982058984723E-015   0.0000000000000000     
   45.400000000000006       -1.6714567940965079E-015   0.0000000000000000     
   45.500000000000000        4.5423485078722609E-016   0.0000000000000000     
   45.600000000000001        2.4041399788900452E-015   0.0000000000000000     
   45.700000000000003        3.1868188941090382E-015   0.0000000000000000     
   45.800000000000004       -8.7396986153714133E-016   0.0000000000000000     
   45.900000000000006        1.3127129203166822E-016   0.0000000000000000     
   46.000000000000000       -2.7776702304948075E-015   0.0000000000000000     
   46.100000000000001        1.8484643851500986E-015   0.0000000000000000     
   46.200000000000003       -1.3322626244681403E-015   0.0000000000000000     
   46.300000000000004        3.6858627228249052E-015   0.0000000000000000     
   46.400000000000006       -1.3808795629927384E-015   0.0000000000000000     
   46.500000000000000        2.0962739901926593E-015   0.0000000000000000     
   46.600000000000001       -1.8459217657308768E-015   0.0000000000000000     
   46.700000000000003       -9.3248784096822193E-016   0.0000000000000000     
   46.800000000000004        6.8032697920966206E-017   0.0000000000000000     
   46.900000000000006       -3.8116080127993068E-015   0.0000000000000000     
   47.000000000000000        2.0055660635844217E-015   0.0000000000000000     
   47.100000000000001        2.6184228004290346E-015   0.0000000000000000     
   47.200000000000003        1.8994540006769281E-015   0.0000000000000000     
   47.300000000000004        2.2793974498113885E-015   0.0000000000000000     
   47.400000000000006       -1.7590907551984516E-016   0.0000000000000000     
   47.500000000000000        2.8668326439918350E-015   0.0000000000000000     
   47.600000000000001       -6.6343285634279021E-015   0.0000000000000000     
   47.700000000000003       -2.6752344764614077E-015   0.0000000000000000     
   47.800000000000004       -3.4011702575014743E-015   0.0000000000000000     
   47.900000000000006        1.7627168620429594E-015   0.0000000000000000     
   48.000000000000000        3.7065933899705916E-015   0.0000000000000000     
   48.100000000000001        1.2769975223841490E-015   0.0000000000000000     
   48.200000000000003        1.2416044236671088E-015   0.0000000000000000     
   48.300000000000004        5.0246828921667559E-016   0.0000000000000000     
   48.400000000000006       -4.8021775164350625E-016   0.0000000000000000     
   48.500000000000000       -2.3602916920760491E-016   0.0000000000000000     
   48.600000000000001        4.2451105073918207E-016   0.0000000000000000     
   48.700000000000003        1.4051479096489801E-015   0.0000000000000000     
   48.800000000000004       -1.8028157865078685E-015   0.0000000000000000     
   48.900000000000006       -8.3809690119433937E-016   0.0000000000000000     
   49.000000000000000       -2.3137828641249467E-015   0.0000000000000000     
   49.100000000000001        2.3107501721642966E-015   0.0000000000000000     
   49.200000000000003       -9.9939364612147877E-016   0.0000000000000000     
   49.300000000000004       -8.3925865370238406E-016   0.0000000000000000     
   49.400000000000006       -1.4877255084091597E-015   0.0000000000000000     
   49.500000000000000        4.0375094186496324E-015   0.0000000000000000     
   49.600000000000001        4.4444871644706265E-015   0.0000000000000000     
   49.700000000000003        3.3798235822172714E-015   0.0000000000000000     
   49.800000000000004       -1.6649014361852939E-015   0.0000000000000000     
   49.900000000000006        5.0654071924799070E-054   0.0000000000000000     
