   0.0000000000000000        2.0013953366339792E-015   0.0000000000000000     
  0.10000000000000001        7.0920793319392639E-017   0.0000000000000000     
  0.20000000000000001       -2.1938925412183067E-015   0.0000000000000000     
  0.30000000000000004       -3.7653646909388226E-015   0.0000000000000000     
  0.40000000000000002        4.4877235745564213E-017   0.0000000000000000     
  0.50000000000000000        2.1729513601525445E-015   0.0000000000000000     
  0.60000000000000009       -1.0242334095188428E-015   0.0000000000000000     
  0.70000000000000007        1.0539931030643278E-015   0.0000000000000000     
  0.80000000000000004        2.0468369540201867E-015   0.0000000000000000     
  0.90000000000000002       -1.4423599591344710E-017   0.0000000000000000     
   1.0000000000000000        1.4426307201839637E-015   0.0000000000000000     
   1.1000000000000001       -4.9370961573174438E-016   0.0000000000000000     
   1.2000000000000002       -4.4432096571932281E-015   0.0000000000000000     
   1.3000000000000000       -2.4248984617039963E-015   0.0000000000000000     
   1.4000000000000001        1.1917592802644041E-015   0.0000000000000000     
   1.5000000000000000        2.1816967103034816E-015   0.0000000000000000     
   1.6000000000000001        1.4355815769975519E-015   0.0000000000000000     
   1.7000000000000002        1.6367099447674025E-015   0.0000000000000000     
   1.8000000000000000        1.6418487191185385E-015   0.0000000000000000     
   1.9000000000000001       -2.0814143996957940E-015   0.0000000000000000     
   2.0000000000000000       -3.1713194599323068E-015   0.0000000000000000     
   2.1000000000000001       -5.6692105152027879E-016   0.0000000000000000     
   2.2000000000000002       -2.9137448590826715E-016   0.0000000000000000     
   2.3000000000000003        1.5870993855816577E-016   0.0000000000000000     
   2.4000000000000004        8.1614972184481859E-016   0.0000000000000000     
   2.5000000000000000        1.2587403758266146E-015   0.0000000000000000     
   2.6000000000000001        1.8941441696864373E-015   0.0000000000000000     
   2.7000000000000002        7.1426652227859071E-016   0.0000000000000000     
   2.8000000000000003       -3.4439930658428717E-016   0.0000000000000000     
   2.9000000000000004       -2.2024606286815675E-015   0.0000000000000000     
   3.0000000000000000       -2.1175873387317525E-015   0.0000000000000000     
   3.1000000000000001        6.1931586181355546E-016   0.0000000000000000     
   3.2000000000000002       -3.9839719814234428E-016   0.0000000000000000     
   3.3000000000000003        4.3992508724901747E-016   0.0000000000000000     
   3.4000000000000004        2.3969506804853647E-015   0.0000000000000000     
   3.5000000000000000       -6.9109546042640511E-016   0.0000000000000000     
   3.6000000000000001       -8.7071898058281720E-016   0.0000000000000000     
   3.7000000000000002        8.8750993825525347E-016   0.0000000000000000     
   3.8000000000000003        4.4399633819732773E-016   0.0000000000000000     
   3.9000000000000004        5.9342729476115220E-016   0.0000000000000000     
   4.0000000000000000       -9.5657206425119499E-016   0.0000000000000000     
   4.1000000000000005       -1.3179841301226375E-015   0.0000000000000000     
   4.2000000000000002        8.9261291937872667E-016   0.0000000000000000     
   4.2999999999999998        1.2556953274259077E-016   0.0000000000000000     
   4.4000000000000004       -1.1878898648607028E-015   0.0000000000000000     
   4.5000000000000000       -1.4118400828540318E-016   0.0000000000000000     
   4.6000000000000005        3.5059787859455348E-016   0.0000000000000000     
   4.7000000000000002       -1.9242669243291690E-017   0.0000000000000000     
   4.8000000000000007        6.8764410068303080E-016   0.0000000000000000     
   4.9000000000000004        4.3131026130462980E-016   0.0000000000000000     
   5.0000000000000000       -5.1725047750729103E-016   0.0000000000000000     
   5.1000000000000005        1.6594786666634778E-015   0.0000000000000000     
   5.2000000000000002        1.3275371759469194E-015   0.0000000000000000     
   5.3000000000000007       -2.5146390087910533E-015   0.0000000000000000     
   5.4000000000000004       -1.3158561124768591E-015   0.0000000000000000     
   5.5000000000000000        1.0247917008953432E-015   0.0000000000000000     
   5.6000000000000005       -2.9322656477163301E-016   0.0000000000000000     
   5.7000000000000002       -1.2086112770459493E-015   0.0000000000000000     
   5.8000000000000007       -3.4141363894940111E-016   0.0000000000000000     
   5.9000000000000004        1.4569505431329970E-015   0.0000000000000000     
   6.0000000000000000        1.7692046837768205E-015   0.0000000000000000     
   6.1000000000000005       -2.1636846588137578E-016   0.0000000000000000     
   6.2000000000000002       -1.5711064874969848E-015   0.0000000000000000     
   6.3000000000000007       -1.0713262971602210E-016   0.0000000000000000     
   6.4000000000000004        1.7691128265891717E-015   0.0000000000000000     
   6.5000000000000000        4.3134644708384422E-016   0.0000000000000000     
   6.6000000000000005       -1.5560562980891939E-015   0.0000000000000000     
   6.7000000000000002       -1.8726161968024643E-015   0.0000000000000000     
   6.8000000000000007       -2.0336437036534098E-016   0.0000000000000000     
   6.9000000000000004        2.3823517196249596E-015   0.0000000000000000     
   7.0000000000000000        5.3627122422563482E-016   0.0000000000000000     
   7.1000000000000005       -1.7748658903002708E-015   0.0000000000000000     
   7.2000000000000002        5.3126487532283412E-016   0.0000000000000000     
   7.3000000000000007        6.7063039924528735E-016   0.0000000000000000     
   7.4000000000000004       -1.1139856329203207E-015   0.0000000000000000     
   7.5000000000000000       -7.7569284171323475E-017   0.0000000000000000     
   7.6000000000000005        8.5314718466971102E-016   0.0000000000000000     
   7.7000000000000002        4.6369195338868888E-016   0.0000000000000000     
   7.8000000000000007       -4.7363588991063526E-016   0.0000000000000000     
   7.9000000000000004       -1.0628863950273234E-015   0.0000000000000000     
   8.0000000000000000       -4.8180858752458146E-017   0.0000000000000000     
   8.0999999999999996        1.9531788238250180E-016   0.0000000000000000     
   8.2000000000000011        5.3613997119648691E-016   0.0000000000000000     
   8.3000000000000007        1.3528564189521698E-015   0.0000000000000000     
   8.4000000000000004       -7.5435585173800479E-016   0.0000000000000000     
   8.5000000000000000       -6.7714303710775315E-016   0.0000000000000000     
   8.5999999999999996        9.5037675076225624E-016   0.0000000000000000     
   8.7000000000000011       -1.6681674924642018E-015   0.0000000000000000     
   8.8000000000000007       -6.7918160356360216E-016   0.0000000000000000     
   8.9000000000000004        2.1554033309715501E-015   0.0000000000000000     
   9.0000000000000000       -7.9085658396437928E-016   0.0000000000000000     
   9.0999999999999996       -1.2715196492282361E-015   0.0000000000000000     
   9.2000000000000011        1.9794185022082280E-015   0.0000000000000000     
   9.3000000000000007        1.7732141177230671E-015   0.0000000000000000     
   9.4000000000000004       -7.1395899788978066E-016   0.0000000000000000     
   9.5000000000000000       -1.2911392406174519E-015   0.0000000000000000     
   9.6000000000000014       -6.1460551693410280E-016   0.0000000000000000     
   9.7000000000000011       -1.3268499375145133E-015   0.0000000000000000     
   9.8000000000000007       -3.1163488284565884E-016   0.0000000000000000     
   9.9000000000000004        1.1746049573844834E-015   0.0000000000000000     
   10.000000000000000        1.6686401466559208E-016   0.0000000000000000     
   10.100000000000001        2.0242355069582923E-015   0.0000000000000000     
   10.200000000000001        2.2876649222967777E-015   0.0000000000000000     
   10.300000000000001       -1.6464438042481137E-015   0.0000000000000000     
   10.400000000000000       -9.9675364138051922E-016   0.0000000000000000     
   10.500000000000000       -1.6126996608062923E-016   0.0000000000000000     
   10.600000000000001       -1.8646984090765152E-015   0.0000000000000000     
   10.700000000000001       -2.3281434238876759E-016   0.0000000000000000     
   10.800000000000001       -1.5551884511582985E-016   0.0000000000000000     
   10.900000000000000       -1.2476658912041084E-015   0.0000000000000000     
   11.000000000000000        2.0605688315505267E-015   0.0000000000000000     
   11.100000000000001        2.8926115046119357E-015   0.0000000000000000     
   11.200000000000001       -6.6639287099417669E-016   0.0000000000000000     
   11.300000000000001       -9.1659900325146173E-016   0.0000000000000000     
   11.400000000000000        7.9156599168651440E-016   0.0000000000000000     
   11.500000000000000       -7.8380696838493121E-016   0.0000000000000000     
   11.600000000000001       -2.2407816397219571E-015   0.0000000000000000     
   11.700000000000001        5.1201678660512661E-016   0.0000000000000000     
   11.800000000000001        2.5869397801291971E-015   0.0000000000000000     
   11.900000000000000        5.2183436134045744E-016   0.0000000000000000     
   12.000000000000000       -6.8141197775933960E-016   0.0000000000000000     
   12.100000000000001       -1.1614910358309051E-015   0.0000000000000000     
   12.200000000000001       -2.0070578834861924E-015   0.0000000000000000     
   12.300000000000001        2.3335016014532209E-016   0.0000000000000000     
   12.400000000000000        4.0841849965604399E-016   0.0000000000000000     
   12.500000000000000       -1.1402512431358725E-015   0.0000000000000000     
   12.600000000000001        1.6878450708414342E-015   0.0000000000000000     
   12.700000000000001        2.1887463091095273E-015   0.0000000000000000     
   12.800000000000001       -3.2561620959848519E-017   0.0000000000000000     
   12.900000000000000        7.1690287794720664E-019   0.0000000000000000     
   13.000000000000000       -1.5296494187307037E-016   0.0000000000000000     
   13.100000000000001        2.3641856429921287E-016   0.0000000000000000     
   13.200000000000001       -4.7170102507571760E-016   0.0000000000000000     
   13.300000000000001       -1.9964581106850220E-015   0.0000000000000000     
   13.400000000000000       -5.2185695269022229E-016   0.0000000000000000     
   13.500000000000000        6.9525850592431175E-017   0.0000000000000000     
   13.600000000000001       -3.5849784630508700E-016   0.0000000000000000     
   13.700000000000001        6.4589859452710684E-016   0.0000000000000000     
   13.800000000000001        1.5955025012766035E-015   0.0000000000000000     
   13.900000000000000        1.2511084216306223E-015   0.0000000000000000     
   14.000000000000000       -4.3954779467280378E-016   0.0000000000000000     
   14.100000000000001       -4.3999479124312823E-016   0.0000000000000000     
   14.200000000000001       -4.7733498969674569E-016   0.0000000000000000     
   14.300000000000001       -8.7985375491151170E-016   0.0000000000000000     
   14.400000000000000        1.0364332307846253E-015   0.0000000000000000     
   14.500000000000000       -2.4266652252944988E-017   0.0000000000000000     
   14.600000000000001       -1.6248254159104315E-015   0.0000000000000000     
   14.700000000000001        3.9240776413302107E-016   0.0000000000000000     
   14.800000000000001        6.8445157186554967E-016   0.0000000000000000     
   14.900000000000000       -7.4403573890635937E-017   0.0000000000000000     
   15.000000000000000       -7.5205393430440636E-016   0.0000000000000000     
   15.100000000000001       -3.7532619625337497E-016   0.0000000000000000     
   15.200000000000001        2.7799922460299270E-015   0.0000000000000000     
   15.300000000000001        2.7491550485374400E-015   0.0000000000000000     
   15.400000000000000       -5.5091482650306819E-016   0.0000000000000000     
   15.500000000000000       -1.9258834210410063E-015   0.0000000000000000     
   15.600000000000001       -1.7235106805795135E-015   0.0000000000000000     
   15.700000000000001       -1.3276844049548674E-015   0.0000000000000000     
   15.800000000000001       -1.1063850359816129E-015   0.0000000000000000     
   15.900000000000000       -4.9827127160590976E-016   0.0000000000000000     
   16.000000000000000        2.2861076205793999E-016   0.0000000000000000     
   16.100000000000001        5.2788240579533131E-016   0.0000000000000000     
   16.199999999999999        7.0735754554545222E-016   0.0000000000000000     
   16.300000000000001        9.8870679660474703E-016   0.0000000000000000     
   16.400000000000002        2.2349245265506288E-015   0.0000000000000000     
   16.500000000000000        2.5397961053015345E-015   0.0000000000000000     
   16.600000000000001        1.4448008592562788E-016   0.0000000000000000     
   16.699999999999999       -1.4055858838967376E-015   0.0000000000000000     
   16.800000000000001       -7.7026384969906447E-016   0.0000000000000000     
   16.900000000000002       -1.2107538771010808E-015   0.0000000000000000     
   17.000000000000000       -3.1032385427054405E-015   0.0000000000000000     
   17.100000000000001       -2.4760529885620043E-015   0.0000000000000000     
   17.199999999999999        3.0915561110971172E-016   0.0000000000000000     
   17.300000000000001        2.0155161823783359E-015   0.0000000000000000     
   17.400000000000002        1.8526806577023770E-015   0.0000000000000000     
   17.500000000000000        1.0749966313793473E-015   0.0000000000000000     
   17.600000000000001        5.1455842935906196E-016   0.0000000000000000     
   17.699999999999999        2.7733024043284336E-016   0.0000000000000000     
   17.800000000000001       -4.8168851717956047E-016   0.0000000000000000     
   17.900000000000002        1.0879091465487486E-015   0.0000000000000000     
   18.000000000000000        3.1253006689821131E-016   0.0000000000000000     
   18.100000000000001       -2.1392043652085071E-015   0.0000000000000000     
   18.199999999999999       -2.5993736593810096E-015   0.0000000000000000     
   18.300000000000001       -1.4517599424035974E-016   0.0000000000000000     
   18.400000000000002       -7.1209066909269821E-016   0.0000000000000000     
   18.500000000000000        1.6635086221293172E-015   0.0000000000000000     
   18.600000000000001        1.0988750703450031E-015   0.0000000000000000     
   18.699999999999999        3.2415371410366440E-015   0.0000000000000000     
   18.800000000000001       -1.4522358896595316E-015   0.0000000000000000     
   18.900000000000002        1.5693593617465261E-015   0.0000000000000000     
   19.000000000000000       -1.5213812189815023E-015   0.0000000000000000     
   19.100000000000001        1.7367461872652849E-015   0.0000000000000000     
   19.200000000000003       -7.3785098496714577E-015   0.0000000000000000     
   19.300000000000001        5.8331993488390069E-015   0.0000000000000000     
   19.400000000000002       -6.1165859796499447E-015   0.0000000000000000     
   19.500000000000000        8.1556949991918961E-015   0.0000000000000000     
   19.600000000000001       -1.1358437578192528E-014   0.0000000000000000     
   19.700000000000003        1.4616650356737289E-014   0.0000000000000000     
   19.800000000000001       -1.6903107775268792E-014   0.0000000000000000     
   19.900000000000002        2.4988438937291013E-014   0.0000000000000000     
   20.000000000000000       -3.0393777680878670E-014   0.0000000000000000     
   20.100000000000001        3.7289386782863860E-014   0.0000000000000000     
   20.200000000000003       -4.8640173217320680E-014   0.0000000000000000     
   20.300000000000001        6.1938151588934784E-014   0.0000000000000000     
   20.400000000000002       -8.0139560763726677E-014   0.0000000000000000     
   20.500000000000000        1.0013784065420769E-013   0.0000000000000000     
   20.600000000000001       -1.2576445058914160E-013   0.0000000000000000     
   20.700000000000003        1.6164196263717123E-013   0.0000000000000000     
   20.800000000000001       -2.0474397273460768E-013   0.0000000000000000     
   20.900000000000002        2.6215510688449188E-013   0.0000000000000000     
   21.000000000000000       -3.3200517543910584E-013   0.0000000000000000     
   21.100000000000001        4.1922955036603758E-013   0.0000000000000000     
   21.200000000000003       -5.3051431147773855E-013   0.0000000000000000     
   21.300000000000001        6.6864405999093915E-013   0.0000000000000000     
   21.400000000000002       -8.5011245528425422E-013   0.0000000000000000     
   21.500000000000000        1.0754229925990228E-012   0.0000000000000000     
   21.600000000000001       -1.3561395052267786E-012   0.0000000000000000     
   21.700000000000003        1.7101274818815640E-012   0.0000000000000000     
   21.800000000000001       -2.1576507849624642E-012   0.0000000000000000     
   21.900000000000002        2.7223953249306573E-012   0.0000000000000000     
   22.000000000000000       -3.4254591620533872E-012   0.0000000000000000     
   22.100000000000001        4.3101319348390099E-012   0.0000000000000000     
   22.200000000000003       -5.4234307586125355E-012   0.0000000000000000     
   22.300000000000001        6.8119076400795483E-012   0.0000000000000000     
   22.400000000000002       -8.5529425778431849E-012   0.0000000000000000     
   22.500000000000000        1.0733502512739960E-011   0.0000000000000000     
   22.600000000000001       -1.3455136187729388E-011   0.0000000000000000     
   22.700000000000003        1.6851221730145385E-011   0.0000000000000000     
   22.800000000000001       -2.1092531282003163E-011   0.0000000000000000     
   22.900000000000002        2.6382705107100284E-011   0.0000000000000000     
   23.000000000000000       -3.2964667577792948E-011   0.0000000000000000     
   23.100000000000001        4.1159737163416981E-011   0.0000000000000000     
   23.200000000000003       -5.1342700622312469E-011   0.0000000000000000     
   23.300000000000001        6.3997414654732601E-011   0.0000000000000000     
   23.400000000000002       -7.9702942205689741E-011   0.0000000000000000     
   23.500000000000000        9.9173055399199294E-011   0.0000000000000000     
   23.600000000000001       -1.2329513686763692E-010   0.0000000000000000     
   23.700000000000003        1.5314735721327332E-010   0.0000000000000000     
   23.800000000000001       -1.9005986878689081E-010   0.0000000000000000     
   23.900000000000002        2.3565609666783203E-010   0.0000000000000000     
   24.000000000000000       -2.9192919629950842E-010   0.0000000000000000     
   24.100000000000001        3.6130728912789804E-010   0.0000000000000000     
   24.200000000000003       -4.4676754568695320E-010   0.0000000000000000     
   24.300000000000001        5.5192627621325023E-010   0.0000000000000000     
   24.400000000000002       -6.8120094578500335E-010   0.0000000000000000     
   24.500000000000000        8.3996515163067269E-010   0.0000000000000000     
   24.600000000000001       -1.0347447360509687E-009   0.0000000000000000     
   24.700000000000003        1.2734755669579527E-009   0.0000000000000000     
   24.800000000000001       -1.5657761989881236E-009   0.0000000000000000     
   24.900000000000002        1.9232972196649131E-009   0.0000000000000000     
   25.000000000000000       -2.3601450403427644E-009   0.0000000000000000     
   25.100000000000001        2.8933653695862535E-009   0.0000000000000000     
   25.200000000000003       -3.5435340576595801E-009   0.0000000000000000     
   25.300000000000001        4.3354675995497993E-009   0.0000000000000000     
   25.400000000000002       -5.2990559614093738E-009   0.0000000000000000     
   25.500000000000000        6.4702438308867323E-009   0.0000000000000000     
   25.600000000000001       -7.8922374116049420E-009   0.0000000000000000     
   25.700000000000003        9.6168699366639974E-009   0.0000000000000000     
   25.800000000000001       -1.1706269062255339E-008   0.0000000000000000     
   25.900000000000002        1.4234803307310339E-008   0.0000000000000000     
   26.000000000000000       -1.7291383696648718E-008   0.0000000000000000     
   26.100000000000001        2.0982176265081630E-008   0.0000000000000000     
   26.200000000000003       -2.5433776138768593E-008   0.0000000000000000     
   26.300000000000001        3.0796968109161693E-008   0.0000000000000000     
   26.400000000000002       -3.7251083633376930E-008   0.0000000000000000     
   26.500000000000000        4.5009164129328817E-008   0.0000000000000000     
   26.600000000000001       -5.4323926940663784E-008   0.0000000000000000     
   26.700000000000003        6.5494791319744642E-008   0.0000000000000000     
   26.800000000000001       -7.8876017476129667E-008   0.0000000000000000     
   26.900000000000002        9.4886178672590738E-008   0.0000000000000000     
   27.000000000000000       -1.1401918147585475E-007   0.0000000000000000     
   27.100000000000001        1.3685701148251786E-007   0.0000000000000000     
   27.200000000000003       -1.6408451652989782E-007   0.0000000000000000     
   27.300000000000001        1.9650641882988538E-007   0.0000000000000000     
   27.400000000000002       -2.3506701907277401E-007   0.0000000000000000     
   27.500000000000000        2.8087280674721161E-007   0.0000000000000000     
   27.600000000000001       -3.3521846250390237E-007   0.0000000000000000     
   27.700000000000003        3.9961669496655131E-007   0.0000000000000000     
   27.800000000000001       -4.7583236395213453E-007   0.0000000000000000     
   27.900000000000002        5.6592151417220229E-007   0.0000000000000000     
   28.000000000000000       -6.7227583441029292E-007   0.0000000000000000     
   28.100000000000001        7.9767330931460959E-007   0.0000000000000000     
   28.200000000000003       -9.4533572595364324E-007   0.0000000000000000     
   28.300000000000001        1.1189938908183696E-006   0.0000000000000000     
   28.400000000000002       -1.3229613658209685E-006   0.0000000000000000     
   28.500000000000000        1.5622177550838374E-006   0.0000000000000000     
   28.600000000000001       -1.8425025139162203E-006   0.0000000000000000     
   28.700000000000003        2.1704203668958229E-006   0.0000000000000000     
   28.800000000000001       -2.5535595679994756E-006   0.0000000000000000     
   28.900000000000002        3.0006242009598360E-006   0.0000000000000000     
   29.000000000000000       -3.5215818830872782E-006   0.0000000000000000     
   29.100000000000001        4.1278282338832232E-006   0.0000000000000000     
   29.200000000000003       -4.8323695757095340E-006   0.0000000000000000     
   29.300000000000001        5.6500253723844617E-006   0.0000000000000000     
   29.400000000000002       -6.5976519518177555E-006   0.0000000000000000     
   29.500000000000000        7.6943890653783976E-006   0.0000000000000000     
   29.600000000000001       -8.9619308252995066E-006   0.0000000000000000     
   29.700000000000003        1.0424822704076055E-005   0.0000000000000000     
   29.800000000000001       -1.2110785912920491E-005   0.0000000000000000     
   29.900000000000002        1.4051070760548921E-005   0.0000000000000000     
   30.000000000000000       -1.6280840219394894E-005   0.0000000000000000     
   30.100000000000001        1.8839584918971301E-005   0.0000000000000000     
   30.200000000000003       -2.1771570508678797E-005   0.0000000000000000     
   30.300000000000001        2.5126318068788375E-005   0.0000000000000000     
   30.400000000000002       -2.8959118080897997E-005   0.0000000000000000     
   30.500000000000000        3.3331577813696402E-005   0.0000000000000000     
   30.600000000000001       -3.8312201859796878E-005   0.0000000000000000     
   30.700000000000003        4.3977004692194464E-005   0.0000000000000000     
   30.800000000000001       -5.0410153811763809E-005   0.0000000000000000     
   30.900000000000002        5.7704641122274873E-005   0.0000000000000000     
   31.000000000000000       -6.5962979473621706E-005   0.0000000000000000     
   31.100000000000001        7.5297920444294074E-005   0.0000000000000000     
   31.200000000000003       -8.5833188370916863E-005   0.0000000000000000     
   31.300000000000001        9.7704224624096367E-005   0.0000000000000000     
   31.400000000000002       -1.1105893486699186E-004   0.0000000000000000     
   31.500000000000000        1.2605843080688359E-004   0.0000000000000000     
   31.600000000000001       -1.4287775652486355E-004   0.0000000000000000     
   31.700000000000003        1.6170658807948554E-004   0.0000000000000000     
   31.800000000000001       -1.8274989340757162E-004   0.0000000000000000     
   31.900000000000002        2.0622853812856699E-004   0.0000000000000000     
   32.000000000000000       -2.3237982108496459E-004   0.0000000000000000     
   32.100000000000001        2.6145792181548689E-004   0.0000000000000000     
   32.200000000000003       -2.9373424057276638E-004   0.0000000000000000     
   32.300000000000004        3.2949760973798395E-004   0.0000000000000000     
   32.399999999999999       -3.6905435411056385E-004   0.0000000000000000     
   32.500000000000000        4.1272817582481603E-004   0.0000000000000000     
   32.600000000000001       -4.6085983871030508E-004   0.0000000000000000     
   32.700000000000003        5.1380662533994032E-004   0.0000000000000000     
   32.800000000000004       -5.7194153956108935E-004   0.0000000000000000     
   32.899999999999999        6.3565222642347785E-004   0.0000000000000000     
   33.000000000000000       -7.0533958130538222E-004   0.0000000000000000     
   33.100000000000001        7.8141602028013028E-004   0.0000000000000000     
   33.200000000000003       -8.6430338423942963E-004   0.0000000000000000     
   33.300000000000004        9.5443045069766412E-004   0.0000000000000000     
   33.399999999999999       -1.0522300287693887E-003   0.0000000000000000     
   33.500000000000000        1.1581356153845420E-003   0.0000000000000000     
   33.600000000000001       -1.2725775938945097E-003   0.0000000000000000     
   33.700000000000003        1.3959789600193134E-003   0.0000000000000000     
   33.800000000000004       -1.5287505649081538E-003   0.0000000000000000     
   33.899999999999999        1.6712858703940624E-003   0.0000000000000000     
   34.000000000000000       -1.8239552180293155E-003   0.0000000000000000     
   34.100000000000001        1.9870996204870701E-003   0.0000000000000000     
   34.200000000000003       -2.1610240920889355E-003   0.0000000000000000     
   34.300000000000004        2.3459905438894244E-003   0.0000000000000000     
   34.399999999999999       -2.5422102784436532E-003   0.0000000000000000     
   34.500000000000000        2.7498361295563447E-003   0.0000000000000000     
   34.600000000000001       -2.9689543032401359E-003   0.0000000000000000     
   34.700000000000003        3.1995759874413497E-003   0.0000000000000000     
   34.800000000000004       -3.4416288097841512E-003   0.0000000000000000     
   34.899999999999999        3.6949482344032138E-003   0.0000000000000000     
   35.000000000000000       -3.9592690008881390E-003   0.0000000000000000     
   35.100000000000001        4.2342167198635133E-003   0.0000000000000000     
   35.200000000000003       -4.5192997508685532E-003   0.0000000000000000     
   35.300000000000004        4.8139014987935878E-003   0.0000000000000000     
   35.399999999999999       -5.1172732741560020E-003   0.0000000000000000     
   35.500000000000000        5.4285278709638373E-003   0.0000000000000000     
   35.600000000000001       -5.7466340221613513E-003   0.0000000000000000     
   35.700000000000003        6.0704118972372059E-003   0.0000000000000000     
   35.800000000000004       -6.3985298089720075E-003   0.0000000000000000     
   35.899999999999999        6.7295022961517126E-003   0.0000000000000000     
   36.000000000000000       -7.0616897460269697E-003   0.0000000000000000     
   36.100000000000001        7.3932997143287896E-003   0.0000000000000000     
   36.200000000000003       -7.7223900914534533E-003   0.0000000000000000     
   36.300000000000004        8.0468742506117578E-003   0.0000000000000000     
   36.399999999999999       -8.3645282975261092E-003   0.0000000000000000     
   36.500000000000000        8.6730005212877319E-003   0.0000000000000000     
   36.600000000000001       -8.9698231224549785E-003   0.0000000000000000     
   36.700000000000003        9.2524262673084647E-003   0.0000000000000000     
   36.800000000000004       -9.5181544866282178E-003   0.0000000000000000     
   36.899999999999999        9.7642854035137165E-003   0.0000000000000000     
   37.000000000000000       -9.9880507383729045E-003   0.0000000000000000     
   37.100000000000001        1.0186659499896229E-002   0.0000000000000000     
   37.200000000000003       -1.0357323230002916E-002   0.0000000000000000     
   37.300000000000004        1.0497283128396269E-002   0.0000000000000000     
   37.399999999999999       -1.0603838839337174E-002   0.0000000000000000     
   37.500000000000000        1.0674378640417479E-002   0.0000000000000000     
   37.600000000000001       -1.0706410731008423E-002   0.0000000000000000     
   37.700000000000003        1.0697595278171629E-002   0.0000000000000000     
   37.800000000000004       -1.0645776839911374E-002   0.0000000000000000     
   37.899999999999999        1.0549016752347224E-002   0.0000000000000000     
   38.000000000000000       -1.0405625037638703E-002   0.0000000000000000     
   38.100000000000001        1.0214191366163892E-002   0.0000000000000000     
   38.200000000000003       -9.9736145888806027E-003   0.0000000000000000     
   38.300000000000004        9.6831303457480169E-003   0.0000000000000000     
   38.400000000000006       -9.3423362537689968E-003   0.0000000000000000     
   38.500000000000000        8.9512141846016281E-003   0.0000000000000000     
   38.600000000000001       -8.5101491570375477E-003   0.0000000000000000     
   38.700000000000003        8.0199443940795721E-003   0.0000000000000000     
   38.800000000000004       -7.4818321287880877E-003   0.0000000000000000     
   38.900000000000006        6.8974797862947938E-003   0.0000000000000000     
   39.000000000000000       -6.2689912223443190E-003   0.0000000000000000     
   39.100000000000001        5.5989027599769071E-003   0.0000000000000000     
   39.200000000000003       -4.8901738354934325E-003   0.0000000000000000     
   39.300000000000004        4.1461721413544074E-003   0.0000000000000000     
   39.400000000000006       -3.3706532362816509E-003   0.0000000000000000     
   39.500000000000000        2.5677346800489971E-003   0.0000000000000000     
   39.600000000000001       -1.7418648410069868E-003   0.0000000000000000     
   39.700000000000003        8.9778661646042299E-004   0.0000000000000000     
   39.800000000000004       -4.0496397947592996E-005   0.0000000000000000     
   39.900000000000006       -8.2480129657765513E-004   0.0000000000000000     
   40.000000000000000        1.6927430156428917E-003   0.0000000000000000     
   40.100000000000001       -2.5578588040157161E-003   0.0000000000000000     
   40.200000000000003        3.4146272084862078E-003   0.0000000000000000     
   40.300000000000004       -4.2575321357910456E-003   0.0000000000000000     
   40.400000000000006        5.0811207867358802E-003   0.0000000000000000     
   40.500000000000000       -5.8800618510754191E-003   0.0000000000000000     
   40.600000000000001        6.6492031222008538E-003   0.0000000000000000     
   40.700000000000003       -7.3836276795886642E-003   0.0000000000000000     
   40.800000000000004        8.0787077919322846E-003   0.0000000000000000     
   40.900000000000006       -8.7301557140802549E-003   0.0000000000000000     
   41.000000000000000        9.3340705875935171E-003   0.0000000000000000     
   41.100000000000001       -9.8869807065022630E-003   0.0000000000000000     
   41.200000000000003        1.0385880476897881E-002   0.0000000000000000     
   41.300000000000004       -1.0828261479527992E-002   0.0000000000000000     
   41.400000000000006        1.1212137137837445E-002   0.0000000000000000     
   41.500000000000000       -1.1536060597709567E-002   0.0000000000000000     
   41.600000000000001        1.1799135537805958E-002   0.0000000000000000     
   41.700000000000003       -1.2001019748611114E-002   0.0000000000000000     
   41.800000000000004        1.2141921441454571E-002   0.0000000000000000     
   41.900000000000006       -1.2222588373673718E-002   0.0000000000000000     
   42.000000000000000        1.2244289999868183E-002   0.0000000000000000     
   42.100000000000001       -1.2208792978977426E-002   0.0000000000000000     
   42.200000000000003        1.2118330480933030E-002   0.0000000000000000     
   42.300000000000004       -1.1975565841382901E-002   0.0000000000000000     
   42.400000000000006        1.1783551207018622E-002   0.0000000000000000     
   42.500000000000000       -1.1545681894931190E-002   0.0000000000000000     
   42.600000000000001        1.1265647255451636E-002   0.0000000000000000     
   42.700000000000003       -1.0947378878190360E-002   0.0000000000000000     
   42.800000000000004        1.0594997013269693E-002   0.0000000000000000     
   42.900000000000006       -1.0212756095740733E-002   0.0000000000000000     
   43.000000000000000        9.8049902572368217E-003   0.0000000000000000     
   43.100000000000001       -9.3760596899268526E-003   0.0000000000000000     
   43.200000000000003        8.9302986890855956E-003   0.0000000000000000     
   43.300000000000004       -8.4719661487492933E-003   0.0000000000000000     
   43.400000000000006        8.0051992165883611E-003   0.0000000000000000     
   43.500000000000000       -7.5339707342465161E-003   0.0000000000000000     
   43.600000000000001        7.0620509994965370E-003   0.0000000000000000     
   43.700000000000003       -6.5929742859822012E-003   0.0000000000000000     
   43.800000000000004        6.1300104548117421E-003   0.0000000000000000     
   43.900000000000006       -5.6761418800320420E-003   0.0000000000000000     
   44.000000000000000        5.2340458068644612E-003   0.0000000000000000     
   44.100000000000001       -4.8060821490947935E-003   0.0000000000000000     
   44.200000000000003        4.3942866345150749E-003   0.0000000000000000     
   44.300000000000004       -4.0003691081442888E-003   0.0000000000000000     
   44.400000000000006        3.6257167142042701E-003   0.0000000000000000     
   44.500000000000000       -3.2714016067551103E-003   0.0000000000000000     
   44.600000000000001        2.9381927582959530E-003   0.0000000000000000     
   44.700000000000003       -2.6265714047382059E-003   0.0000000000000000     
   44.800000000000004        2.3367495922894774E-003   0.0000000000000000     
   44.900000000000006       -2.0686913043807971E-003   0.0000000000000000     
   45.000000000000000        1.8221355884713824E-003   0.0000000000000000     
   45.100000000000001       -1.5966211442922074E-003   0.0000000000000000     
   45.200000000000003        1.3915118141831753E-003   0.0000000000000000     
   45.300000000000004       -1.2060224487797941E-003   0.0000000000000000     
   45.400000000000006        1.0392446798575441E-003   0.0000000000000000     
   45.500000000000000       -8.9017209688497763E-004   0.0000000000000000     
   45.600000000000001        7.5772451183864079E-004   0.0000000000000000     
   45.700000000000003       -6.4077083912286996E-004   0.0000000000000000     
   45.800000000000004        5.3815045729989591E-004   0.0000000000000000     
   45.900000000000006       -4.4869263726907138E-004   0.0000000000000000     
   46.000000000000000        3.7123405130521449E-004   0.0000000000000000     
   46.100000000000001       -3.0463408701767732E-004   0.0000000000000000     
   46.200000000000003        2.4778799962259018E-004   0.0000000000000000     
   46.300000000000004       -1.9963792587020062E-004   0.0000000000000000     
   46.400000000000006        1.5918158657391213E-004   0.0000000000000000     
   46.500000000000000       -1.2547921881711212E-004   0.0000000000000000     
   46.600000000000001        9.7658097275380966E-005   0.0000000000000000     
   46.700000000000003       -7.4915882107849110E-005   0.0000000000000000     
   46.800000000000004        5.6521544677635537E-005   0.0000000000000000     
   46.900000000000006       -4.1815741290921894E-005   0.0000000000000000     
   47.000000000000000        3.0209015025878594E-005   0.0000000000000000     
   47.100000000000001       -2.1179739222608342E-005   0.0000000000000000     
   47.200000000000003        1.4270722155977950E-005   0.0000000000000000     
   47.300000000000004       -9.0850568203862954E-006   0.0000000000000000     
   47.400000000000006        5.2824346504425829E-006   0.0000000000000000     
   47.500000000000000       -2.5730046410666581E-006   0.0000000000000000     
   47.600000000000001        7.1468854721782466E-007   0.0000000000000000     
   47.700000000000003        4.9490232910013475E-007   0.0000000000000000     
   47.800000000000004       -1.2192629062618465E-006   0.0000000000000000     
   47.900000000000006        1.5925723661568139E-006   0.0000000000000000     
   48.000000000000000       -1.7187474541098222E-006   0.0000000000000000     
   48.100000000000001        1.6809502583355403E-006   0.0000000000000000     
   48.200000000000003       -1.5408726879122262E-006   0.0000000000000000     
   48.300000000000004        1.3446811484341421E-006   0.0000000000000000     
   48.400000000000006       -1.1270136798458652E-006   0.0000000000000000     
   48.500000000000000        9.0745683753835023E-007   0.0000000000000000     
   48.600000000000001       -7.0626402937344442E-007   0.0000000000000000     
   48.700000000000003        5.2359358591728287E-007   0.0000000000000000     
   48.800000000000004       -3.7502090196537480E-007   0.0000000000000000     
   48.900000000000006        2.4640234294061940E-007   0.0000000000000000     
   49.000000000000000       -1.5441891006417190E-007   0.0000000000000000     
   49.100000000000001        7.5936093552803049E-008   0.0000000000000000     
   49.200000000000003       -2.8912769514321990E-008   0.0000000000000000     
   49.300000000000004       -1.0218293719360556E-008   0.0000000000000000     
   49.400000000000006        2.9863712717640945E-008   0.0000000000000000     
   49.500000000000000       -3.9675356410204614E-008   0.0000000000000000     
   49.600000000000001        4.9776683552351744E-008   0.0000000000000000     
   49.700000000000003       -4.0916657030557536E-008   0.0000000000000000     
   49.800000000000004        2.2338802520102313E-008   0.0000000000000000     
   49.900000000000006        5.0654071924799070E-054   0.0000000000000000     
