   0.0000000000000000       -7.1658088021357644E-016   0.0000000000000000     
  0.10000000000000001       -7.7707541524343531E-016   0.0000000000000000     
  0.20000000000000001       -3.9373244559569391E-016   0.0000000000000000     
  0.30000000000000004        3.4331807286161594E-016   0.0000000000000000     
  0.40000000000000002        1.4627102390495199E-015   0.0000000000000000     
  0.50000000000000000        1.2601772376919076E-016   0.0000000000000000     
  0.60000000000000009       -1.4570555296914580E-015   0.0000000000000000     
  0.70000000000000007       -7.9594974807903701E-016   0.0000000000000000     
  0.80000000000000004        5.0922103828784409E-016   0.0000000000000000     
  0.90000000000000002        5.9277959297052517E-016   0.0000000000000000     
   1.0000000000000000       -5.4956489002622099E-017   0.0000000000000000     
   1.1000000000000001        7.2105109657265126E-016   0.0000000000000000     
   1.2000000000000002        1.1216082468174068E-015   0.0000000000000000     
   1.3000000000000000       -4.2342587586469974E-016   0.0000000000000000     
   1.4000000000000001       -1.6996899401703465E-015   0.0000000000000000     
   1.5000000000000000       -1.7292141420459788E-015   0.0000000000000000     
   1.6000000000000001        2.2274248582607551E-016   0.0000000000000000     
   1.7000000000000002        1.4695931439716692E-015   0.0000000000000000     
   1.8000000000000000        1.1746449297986379E-016   0.0000000000000000     
   1.9000000000000001        5.2396518539423439E-017   0.0000000000000000     
   2.0000000000000000        9.1447374178516084E-016   0.0000000000000000     
   2.1000000000000001        1.1450557319998426E-015   0.0000000000000000     
   2.2000000000000002        2.0454833874799720E-016   0.0000000000000000     
   2.3000000000000003       -1.7505685068977112E-015   0.0000000000000000     
   2.4000000000000004       -1.5122891772880413E-015   0.0000000000000000     
   2.5000000000000000       -1.5481676373782453E-015   0.0000000000000000     
   2.6000000000000001       -4.4277897318688560E-016   0.0000000000000000     
   2.7000000000000002        3.7031702367409432E-015   0.0000000000000000     
   2.8000000000000003        2.1583848740051577E-015   0.0000000000000000     
   2.9000000000000004       -1.5599933502490565E-015   0.0000000000000000     
   3.0000000000000000       -9.4939823935607427E-016   0.0000000000000000     
   3.1000000000000001       -5.8295394358405948E-016   0.0000000000000000     
   3.2000000000000002        1.9014710744412683E-016   0.0000000000000000     
   3.3000000000000003        2.9966507397651751E-016   0.0000000000000000     
   3.4000000000000004       -1.0229105481335932E-015   0.0000000000000000     
   3.5000000000000000        2.3923539521005932E-016   0.0000000000000000     
   3.6000000000000001        1.4779500120004233E-015   0.0000000000000000     
   3.7000000000000002        6.0546602300830684E-016   0.0000000000000000     
   3.8000000000000003       -8.2224035466363786E-016   0.0000000000000000     
   3.9000000000000004       -1.3666972031148181E-015   0.0000000000000000     
   4.0000000000000000       -8.8255580351286294E-016   0.0000000000000000     
   4.1000000000000005       -9.0825570614286613E-017   0.0000000000000000     
   4.2000000000000002        2.0967515671993901E-015   0.0000000000000000     
   4.2999999999999998        2.2420211584053830E-015   0.0000000000000000     
   4.4000000000000004       -3.8384612072060819E-016   0.0000000000000000     
   4.5000000000000000       -1.1316487435616464E-015   0.0000000000000000     
   4.6000000000000005       -1.6605610979890718E-015   0.0000000000000000     
   4.7000000000000002       -1.7275891214162618E-015   0.0000000000000000     
   4.8000000000000007        2.2988309216560781E-016   0.0000000000000000     
   4.9000000000000004        1.2405406393090088E-015   0.0000000000000000     
   5.0000000000000000        1.3966424268520546E-015   0.0000000000000000     
   5.1000000000000005        9.4182496458716176E-016   0.0000000000000000     
   5.2000000000000002       -4.8701009816062819E-016   0.0000000000000000     
   5.3000000000000007       -5.9304991611271548E-016   0.0000000000000000     
   5.4000000000000004        3.2441885190043629E-016   0.0000000000000000     
   5.5000000000000000       -8.2873189573707930E-016   0.0000000000000000     
   5.6000000000000005       -2.1864074749815036E-015   0.0000000000000000     
   5.7000000000000002       -1.5661530950223303E-016   0.0000000000000000     
   5.8000000000000007        1.6791844219547829E-015   0.0000000000000000     
   5.9000000000000004        1.3741100459548185E-015   0.0000000000000000     
   6.0000000000000000        1.1062406581776630E-015   0.0000000000000000     
   6.1000000000000005        2.2072468095201254E-016   0.0000000000000000     
   6.2000000000000002       -1.0559784499983575E-015   0.0000000000000000     
   6.3000000000000007       -1.9407052107293082E-015   0.0000000000000000     
   6.4000000000000004       -1.0920513790202064E-015   0.0000000000000000     
   6.5000000000000000        3.2029781418976974E-016   0.0000000000000000     
   6.6000000000000005       -6.3742721971330349E-017   0.0000000000000000     
   6.7000000000000002        1.0901947068998056E-015   0.0000000000000000     
   6.8000000000000007        1.8034999548965541E-015   0.0000000000000000     
   6.9000000000000004        4.2681700323888681E-016   0.0000000000000000     
   7.0000000000000000        5.2773914482064274E-016   0.0000000000000000     
   7.1000000000000005       -1.2216996728185499E-015   0.0000000000000000     
   7.2000000000000002       -1.8925685134695299E-015   0.0000000000000000     
   7.3000000000000007        8.2034152106278611E-016   0.0000000000000000     
   7.4000000000000004       -5.1562968863321665E-016   0.0000000000000000     
   7.5000000000000000       -1.8211949303202347E-015   0.0000000000000000     
   7.6000000000000005        2.6244924246655757E-016   0.0000000000000000     
   7.7000000000000002        1.1230182314388243E-015   0.0000000000000000     
   7.8000000000000007        1.6651768314994928E-015   0.0000000000000000     
   7.9000000000000004        1.0774128099927285E-015   0.0000000000000000     
   8.0000000000000000        2.0170472795027169E-016   0.0000000000000000     
   8.0999999999999996       -3.2273212218134488E-017   0.0000000000000000     
   8.2000000000000011       -1.8784711664631123E-015   0.0000000000000000     
   8.3000000000000007       -1.3018430152044612E-015   0.0000000000000000     
   8.4000000000000004        6.6245525560167869E-017   0.0000000000000000     
   8.5000000000000000       -8.7281593560783182E-016   0.0000000000000000     
   8.5999999999999996        1.0000027535072864E-015   0.0000000000000000     
   8.7000000000000011        1.8341860056755433E-015   0.0000000000000000     
   8.8000000000000007       -1.8670560946212905E-016   0.0000000000000000     
   8.9000000000000004        8.9854901957275605E-016   0.0000000000000000     
   9.0000000000000000        3.6681767586458257E-016   0.0000000000000000     
   9.0999999999999996       -2.2760207801272442E-015   0.0000000000000000     
   9.2000000000000011       -9.5648802977542791E-016   0.0000000000000000     
   9.3000000000000007        1.2817677074264772E-016   0.0000000000000000     
   9.4000000000000004       -2.7574128087914937E-016   0.0000000000000000     
   9.5000000000000000        1.6039916316700992E-015   0.0000000000000000     
   9.6000000000000014        1.8481043666028626E-015   0.0000000000000000     
   9.7000000000000011       -5.1661144832973382E-016   0.0000000000000000     
   9.8000000000000007       -7.1624155870722391E-016   0.0000000000000000     
   9.9000000000000004       -1.0033758865725916E-015   0.0000000000000000     
   10.000000000000000       -2.0670855452721186E-015   0.0000000000000000     
   10.100000000000001        2.7240358241476022E-016   0.0000000000000000     
   10.200000000000001        2.3624851882962059E-015   0.0000000000000000     
   10.300000000000001        1.6107822583203870E-015   0.0000000000000000     
   10.400000000000000        2.4910801157969574E-017   0.0000000000000000     
   10.500000000000000       -1.7681216742559931E-015   0.0000000000000000     
   10.600000000000001       -9.5779473006691559E-016   0.0000000000000000     
   10.700000000000001        1.1432129194047863E-016   0.0000000000000000     
   10.800000000000001       -5.1932489874757251E-016   0.0000000000000000     
   10.900000000000000        4.9779870750859162E-017   0.0000000000000000     
   11.000000000000000        3.0359893768038827E-016   0.0000000000000000     
   11.100000000000001        1.8686228932165770E-015   0.0000000000000000     
   11.200000000000001        2.4427314942555771E-015   0.0000000000000000     
   11.300000000000001       -1.0820843356932784E-015   0.0000000000000000     
   11.400000000000000       -1.0331446873078256E-015   0.0000000000000000     
   11.500000000000000       -8.0936068554212047E-016   0.0000000000000000     
   11.600000000000001       -3.6724022891480403E-015   0.0000000000000000     
   11.700000000000001       -2.0229996916133416E-015   0.0000000000000000     
   11.800000000000001        7.8398154177111273E-016   0.0000000000000000     
   11.900000000000000        3.0008685263442112E-015   0.0000000000000000     
   12.000000000000000        5.0904686859106345E-015   0.0000000000000000     
   12.100000000000001        2.0183985155365391E-015   0.0000000000000000     
   12.200000000000001       -2.2538821212380398E-015   0.0000000000000000     
   12.300000000000001       -2.9632899887801154E-015   0.0000000000000000     
   12.400000000000000       -2.3394008374424123E-015   0.0000000000000000     
   12.500000000000000       -1.0437421002331933E-015   0.0000000000000000     
   12.600000000000001        3.7207202884209017E-016   0.0000000000000000     
   12.700000000000001        1.0687023917891980E-015   0.0000000000000000     
   12.800000000000001        2.7576120007923521E-016   0.0000000000000000     
   12.900000000000000        1.0965957569541933E-015   0.0000000000000000     
   13.000000000000000        1.2705804029940032E-015   0.0000000000000000     
   13.100000000000001       -1.7868088445026178E-016   0.0000000000000000     
   13.200000000000001       -3.4022097957035239E-016   0.0000000000000000     
   13.300000000000001       -4.0286421250601574E-016   0.0000000000000000     
   13.400000000000000       -3.3548600808170649E-015   0.0000000000000000     
   13.500000000000000        9.8198384958492657E-016   0.0000000000000000     
   13.600000000000001        3.1637065183589154E-015   0.0000000000000000     
   13.700000000000001        1.0808576578325786E-015   0.0000000000000000     
   13.800000000000001       -2.4126830435084780E-015   0.0000000000000000     
   13.900000000000000        1.1278445434985521E-015   0.0000000000000000     
   14.000000000000000       -2.3845074921033566E-015   0.0000000000000000     
   14.100000000000001        1.6303786804049329E-015   0.0000000000000000     
   14.200000000000001       -2.9217302378018247E-015   0.0000000000000000     
   14.300000000000001        2.7676514408087493E-015   0.0000000000000000     
   14.400000000000000       -3.6211997322376913E-015   0.0000000000000000     
   14.500000000000000        8.1081371655788943E-015   0.0000000000000000     
   14.600000000000001       -6.5103409619354779E-015   0.0000000000000000     
   14.700000000000001        8.9086993922747821E-015   0.0000000000000000     
   14.800000000000001       -1.3193294008428241E-014   0.0000000000000000     
   14.900000000000000        1.4483920954093587E-014   0.0000000000000000     
   15.000000000000000       -2.1260558960052544E-014   0.0000000000000000     
   15.100000000000001        2.5028068354304152E-014   0.0000000000000000     
   15.200000000000001       -3.0687985668960405E-014   0.0000000000000000     
   15.300000000000001        4.3822358430547491E-014   0.0000000000000000     
   15.400000000000000       -5.2919269270203801E-014   0.0000000000000000     
   15.500000000000000        6.5953845078572687E-014   0.0000000000000000     
   15.600000000000001       -8.7518822519154688E-014   0.0000000000000000     
   15.700000000000001        1.1096255316276421E-013   0.0000000000000000     
   15.800000000000001       -1.3868441927765555E-013   0.0000000000000000     
   15.900000000000000        1.7769673254639200E-013   0.0000000000000000     
   16.000000000000000       -2.2814929082448678E-013   0.0000000000000000     
   16.100000000000001        2.8780045423353946E-013   0.0000000000000000     
   16.199999999999999       -3.6613228065348734E-013   0.0000000000000000     
   16.300000000000001        4.6642075715279461E-013   0.0000000000000000     
   16.400000000000002       -5.8916667828976192E-013   0.0000000000000000     
   16.500000000000000        7.4777028308121704E-013   0.0000000000000000     
   16.600000000000001       -9.4921068927159039E-013   0.0000000000000000     
   16.699999999999999        1.2005595135598839E-012   0.0000000000000000     
   16.800000000000001       -1.5214310957564848E-012   0.0000000000000000     
   16.900000000000002        1.9246187839848342E-012   0.0000000000000000     
   17.000000000000000       -2.4285341856332415E-012   0.0000000000000000     
   17.100000000000001        3.0671598866910133E-012   0.0000000000000000     
   17.199999999999999       -3.8725262335335091E-012   0.0000000000000000     
   17.300000000000001        4.8834851537061293E-012   0.0000000000000000     
   17.400000000000002       -6.1533313107875620E-012   0.0000000000000000     
   17.500000000000000        7.7488826556447438E-012   0.0000000000000000     
   17.600000000000001       -9.7488431619807221E-012   0.0000000000000000     
   17.699999999999999        1.2254047316313152E-011   0.0000000000000000     
   17.800000000000001       -1.5392723998535309E-011   0.0000000000000000     
   17.900000000000002        1.9321284670487439E-011   0.0000000000000000     
   18.000000000000000       -2.4235175981218773E-011   0.0000000000000000     
   18.100000000000001        3.0365904906208086E-011   0.0000000000000000     
   18.199999999999999       -3.8019233950436855E-011   0.0000000000000000     
   18.300000000000001        4.7567635425577273E-011   0.0000000000000000     
   18.400000000000002       -5.9456011747080460E-011   0.0000000000000000     
   18.500000000000000        7.4254039629569349E-011   0.0000000000000000     
   18.600000000000001       -9.2654838661945662E-011   0.0000000000000000     
   18.699999999999999        1.1551569760242061E-010   0.0000000000000000     
   18.800000000000001       -1.4388660259151290E-010   0.0000000000000000     
   18.900000000000002        1.7906595891095549E-010   0.0000000000000000     
   19.000000000000000       -2.2264965110986640E-010   0.0000000000000000     
   19.100000000000001        2.7658360882336070E-010   0.0000000000000000     
   19.200000000000003       -3.4326939271214564E-010   0.0000000000000000     
   19.300000000000001        4.2563364660319872E-010   0.0000000000000000     
   19.400000000000002       -5.2726746076378367E-010   0.0000000000000000     
   19.500000000000000        6.5255496902599669E-010   0.0000000000000000     
   19.600000000000001       -8.0683748745248520E-010   0.0000000000000000     
   19.700000000000003        9.9664273568477471E-010   0.0000000000000000     
   19.800000000000001       -1.2298995112032739E-009   0.0000000000000000     
   19.900000000000002        1.5162618612506472E-009   0.0000000000000000     
   20.000000000000000       -1.8674583461098878E-009   0.0000000000000000     
   20.100000000000001        2.2977105843005935E-009   0.0000000000000000     
   20.200000000000003       -2.8242614963865872E-009   0.0000000000000000     
   20.300000000000001        3.4679712002095690E-009   0.0000000000000000     
   20.400000000000002       -4.2540573700709425E-009   0.0000000000000000     
   20.500000000000000        5.2129792070058055E-009   0.0000000000000000     
   20.600000000000001       -6.3814626272145809E-009   0.0000000000000000     
   20.700000000000003        7.8037325442471225E-009   0.0000000000000000     
   20.800000000000001       -9.5329907180895603E-009   0.0000000000000000     
   20.900000000000002        1.1633156731969400E-008   0.0000000000000000     
   21.000000000000000       -1.4180924258425908E-008   0.0000000000000000     
   21.100000000000001        1.7268182025625167E-008   0.0000000000000000     
   21.200000000000003       -2.1004906045742851E-008   0.0000000000000000     
   21.300000000000001        2.5522542858495824E-008   0.0000000000000000     
   21.400000000000002       -3.0977968875876137E-008   0.0000000000000000     
   21.500000000000000        3.7558195034317630E-008   0.0000000000000000     
   21.600000000000001       -4.5485837570859369E-008   0.0000000000000000     
   21.700000000000003        5.5025537998727754E-008   0.0000000000000000     
   21.800000000000001       -6.6491486596274666E-008   0.0000000000000000     
   21.900000000000002        8.0256147067538481E-008   0.0000000000000000     
   22.000000000000000       -9.6760501043066429E-008   0.0000000000000000     
   22.100000000000001        1.1652590031428870E-007   0.0000000000000000     
   22.200000000000003       -1.4016782132465328E-007   0.0000000000000000     
   22.300000000000001        1.6841188157888559E-007   0.0000000000000000     
   22.400000000000002       -2.0211226762277189E-007   0.0000000000000000     
   22.500000000000000        2.4227309350968340E-007   0.0000000000000000     
   22.600000000000001       -2.9007298075481103E-007   0.0000000000000000     
   22.700000000000003        3.4689335074832437E-007   0.0000000000000000     
   22.800000000000001       -4.1435093640570862E-007   0.0000000000000000     
   22.900000000000002        4.9433496771812043E-007   0.0000000000000000     
   23.000000000000000       -5.8904983445139437E-007   0.0000000000000000     
   23.100000000000001        7.0106368333028009E-007   0.0000000000000000     
   23.200000000000003       -8.3336382909067372E-007   0.0000000000000000     
   23.300000000000001        9.8941979197164114E-007   0.0000000000000000     
   23.400000000000002       -1.1732547605763533E-006   0.0000000000000000     
   23.500000000000000        1.3895265571822011E-006   0.0000000000000000     
   23.600000000000001       -1.6436190783736493E-006   0.0000000000000000     
   23.700000000000003        1.9417454070209307E-006   0.0000000000000000     
   23.800000000000001       -2.2910637345404967E-006   0.0000000000000000     
   23.900000000000002        2.6998075021961507E-006   0.0000000000000000     
   24.000000000000000       -3.1774310413827205E-006   0.0000000000000000     
   24.100000000000001        3.7347721915010143E-006   0.0000000000000000     
   24.200000000000003       -4.3842335157486831E-006   0.0000000000000000     
   24.300000000000001        5.1399835705825455E-006   0.0000000000000000     
   24.400000000000002       -6.0181799711382897E-006   0.0000000000000000     
   24.500000000000000        7.0372158581884367E-006   0.0000000000000000     
   24.600000000000001       -8.2179915476451984E-006   0.0000000000000000     
   24.700000000000003        9.5842129637496540E-006   0.0000000000000000     
   24.800000000000001       -1.1162718530873397E-005   0.0000000000000000     
   24.900000000000002        1.2983836224882116E-005   0.0000000000000000     
   25.000000000000000       -1.5081772059414374E-005   0.0000000000000000     
   25.100000000000001        1.7495031568652926E-005   0.0000000000000000     
   25.200000000000003       -2.0266875326940331E-005   0.0000000000000000     
   25.300000000000001        2.3445809374369562E-005   0.0000000000000000     
   25.400000000000002       -2.7086111266132272E-005   0.0000000000000000     
   25.500000000000000        3.1248391783857489E-005   0.0000000000000000     
   25.600000000000001       -3.6000192209666858E-005   0.0000000000000000     
   25.700000000000003        4.1416616264653320E-005   0.0000000000000000     
   25.800000000000001       -4.7580995328495129E-005   0.0000000000000000     
   25.900000000000002        5.4585584840500254E-005   0.0000000000000000     
   26.000000000000000       -6.2532288785935137E-005   0.0000000000000000     
   26.100000000000001        7.1533408543269562E-005   0.0000000000000000     
   26.200000000000003       -8.1712411004480131E-005   0.0000000000000000     
   26.300000000000001        9.3204709987399951E-005   0.0000000000000000     
   26.400000000000002       -1.0615845358461848E-004   0.0000000000000000     
   26.500000000000000        1.2073530871622859E-004   0.0000000000000000     
   26.600000000000001       -1.3711123285174706E-004   0.0000000000000000     
   26.700000000000003        1.5547722103202325E-004   0.0000000000000000     
   26.800000000000001       -1.7604001499133592E-004   0.0000000000000000     
   26.900000000000002        1.9902275925668032E-004   0.0000000000000000     
   27.000000000000000       -2.2466558741392583E-004   0.0000000000000000     
   27.100000000000001        2.5322611997301715E-004   0.0000000000000000     
   27.200000000000003       -2.8497985338155063E-004   0.0000000000000000     
   27.300000000000001        3.2022041812701545E-004   0.0000000000000000     
   27.400000000000002       -3.5925968200754957E-004   0.0000000000000000     
   27.500000000000000        4.0242767314129467E-004   0.0000000000000000     
   27.600000000000001       -4.5007229588725798E-004   0.0000000000000000     
   27.700000000000003        5.0255881152662710E-004   0.0000000000000000     
   27.800000000000001       -5.6026905465232483E-004   0.0000000000000000     
   27.900000000000002        6.2360035546404869E-004   0.0000000000000000     
   28.000000000000000       -6.9296413797779793E-004   0.0000000000000000     
   28.100000000000001        7.6878416427160522E-004   0.0000000000000000     
   28.200000000000003       -8.5149439546117612E-004   0.0000000000000000     
   28.300000000000001        9.4153644153607884E-004   0.0000000000000000     
   28.400000000000002       -1.0393565738221818E-003   0.0000000000000000     
   28.500000000000000        1.1454022765838533E-003   0.0000000000000000     
   28.600000000000001       -1.2601183174945161E-003   0.0000000000000000     
   28.700000000000003        1.3839423209147906E-003   0.0000000000000000     
   28.800000000000001       -1.5172998328807318E-003   0.0000000000000000     
   28.900000000000002        1.6605988725051396E-003   0.0000000000000000     
   29.000000000000000       -1.8142239714135830E-003   0.0000000000000000     
   29.100000000000001        1.9785297104322965E-003   0.0000000000000000     
   29.200000000000003       -2.1538337713153900E-003   0.0000000000000000     
   29.300000000000001        2.3404095308480989E-003   0.0000000000000000     
   29.400000000000002       -2.5384782348039235E-003   0.0000000000000000     
   29.500000000000000        2.7482008003139758E-003   0.0000000000000000     
   29.600000000000001       -2.9696693068875005E-003   0.0000000000000000     
   29.700000000000003        3.2028982482193592E-003   0.0000000000000000     
   29.800000000000001       -3.4478156297235002E-003   0.0000000000000000     
   29.900000000000002        3.7042540090692242E-003   0.0000000000000000     
   30.000000000000000       -3.9719415897588317E-003   0.0000000000000000     
   30.100000000000001        4.2504934899507858E-003   0.0000000000000000     
   30.200000000000003       -4.5394033205665039E-003   0.0000000000000000     
   30.300000000000001        4.8380352175363588E-003   0.0000000000000000     
   30.400000000000002       -5.1456164827225048E-003   0.0000000000000000     
   30.500000000000000        5.4612309965560574E-003   0.0000000000000000     
   30.600000000000001       -5.7838135716089499E-003   0.0000000000000000     
   30.700000000000003        6.1121454209331436E-003   0.0000000000000000     
   30.800000000000001       -6.4448509168736874E-003   0.0000000000000000     
   30.900000000000002        6.7803958150954996E-003   0.0000000000000000     
   31.000000000000000       -7.1170871149294915E-003   0.0000000000000000     
   31.100000000000001        7.4530747197530953E-003   0.0000000000000000     
   31.200000000000003       -7.7863550505358299E-003   0.0000000000000000     
   31.300000000000001        8.1147767512157864E-003   0.0000000000000000     
   31.400000000000002       -8.4360486063273562E-003   0.0000000000000000     
   31.500000000000000        8.7477497692125435E-003   0.0000000000000000     
   31.600000000000001       -9.0473423731492111E-003   0.0000000000000000     
   31.700000000000003        9.3321865680701770E-003   0.0000000000000000     
   31.800000000000001       -9.5995579922112887E-003   0.0000000000000000     
   31.900000000000002        9.8466676516465179E-003   0.0000000000000000     
   32.000000000000000       -1.0070684141076841E-002   0.0000000000000000     
   32.100000000000001        1.0268758097675041E-002   0.0000000000000000     
   32.200000000000003       -1.0438048736077600E-002   0.0000000000000000     
   32.300000000000004        1.0575752267908606E-002   0.0000000000000000     
   32.399999999999999       -1.0679131964120491E-002   0.0000000000000000     
   32.500000000000000        1.0745549573801120E-002   0.0000000000000000     
   32.600000000000001       -1.0772497769811292E-002   0.0000000000000000     
   32.700000000000003        1.0757633250552800E-002   0.0000000000000000     
   32.800000000000004       -1.0698810089565039E-002   0.0000000000000000     
   32.899999999999999        1.0594112891082225E-002   0.0000000000000000     
   33.000000000000000       -1.0441889281732522E-002   0.0000000000000000     
   33.100000000000001        1.0240781246371638E-002   0.0000000000000000     
   33.200000000000003       -9.9897548013600131E-003   0.0000000000000000     
   33.300000000000004        9.6881274916949048E-003   0.0000000000000000     
   33.399999999999999       -9.3355931999942396E-003   0.0000000000000000     
   33.500000000000000        8.9322437664445236E-003   0.0000000000000000     
   33.600000000000001       -8.4785869391173115E-003   0.0000000000000000     
   33.700000000000003        7.9755602046481470E-003   0.0000000000000000     
   33.800000000000004       -7.4245400893404095E-003   0.0000000000000000     
   33.899999999999999        6.8273465708860274E-003   0.0000000000000000     
   34.000000000000000       -6.1862422999754522E-003   0.0000000000000000     
   34.100000000000001        5.5039263992059505E-003   0.0000000000000000     
   34.200000000000003       -4.7835226824127558E-003   0.0000000000000000     
   34.300000000000004        4.0285622200476297E-003   0.0000000000000000     
   34.399999999999999       -3.2429602644522492E-003   0.0000000000000000     
   34.500000000000000        2.4309876406763231E-003   0.0000000000000000     
   34.600000000000001       -1.5972368030770694E-003   0.0000000000000000     
   34.700000000000003        7.4658285282003234E-004   0.0000000000000000     
   34.800000000000004        1.1586009499707700E-004   0.0000000000000000     
   34.899999999999999       -9.8478671541482967E-004   0.0000000000000000     
   35.000000000000000        1.8547518847004153E-003   0.0000000000000000     
   35.100000000000001       -2.7202250562654369E-003   0.0000000000000000     
   35.200000000000003        3.5756468905057573E-003   0.0000000000000000     
   35.300000000000004       -4.4154873694946823E-003   0.0000000000000000     
   35.399999999999999        5.2343045820884958E-003   0.0000000000000000     
   35.500000000000000       -6.0268033330066117E-003   0.0000000000000000     
   35.600000000000001        6.7878927125453068E-003   0.0000000000000000     
   35.700000000000003       -7.5127417624247040E-003   0.0000000000000000     
   35.800000000000004        8.1968323879948318E-003   0.0000000000000000     
   35.899999999999999       -8.8360086984467130E-003   0.0000000000000000     
   36.000000000000000        9.4265220036563926E-003   0.0000000000000000     
   36.100000000000001       -9.9650707592125343E-003   0.0000000000000000     
   36.200000000000003        1.0448834828125031E-002   0.0000000000000000     
   36.300000000000004       -1.0875503518168879E-002   0.0000000000000000     
   36.399999999999999        1.1243296955331812E-002   0.0000000000000000     
   36.500000000000000       -1.1550980465221974E-002   0.0000000000000000     
   36.600000000000001        1.1797871752729741E-002   0.0000000000000000     
   36.700000000000003       -1.1983840793551359E-002   0.0000000000000000     
   36.800000000000004        1.2109302476910725E-002   0.0000000000000000     
   36.899999999999999       -1.2175202163902443E-002   0.0000000000000000     
   37.000000000000000        1.2182994448301340E-002   0.0000000000000000     
   37.100000000000001       -1.2134615522956516E-002   0.0000000000000000     
   37.200000000000003        1.2032449663385042E-002   0.0000000000000000     
   37.300000000000004       -1.1879290437835709E-002   0.0000000000000000     
   37.399999999999999        1.1678297338249606E-002   0.0000000000000000     
   37.500000000000000       -1.1432948597352534E-002   0.0000000000000000     
   37.600000000000001        1.1146991011723973E-002   0.0000000000000000     
   37.700000000000003       -1.0824387628889674E-002   0.0000000000000000     
   37.800000000000004        1.0469264176385693E-002   0.0000000000000000     
   37.899999999999999       -1.0085855113501560E-002   0.0000000000000000     
   38.000000000000000        9.6784501708844176E-003   0.0000000000000000     
   38.100000000000001       -9.2513422112157889E-003   0.0000000000000000     
   38.200000000000003        8.8087771956746799E-003   0.0000000000000000     
   38.300000000000004       -8.3549069781573559E-003   0.0000000000000000     
   38.400000000000006        7.8937455734799655E-003   0.0000000000000000     
   38.500000000000000       -7.4291294591370734E-003   0.0000000000000000     
   38.600000000000001        6.9646823750098329E-003   0.0000000000000000     
   38.700000000000003       -6.5037849838852878E-003   0.0000000000000000     
   38.800000000000004        6.0495496504718938E-003   0.0000000000000000     
   38.900000000000006       -5.6048004901403875E-003   0.0000000000000000     
   39.000000000000000        5.1720587334279670E-003   0.0000000000000000     
   39.100000000000001       -4.7535333506689729E-003   0.0000000000000000     
   39.200000000000003        4.3511167853984836E-003   0.0000000000000000     
   39.300000000000004       -3.9663855570296648E-003   0.0000000000000000     
   39.400000000000006        3.6006054147326933E-003   0.0000000000000000     
   39.500000000000000       -3.2547406567939269E-003   0.0000000000000000     
   39.600000000000001        2.9294671736119194E-003   0.0000000000000000     
   39.700000000000003       -2.6251887296143044E-003   0.0000000000000000     
   39.800000000000004        2.3420559687750359E-003   0.0000000000000000     
   39.900000000000006       -2.0799876112617298E-003   0.0000000000000000     
   40.000000000000000        1.8386933039044285E-003   0.0000000000000000     
   40.100000000000001       -1.6176975945640893E-003   0.0000000000000000     
   40.200000000000003        1.4163645187283242E-003   0.0000000000000000     
   40.300000000000004       -1.2339223147704503E-003   0.0000000000000000     
   40.400000000000006        1.0694878213387989E-003   0.0000000000000000     
   40.500000000000000       -9.2209015382009986E-004   0.0000000000000000     
   40.600000000000001        7.9069330650221583E-004   0.0000000000000000     
   40.700000000000003       -6.7421737996673403E-004   0.0000000000000000     
   40.800000000000004        5.7155818884573777E-004   0.0000000000000000     
   40.900000000000006       -4.8160506125922308E-004   0.0000000000000000     
   41.000000000000000        4.0325669660122381E-004   0.0000000000000000     
   41.100000000000001       -3.3543500180223851E-004   0.0000000000000000     
   41.200000000000003        2.7709687630296807E-004   0.0000000000000000     
   41.300000000000004       -2.2724396190858183E-004   0.0000000000000000     
   41.400000000000006        1.8493041473754276E-004   0.0000000000000000     
   41.500000000000000       -1.4926879180182325E-004   0.0000000000000000     
   41.600000000000001        1.1943417429870642E-004   0.0000000000000000     
   41.700000000000003       -9.4666673167501591E-005   0.0000000000000000     
   41.800000000000004        7.4272479646477860E-005   0.0000000000000000     
   41.900000000000006       -5.7623635164089497E-005   0.0000000000000000     
   42.000000000000000        4.4156700715179194E-005   0.0000000000000000     
   42.100000000000001       -3.3370506831875203E-005   0.0000000000000000     
   42.200000000000003        2.4823161330574848E-005   0.0000000000000000     
   42.300000000000004       -1.8128484634897212E-005   0.0000000000000000     
   42.400000000000006        1.2952031603128247E-005   0.0000000000000000     
   42.500000000000000       -9.0068452984179367E-006   0.0000000000000000     
   42.600000000000001        6.0490731461112163E-006   0.0000000000000000     
   42.700000000000003       -3.8735593123633190E-006   0.0000000000000000     
   42.800000000000004        2.3095103679373886E-006   0.0000000000000000     
   42.900000000000006       -1.2163140745487934E-006   0.0000000000000000     
   43.000000000000000        4.7957480745953837E-007   0.0000000000000000     
   43.100000000000001       -7.4132249652038804E-009   0.0000000000000000     
   43.200000000000003       -2.7293648867834154E-007   0.0000000000000000     
   43.300000000000004        4.1821176997644782E-007   0.0000000000000000     
   43.400000000000006       -4.7188043140483854E-007   0.0000000000000000     
   43.500000000000000        4.6657425251742034E-007   0.0000000000000000     
   43.600000000000001       -4.2620648455750174E-007   0.0000000000000000     
   43.700000000000003        3.6778900149899300E-007   0.0000000000000000     
   43.800000000000004       -3.0296945042742414E-007   0.0000000000000000     
   43.900000000000006        2.3931216010321583E-007   0.0000000000000000     
   44.000000000000000       -1.8134872726417495E-007   0.0000000000000000     
   44.100000000000001        1.3142481187606956E-007   0.0000000000000000     
   44.200000000000003       -9.0369965590750516E-008   0.0000000000000000     
   44.300000000000004        5.8016020469489433E-008   0.0000000000000000     
   44.400000000000006       -3.3588508076836760E-008   0.0000000000000000     
   44.500000000000000        1.5993326719228260E-008   0.0000000000000000     
   44.600000000000001       -4.0189041487446818E-009   0.0000000000000000     
   44.700000000000003       -3.5284327307483978E-009   0.0000000000000000     
   44.800000000000004        7.7404963092258659E-009   0.0000000000000000     
   44.900000000000006       -9.5615895274524235E-009   0.0000000000000000     
   45.000000000000000        9.7705307220039435E-009   0.0000000000000000     
   45.100000000000001       -8.9815150585981379E-009   0.0000000000000000     
   45.200000000000003        7.6570303531537048E-009   0.0000000000000000     
   45.300000000000004       -6.1275499715568942E-009   0.0000000000000000     
   45.400000000000006        4.6141643621636159E-009   0.0000000000000000     
   45.500000000000000       -3.2514126935660913E-009   0.0000000000000000     
   45.600000000000001        2.1085853255143982E-009   0.0000000000000000     
   45.700000000000003       -1.2084177850131503E-009   0.0000000000000000     
   45.800000000000004        5.4269241572056450E-010   0.0000000000000000     
   45.900000000000006       -8.4623402030272575E-011   0.0000000000000000     
   46.000000000000000       -2.0173165919229188E-010   0.0000000000000000     
   46.100000000000001        3.5479758618160533E-010   0.0000000000000000     
   46.200000000000003       -4.1102171505032301E-010   0.0000000000000000     
   46.300000000000004        4.0228687074149155E-010   0.0000000000000000     
   46.400000000000006       -3.5462225947000992E-010   0.0000000000000000     
   46.500000000000000        2.8796173664236109E-010   0.0000000000000000     
   46.600000000000001       -2.1652776960315128E-010   0.0000000000000000     
   46.700000000000003        1.4961538508341402E-010   0.0000000000000000     
   46.800000000000004       -9.2516854892355414E-011   0.0000000000000000     
   46.900000000000006        4.7505889640881481E-011   0.0000000000000000     
   47.000000000000000       -1.4756745027146983E-011   0.0000000000000000     
   47.100000000000001       -6.9148183607411354E-012   0.0000000000000000     
   47.200000000000003        1.9396838475702131E-011   0.0000000000000000     
   47.300000000000004       -2.4844864920039079E-011   0.0000000000000000     
   47.400000000000006        2.5350241429013763E-011   0.0000000000000000     
   47.500000000000000       -2.2749437105017588E-011   0.0000000000000000     
   47.600000000000001        1.8513417600516142E-011   0.0000000000000000     
   47.700000000000003       -1.3759312102270045E-011   0.0000000000000000     
   47.800000000000004        9.2181301783960875E-012   0.0000000000000000     
   47.900000000000006       -5.3341542852391687E-012   0.0000000000000000     
   48.000000000000000        2.3040907540176362E-012   0.0000000000000000     
   48.100000000000001       -1.6848425790807156E-013   0.0000000000000000     
   48.200000000000003       -1.1744865846187488E-012   0.0000000000000000     
   48.300000000000004        1.8557402651865066E-012   0.0000000000000000     
   48.400000000000006       -2.0524106716117666E-012   0.0000000000000000     
   48.500000000000000        1.9170976587150908E-012   0.0000000000000000     
   48.600000000000001       -1.5941165387442639E-012   0.0000000000000000     
   48.700000000000003        1.2008117943550253E-012   0.0000000000000000     
   48.800000000000004       -8.0024495340783565E-013   0.0000000000000000     
   48.900000000000006        4.5120240965665839E-013   0.0000000000000000     
   49.000000000000000       -1.8086483338235220E-013   0.0000000000000000     
   49.100000000000001       -2.1009550242950361E-014   0.0000000000000000     
   49.200000000000003        1.2168054829333672E-013   0.0000000000000000     
   49.300000000000004       -2.0412743072350907E-013   0.0000000000000000     
   49.400000000000006        1.7838376628696221E-013   0.0000000000000000     
   49.500000000000000       -2.0305655728299796E-013   0.0000000000000000     
   49.600000000000001        1.3091737497280511E-013   0.0000000000000000     
   49.700000000000003       -1.4191648357063098E-013   0.0000000000000000     
   49.800000000000004       -4.8253811289976747E-014   0.0000000000000000     
   49.900000000000006        5.0654071924799070E-054   0.0000000000000000     
