   0.0000000000000000        6.4912151512601531E-016   0.0000000000000000     
  0.10000000000000001        3.4667898908712560E-016   0.0000000000000000     
  0.20000000000000001       -3.6683950353051533E-016   0.0000000000000000     
  0.30000000000000004       -1.2242254116369556E-015   0.0000000000000000     
  0.40000000000000002       -1.1159234004748146E-015   0.0000000000000000     
  0.50000000000000000        5.7959100719100992E-016   0.0000000000000000     
  0.60000000000000009        1.5002323243238341E-015   0.0000000000000000     
  0.70000000000000007        1.4836257685173197E-015   0.0000000000000000     
  0.80000000000000004       -5.1380412207932635E-016   0.0000000000000000     
  0.90000000000000002       -1.7845782205606117E-015   0.0000000000000000     
   1.0000000000000000        5.7155883258102989E-016   0.0000000000000000     
   1.1000000000000001        9.0728453399959815E-016   0.0000000000000000     
   1.2000000000000002       -1.8376637458623899E-015   0.0000000000000000     
   1.3000000000000000       -1.6588882612246864E-015   0.0000000000000000     
   1.4000000000000001        2.5118894987771782E-016   0.0000000000000000     
   1.5000000000000000        1.3119474983528722E-015   0.0000000000000000     
   1.6000000000000001        2.1649091276554392E-015   0.0000000000000000     
   1.7000000000000002        1.6690196519933631E-015   0.0000000000000000     
   1.8000000000000000       -5.2553057342390381E-016   0.0000000000000000     
   1.9000000000000001       -2.7066042084089810E-015   0.0000000000000000     
   2.0000000000000000       -1.8288721276637641E-015   0.0000000000000000     
   2.1000000000000001        6.6799746983479761E-016   0.0000000000000000     
   2.2000000000000002        6.9585627402221017E-016   0.0000000000000000     
   2.3000000000000003        1.2279106453835852E-016   0.0000000000000000     
   2.4000000000000004        1.2412310558746954E-016   0.0000000000000000     
   2.5000000000000000        8.4602629178989822E-016   0.0000000000000000     
   2.6000000000000001        1.5815084041147529E-015   0.0000000000000000     
   2.7000000000000002       -7.3508649951516798E-016   0.0000000000000000     
   2.8000000000000003       -2.0479861761654831E-015   0.0000000000000000     
   2.9000000000000004       -6.3202581650444955E-016   0.0000000000000000     
   3.0000000000000000        4.2044201182676507E-016   0.0000000000000000     
   3.1000000000000001        1.4102627422179582E-015   0.0000000000000000     
   3.2000000000000002        6.9279064403783005E-016   0.0000000000000000     
   3.3000000000000003        2.6612238143937473E-016   0.0000000000000000     
   3.4000000000000004       -1.4059159378295729E-016   0.0000000000000000     
   3.5000000000000000       -2.8834834316890358E-015   0.0000000000000000     
   3.6000000000000001       -1.1234394148917646E-015   0.0000000000000000     
   3.7000000000000002        2.0401967213879034E-015   0.0000000000000000     
   3.8000000000000003        1.1210669353549926E-015   0.0000000000000000     
   3.9000000000000004        1.3733359438398109E-015   0.0000000000000000     
   4.0000000000000000        6.5971769405509957E-016   0.0000000000000000     
   4.1000000000000005       -1.5505723082410122E-015   0.0000000000000000     
   4.2000000000000002       -1.2068211734420460E-015   0.0000000000000000     
   4.2999999999999998       -4.9938910900592785E-016   0.0000000000000000     
   4.4000000000000004       -3.1075169488845040E-016   0.0000000000000000     
   4.5000000000000000       -2.1310954340539850E-016   0.0000000000000000     
   4.6000000000000005        2.4237413004475299E-016   0.0000000000000000     
   4.7000000000000002        1.1021045826165199E-015   0.0000000000000000     
   4.8000000000000007        1.4997493641379289E-015   0.0000000000000000     
   4.9000000000000004        9.7575075482253725E-016   0.0000000000000000     
   5.0000000000000000       -1.4646685887237574E-015   0.0000000000000000     
   5.1000000000000005       -2.0842501900593912E-015   0.0000000000000000     
   5.2000000000000002       -2.8717250086012210E-016   0.0000000000000000     
   5.3000000000000007       -4.6470079044951650E-016   0.0000000000000000     
   5.4000000000000004        4.7753104991035182E-017   0.0000000000000000     
   5.5000000000000000        1.7211410291316188E-015   0.0000000000000000     
   5.6000000000000005        1.3412050637432947E-015   0.0000000000000000     
   5.7000000000000002        5.1565091203436434E-016   0.0000000000000000     
   5.8000000000000007       -1.9186874250058613E-016   0.0000000000000000     
   5.9000000000000004       -1.3806948226783388E-015   0.0000000000000000     
   6.0000000000000000       -1.6806855246569172E-015   0.0000000000000000     
   6.1000000000000005       -7.7271947606884229E-016   0.0000000000000000     
   6.2000000000000002        1.3832453985907820E-016   0.0000000000000000     
   6.3000000000000007        1.2297770060984460E-015   0.0000000000000000     
   6.4000000000000004        1.3462060527185515E-015   0.0000000000000000     
   6.5000000000000000       -3.6613371132822139E-016   0.0000000000000000     
   6.6000000000000005        2.6369462303417894E-016   0.0000000000000000     
   6.7000000000000002        1.5577322630546991E-015   0.0000000000000000     
   6.8000000000000007       -3.1482683916530732E-016   0.0000000000000000     
   6.9000000000000004       -1.6341594306775091E-015   0.0000000000000000     
   7.0000000000000000       -1.3403815080987502E-015   0.0000000000000000     
   7.1000000000000005       -5.9160180113514428E-016   0.0000000000000000     
   7.2000000000000002       -3.4386985673368827E-016   0.0000000000000000     
   7.3000000000000007       -1.6538778295787964E-016   0.0000000000000000     
   7.4000000000000004        1.8338700761836408E-015   0.0000000000000000     
   7.5000000000000000        1.6238828612905644E-015   0.0000000000000000     
   7.6000000000000005        2.5151098730932353E-016   0.0000000000000000     
   7.7000000000000002        5.5466107149546633E-016   0.0000000000000000     
   7.8000000000000007       -1.0906660579564364E-015   0.0000000000000000     
   7.9000000000000004       -1.1890241575081846E-015   0.0000000000000000     
   8.0000000000000000       -2.9500110856389870E-016   0.0000000000000000     
   8.0999999999999996       -1.7721932836426430E-015   0.0000000000000000     
   8.2000000000000011        2.2789923199749319E-016   0.0000000000000000     
   8.3000000000000007        2.0473247000873650E-015   0.0000000000000000     
   8.4000000000000004        4.7126773487869546E-016   0.0000000000000000     
   8.5000000000000000        9.2421290225365605E-016   0.0000000000000000     
   8.5999999999999996        5.2626844066846422E-016   0.0000000000000000     
   8.7000000000000011       -1.2655157828632520E-015   0.0000000000000000     
   8.8000000000000007       -1.6950554463246905E-015   0.0000000000000000     
   8.9000000000000004       -1.4463856842374007E-015   0.0000000000000000     
   9.0000000000000000        8.6212723761120461E-016   0.0000000000000000     
   9.0999999999999996        2.1121992095278991E-015   0.0000000000000000     
   9.2000000000000011        1.1147354769839109E-015   0.0000000000000000     
   9.3000000000000007        5.8152471553844990E-016   0.0000000000000000     
   9.4000000000000004       -1.8734578877578095E-015   0.0000000000000000     
   9.5000000000000000       -2.2730317116429340E-015   0.0000000000000000     
   9.6000000000000014        1.0068911409268286E-015   0.0000000000000000     
   9.7000000000000011        4.7891324138090460E-016   0.0000000000000000     
   9.8000000000000007       -4.6891794973333692E-016   0.0000000000000000     
   9.9000000000000004        1.4562221345383945E-015   0.0000000000000000     
   10.000000000000000        7.7199481590996966E-016   0.0000000000000000     
   10.100000000000001       -4.1955578099454088E-016   0.0000000000000000     
   10.200000000000001       -5.2009652057158393E-018   0.0000000000000000     
   10.300000000000001       -1.3788530176124257E-015   0.0000000000000000     
   10.400000000000000       -1.4293745771841836E-015   0.0000000000000000     
   10.500000000000000        7.7839257891553442E-016   0.0000000000000000     
   10.600000000000001       -2.7029995464093126E-016   0.0000000000000000     
   10.700000000000001       -2.6688558227489592E-016   0.0000000000000000     
   10.800000000000001        3.6153293581636837E-015   0.0000000000000000     
   10.900000000000000        3.1192672613865871E-015   0.0000000000000000     
   11.000000000000000       -7.0790281292855669E-016   0.0000000000000000     
   11.100000000000001       -3.3864395991193338E-015   0.0000000000000000     
   11.200000000000001       -4.6398583052049641E-015   0.0000000000000000     
   11.300000000000001       -1.8058208153611150E-015   0.0000000000000000     
   11.400000000000000        1.3721827388748933E-015   0.0000000000000000     
   11.500000000000000        2.6426463338458976E-015   0.0000000000000000     
   11.600000000000001        3.1990589706407623E-015   0.0000000000000000     
   11.700000000000001        1.1942793096584762E-015   0.0000000000000000     
   11.800000000000001        8.8332885860952372E-017   0.0000000000000000     
   11.900000000000000       -7.4025033564861119E-016   0.0000000000000000     
   12.000000000000000       -2.0085792594983745E-015   0.0000000000000000     
   12.100000000000001       -5.4805919220855901E-016   0.0000000000000000     
   12.200000000000001       -1.6954525842696184E-015   0.0000000000000000     
   12.300000000000001       -2.0755330934437213E-015   0.0000000000000000     
   12.400000000000000        1.9870965069118629E-015   0.0000000000000000     
   12.500000000000000        2.4224156145875319E-015   0.0000000000000000     
   12.600000000000001        9.6046323707600249E-016   0.0000000000000000     
   12.700000000000001        1.8578008385104903E-016   0.0000000000000000     
   12.800000000000001       -2.0069027646752838E-015   0.0000000000000000     
   12.900000000000000       -9.4545139543843879E-016   0.0000000000000000     
   13.000000000000000        9.1388714760377215E-016   0.0000000000000000     
   13.100000000000001        1.4780039282926715E-016   0.0000000000000000     
   13.200000000000001       -6.7636893216906415E-016   0.0000000000000000     
   13.300000000000001        1.0337349986212329E-015   0.0000000000000000     
   13.400000000000000        1.2653235674930712E-015   0.0000000000000000     
   13.500000000000000        1.7978511890270141E-016   0.0000000000000000     
   13.600000000000001       -1.3267434084691173E-015   0.0000000000000000     
   13.700000000000001       -8.0367087029951317E-016   0.0000000000000000     
   13.800000000000001       -1.6715589947273141E-015   0.0000000000000000     
   13.900000000000000        9.0749050397046255E-016   0.0000000000000000     
   14.000000000000000       -7.5270683255399806E-016   0.0000000000000000     
   14.100000000000001        2.2533869119508352E-015   0.0000000000000000     
   14.200000000000001        2.0394889624520563E-015   0.0000000000000000     
   14.300000000000001        2.2552007572803108E-015   0.0000000000000000     
   14.400000000000000       -6.2369016289446703E-015   0.0000000000000000     
   14.500000000000000        1.8808736040888892E-015   0.0000000000000000     
   14.600000000000001       -3.4292798085366654E-015   0.0000000000000000     
   14.700000000000001        5.6025979341587117E-015   0.0000000000000000     
   14.800000000000001       -5.2967145083934769E-015   0.0000000000000000     
   14.900000000000000        8.3943356520469882E-015   0.0000000000000000     
   15.000000000000000       -1.2656632416753282E-014   0.0000000000000000     
   15.100000000000001        1.5002470635484559E-014   0.0000000000000000     
   15.200000000000001       -1.6472171347854018E-014   0.0000000000000000     
   15.300000000000001        2.2778270734403799E-014   0.0000000000000000     
   15.400000000000000       -2.9608019141176052E-014   0.0000000000000000     
   15.500000000000000        3.7065753844536690E-014   0.0000000000000000     
   15.600000000000001       -4.9224947339887862E-014   0.0000000000000000     
   15.700000000000001        6.0649956324294200E-014   0.0000000000000000     
   15.800000000000001       -7.6673517491635541E-014   0.0000000000000000     
   15.900000000000000        1.0072459274931244E-013   0.0000000000000000     
   16.000000000000000       -1.2694386458387609E-013   0.0000000000000000     
   16.100000000000001        1.6013077876149644E-013   0.0000000000000000     
   16.199999999999999       -2.0523469707146500E-013   0.0000000000000000     
   16.300000000000001        2.6097309071593576E-013   0.0000000000000000     
   16.400000000000002       -3.3122943199072572E-013   0.0000000000000000     
   16.500000000000000        4.2024640615458120E-013   0.0000000000000000     
   16.600000000000001       -5.3385119623244785E-013   0.0000000000000000     
   16.699999999999999        6.7821693690605247E-013   0.0000000000000000     
   16.800000000000001       -8.5800027965748672E-013   0.0000000000000000     
   16.900000000000002        1.0857262073892051E-012   0.0000000000000000     
   17.000000000000000       -1.3765800270611350E-012   0.0000000000000000     
   17.100000000000001        1.7421028510192643E-012   0.0000000000000000     
   17.199999999999999       -2.1988463431014978E-012   0.0000000000000000     
   17.300000000000001        2.7792188265468028E-012   0.0000000000000000     
   17.400000000000002       -3.5097896544356930E-012   0.0000000000000000     
   17.500000000000000        4.4224505987236146E-012   0.0000000000000000     
   17.600000000000001       -5.5745418479128146E-012   0.0000000000000000     
   17.699999999999999        7.0218573965059647E-012   0.0000000000000000     
   17.800000000000001       -8.8379167119535075E-012   0.0000000000000000     
   17.900000000000002        1.1112563712874182E-011   0.0000000000000000     
   18.000000000000000       -1.3960469903812688E-011   0.0000000000000000     
   18.100000000000001        1.7527905654656986E-011   0.0000000000000000     
   18.199999999999999       -2.1985351427711896E-011   0.0000000000000000     
   18.300000000000001        2.7557399210670721E-011   0.0000000000000000     
   18.400000000000002       -3.4511937663061697E-011   0.0000000000000000     
   18.500000000000000        4.3187627032805752E-011   0.0000000000000000     
   18.600000000000001       -5.3996766250401816E-011   0.0000000000000000     
   18.699999999999999        6.7449056371414494E-011   0.0000000000000000     
   18.800000000000001       -8.4186892807237247E-011   0.0000000000000000     
   18.900000000000002        1.0498227319867022E-010   0.0000000000000000     
   19.000000000000000       -1.3080275142284226E-010   0.0000000000000000     
   19.100000000000001        1.6282729289813884E-010   0.0000000000000000     
   19.200000000000003       -2.0250531246597942E-010   0.0000000000000000     
   19.300000000000001        2.5163171364056142E-010   0.0000000000000000     
   19.400000000000002       -3.1238542035418686E-010   0.0000000000000000     
   19.500000000000000        3.8744776900209219E-010   0.0000000000000000     
   19.600000000000001       -4.8010052612533630E-010   0.0000000000000000     
   19.700000000000003        5.9434901853807500E-010   0.0000000000000000     
   19.800000000000001       -7.3508452785089019E-010   0.0000000000000000     
   19.900000000000002        9.0827282522298657E-010   0.0000000000000000     
   20.000000000000000       -1.1211849153346329E-009   0.0000000000000000     
   20.100000000000001        1.3826585358403273E-009   0.0000000000000000     
   20.200000000000003       -1.7034315127115804E-009   0.0000000000000000     
   20.300000000000001        2.0965474306208575E-009   0.0000000000000000     
   20.400000000000002       -2.5778135721537271E-009   0.0000000000000000     
   20.500000000000000        3.1663649636143992E-009   0.0000000000000000     
   20.600000000000001       -3.8853526017800228E-009   0.0000000000000000     
   20.700000000000003        4.7627334042886341E-009   0.0000000000000000     
   20.800000000000001       -5.8322416147603256E-009   0.0000000000000000     
   20.900000000000002        7.1345181378701161E-009   0.0000000000000000     
   21.000000000000000       -8.7184640694019900E-009   0.0000000000000000     
   21.100000000000001        1.0642881344264542E-008   0.0000000000000000     
   21.200000000000003       -1.2978332926819444E-008   0.0000000000000000     
   21.300000000000001        1.5809404561778366E-008   0.0000000000000000     
   21.400000000000002       -1.9237393849881719E-008   0.0000000000000000     
   21.500000000000000        2.3383408203644144E-008   0.0000000000000000     
   21.600000000000001       -2.8392080484058411E-008   0.0000000000000000     
   21.700000000000003        3.4435892060049835E-008   0.0000000000000000     
   21.800000000000001       -4.1720268486974533E-008   0.0000000000000000     
   21.900000000000002        5.0489550088066677E-008   0.0000000000000000     
   22.000000000000000       -6.1033937451348268E-008   0.0000000000000000     
   22.100000000000001        7.3697688027178001E-008   0.0000000000000000     
   22.200000000000003       -8.8888556932334062E-008   0.0000000000000000     
   22.300000000000001        1.0708886860814635E-007   0.0000000000000000     
   22.400000000000002       -1.2886837732611491E-007   0.0000000000000000     
   22.500000000000000        1.5489910145750310E-007   0.0000000000000000     
   22.600000000000001       -1.8597261368125501E-007   0.0000000000000000     
   22.700000000000003        2.2301992955600386E-007   0.0000000000000000     
   22.800000000000001       -2.6713449050709858E-007   0.0000000000000000     
   22.900000000000002        3.1959862043447089E-007   0.0000000000000000     
   23.000000000000000       -3.8191393929398158E-007   0.0000000000000000     
   23.100000000000001        4.5583623897510247E-007   0.0000000000000000     
   23.200000000000003       -5.4341539441670188E-007   0.0000000000000000     
   23.300000000000001        6.4704103806607313E-007   0.0000000000000000     
   23.400000000000002       -7.6949454844932390E-007   0.0000000000000000     
   23.500000000000000        9.1400827929526904E-007   0.0000000000000000     
   23.600000000000001       -1.0843328132439091E-006   0.0000000000000000     
   23.700000000000003        1.2848131772589848E-006   0.0000000000000000     
   23.800000000000001       -1.5204750202518715E-006   0.0000000000000000     
   23.900000000000002        1.7971218538291909E-006   0.0000000000000000     
   24.000000000000000       -2.1214445739228809E-006   0.0000000000000000     
   24.100000000000001        2.5011443905230801E-006   0.0000000000000000     
   24.200000000000003       -2.9450706870017521E-006   0.0000000000000000     
   24.300000000000001        3.4633750693589254E-006   0.0000000000000000     
   24.400000000000002       -4.0676831555507493E-006   0.0000000000000000     
   24.500000000000000        4.7712857275711204E-006   0.0000000000000000     
   24.600000000000001       -5.5893506969782994E-006   0.0000000000000000     
   24.700000000000003        6.5391577326233074E-006   0.0000000000000000     
   24.800000000000001       -7.6403570782792050E-006   0.0000000000000000     
   24.900000000000002        8.9152543298409638E-006   0.0000000000000000     
   25.000000000000000       -1.0389122850123827E-005   0.0000000000000000     
   25.100000000000001        1.2090545336781427E-005   0.0000000000000000     
   25.200000000000003       -1.4051786247722222E-005   0.0000000000000000     
   25.300000000000001        1.6309196340772094E-005   0.0000000000000000     
   25.400000000000002       -1.8903650674653655E-005   0.0000000000000000     
   25.500000000000000        2.1881021056578599E-005   0.0000000000000000     
   25.600000000000001       -2.5292683640354109E-005   0.0000000000000000     
   25.700000000000003        2.9196062189458284E-005   0.0000000000000000     
   25.800000000000001       -3.3655206810913666E-005   0.0000000000000000     
   25.900000000000002        3.8741407804266634E-005   0.0000000000000000     
   26.000000000000000       -4.4533843418956802E-005   0.0000000000000000     
   26.100000000000001        5.1120259757401839E-005   0.0000000000000000     
   26.200000000000003       -5.8597680327318239E-005   0.0000000000000000     
   26.300000000000001        6.7073141715819878E-005   0.0000000000000000     
   26.400000000000002       -7.6664451125636016E-005   0.0000000000000000     
   26.500000000000000        8.7500960137056611E-005   0.0000000000000000     
   26.600000000000001       -9.9724348087433940E-005   0.0000000000000000     
   26.700000000000003        1.1348940709152661E-004   0.0000000000000000     
   26.800000000000001       -1.2896481925542426E-004   0.0000000000000000     
   26.900000000000002        1.4633391522230892E-004   0.0000000000000000     
   27.000000000000000       -1.6579540151075134E-004   0.0000000000000000     
   27.100000000000001        1.8756404254893923E-004   0.0000000000000000     
   27.200000000000003       -2.1187128145813911E-004   0.0000000000000000     
   27.300000000000001        2.3896578189940617E-004   0.0000000000000000     
   27.400000000000002       -2.6911387161495070E-004   0.0000000000000000     
   27.500000000000000        3.0259986636245684E-004   0.0000000000000000     
   27.600000000000001       -3.3972625132991905E-004   0.0000000000000000     
   27.700000000000003        3.8081369543356965E-004   0.0000000000000000     
   27.800000000000001       -4.2620087238124928E-004   0.0000000000000000     
   27.900000000000002        4.7624406111524596E-004   0.0000000000000000     
   28.000000000000000       -5.3131649699178875E-004   0.0000000000000000     
   28.100000000000001        5.9180744443693937E-004   0.0000000000000000     
   28.200000000000003       -6.5812096112536050E-004   0.0000000000000000     
   28.300000000000001        7.3067432382667539E-004   0.0000000000000000     
   28.400000000000002       -8.0989608637826364E-004   0.0000000000000000     
   28.500000000000000        8.9622374114605460E-004   0.0000000000000000     
   28.600000000000001       -9.9010095700973215E-004   0.0000000000000000     
   28.700000000000003        1.0919743689655366E-003   0.0000000000000000     
   28.800000000000001       -1.2022898974129222E-003   0.0000000000000000     
   28.900000000000002        1.3214885790262117E-003   0.0000000000000000     
   29.000000000000000       -1.4500018954549253E-003   0.0000000000000000     
   29.100000000000001        1.5882465916116104E-003   0.0000000000000000     
   29.200000000000003       -1.7366189816716577E-003   0.0000000000000000     
   29.300000000000001        1.8954887479637531E-003   0.0000000000000000     
   29.400000000000002       -2.0651922461986569E-003   0.0000000000000000     
   29.500000000000000        2.2460253393104157E-003   0.0000000000000000     
   29.600000000000001       -2.4382357922360285E-003   0.0000000000000000     
   29.700000000000003        2.6420152702917106E-003   0.0000000000000000     
   29.800000000000001       -2.8574909953691554E-003   0.0000000000000000     
   29.900000000000002        3.0847171258378448E-003   0.0000000000000000     
   30.000000000000000       -3.3236659383322738E-003   0.0000000000000000     
   30.100000000000001        3.5742189023259762E-003   0.0000000000000000     
   30.200000000000003       -3.8361577507039822E-003   0.0000000000000000     
   30.300000000000001        4.1091556622185228E-003   0.0000000000000000     
   30.400000000000002       -4.3927686835790623E-003   0.0000000000000000     
   30.500000000000000        4.6864275302471005E-003   0.0000000000000000     
   30.600000000000001       -4.9894299154626953E-003   0.0000000000000000     
   30.700000000000003        5.3009335658821578E-003   0.0000000000000000     
   30.800000000000001       -5.6199500897780820E-003   0.0000000000000000     
   30.900000000000002        5.9453398691517055E-003   0.0000000000000000     
   31.000000000000000       -6.2758081503509356E-003   0.0000000000000000     
   31.100000000000001        6.6099025083574941E-003   0.0000000000000000     
   31.200000000000003       -6.9460118577016460E-003   0.0000000000000000     
   31.300000000000001        7.2823671775029625E-003   0.0000000000000000     
   31.400000000000002       -7.6170441092132182E-003   0.0000000000000000     
   31.500000000000000        7.9479675733213906E-003   0.0000000000000000     
   31.600000000000001       -8.2729185348897373E-003   0.0000000000000000     
   31.700000000000003        8.5895430278934946E-003   0.0000000000000000     
   31.800000000000001       -8.8953635242542094E-003   0.0000000000000000     
   31.900000000000002        9.1877927058403620E-003   0.0000000000000000     
   32.000000000000000       -9.4641496662860643E-003   0.0000000000000000     
   32.100000000000001        9.7216785347169123E-003   0.0000000000000000     
   32.200000000000003       -9.9575694755619296E-003   0.0000000000000000     
   32.300000000000004        1.0168981978177694E-002   0.0000000000000000     
   32.399999999999999       -1.0353070307407735E-002   0.0000000000000000     
   32.500000000000000        1.0507010941936505E-002   0.0000000000000000     
   32.600000000000001       -1.0628031782619908E-002   0.0000000000000000     
   32.700000000000003        1.0713442867845801E-002   0.0000000000000000     
   32.800000000000004       -1.0760668289176935E-002   0.0000000000000000     
   32.899999999999999        1.0767278958189224E-002   0.0000000000000000     
   33.000000000000000       -1.0731025835936566E-002   0.0000000000000000     
   33.100000000000001        1.0649873200905957E-002   0.0000000000000000     
   33.200000000000003       -1.0522031500221440E-002   0.0000000000000000     
   33.300000000000004        1.0345989303730164E-002   0.0000000000000000     
   33.399999999999999       -1.0120543861818074E-002   0.0000000000000000     
   33.500000000000000        9.8448297569120550E-003   0.0000000000000000     
   33.600000000000001       -9.5183451354925504E-003   0.0000000000000000     
   33.700000000000003        9.1409750137198282E-003   0.0000000000000000     
   33.800000000000004       -8.7130111650013161E-003   0.0000000000000000     
   33.899999999999999        8.2351681230157705E-003   0.0000000000000000     
   34.000000000000000       -7.7085948688476848E-003   0.0000000000000000     
   34.100000000000001        7.1348818154840848E-003   0.0000000000000000     
   34.200000000000003       -6.5160627574434773E-003   0.0000000000000000     
   34.300000000000004        5.8546115165854680E-003   0.0000000000000000     
   34.399999999999999       -5.1534330868605611E-003   0.0000000000000000     
   34.500000000000000        4.4158491597580361E-003   0.0000000000000000     
   34.600000000000001       -3.6455779973970088E-003   0.0000000000000000     
   34.700000000000003        2.8467087102281258E-003   0.0000000000000000     
   34.800000000000004       -2.0236700894283939E-003   0.0000000000000000     
   34.899999999999999        1.1811942390090849E-003   0.0000000000000000     
   35.000000000000000       -3.2427534687323034E-004   0.0000000000000000     
   35.100000000000001       -5.4187597351141193E-004   0.0000000000000000     
   35.200000000000003        1.4118822512885674E-003   0.0000000000000000     
   35.300000000000004       -2.2802520348214469E-003   0.0000000000000000     
   35.399999999999999        3.1414354014484766E-003   0.0000000000000000     
   35.500000000000000       -3.9898813613817490E-003   0.0000000000000000     
   35.600000000000001        4.8200963642821915E-003   0.0000000000000000     
   35.700000000000003       -5.6267030779972348E-003   0.0000000000000000     
   35.800000000000004        6.4044985837687085E-003   0.0000000000000000     
   35.899999999999999       -7.1485111228094091E-003   0.0000000000000000     
   36.000000000000000        7.8540545351920444E-003   0.0000000000000000     
   36.100000000000001       -8.5167795547120700E-003   0.0000000000000000     
   36.200000000000003        9.1327211619224215E-003   0.0000000000000000     
   36.300000000000004       -9.6983412521560782E-003   0.0000000000000000     
   36.399999999999999        1.0210565944904828E-002   0.0000000000000000     
   36.500000000000000       -1.0666816944232271E-002   0.0000000000000000     
   36.600000000000001        1.1065036455814106E-002   0.0000000000000000     
   36.700000000000003       -1.1403705272349957E-002   0.0000000000000000     
   36.800000000000004        1.1681853754206346E-002   0.0000000000000000     
   36.899999999999999       -1.1899065552922059E-002   0.0000000000000000     
   37.000000000000000        1.2055474050025638E-002   0.0000000000000000     
   37.100000000000001       -1.2151751609352300E-002   0.0000000000000000     
   37.200000000000003        1.2189091865083157E-002   0.0000000000000000     
   37.300000000000004       -1.2169185387745909E-002   0.0000000000000000     
   37.399999999999999        1.2094189183134187E-002   0.0000000000000000     
   37.500000000000000       -1.1966690583102254E-002   0.0000000000000000     
   37.600000000000001        1.1789666178961104E-002   0.0000000000000000     
   37.700000000000003       -1.1566436527189758E-002   0.0000000000000000     
   37.800000000000004        1.1300617420371514E-002   0.0000000000000000     
   37.899999999999999       -1.0996068563553981E-002   0.0000000000000000     
   38.000000000000000        1.0656840525854323E-002   0.0000000000000000     
   38.100000000000001       -1.0287120849150943E-002   0.0000000000000000     
   38.200000000000003        9.8911801899203861E-003   0.0000000000000000     
   38.300000000000004       -9.4733193469723614E-003   0.0000000000000000     
   38.400000000000006        9.0378179879881584E-003   0.0000000000000000     
   38.500000000000000       -8.5888858325387368E-003   0.0000000000000000     
   38.600000000000001        8.1306169801135929E-003   0.0000000000000000     
   38.700000000000003       -7.6669479905244050E-003   0.0000000000000000     
   38.800000000000004        7.2016202332451495E-003   0.0000000000000000     
   38.900000000000006       -6.7381469235278432E-003   0.0000000000000000     
   39.000000000000000        6.2797851595915938E-003   0.0000000000000000     
   39.100000000000001       -5.8295131690755762E-003   0.0000000000000000     
   39.200000000000003        5.3900128664677339E-003   0.0000000000000000     
   39.300000000000004       -4.9636577194661106E-003   0.0000000000000000     
   39.400000000000006        4.5525058227068411E-003   0.0000000000000000     
   39.500000000000000       -4.1582979850007746E-003   0.0000000000000000     
   39.600000000000001        3.7824605519625617E-003   0.0000000000000000     
   39.700000000000003       -3.4261126123332807E-003   0.0000000000000000     
   39.800000000000004        3.0900771736898213E-003   0.0000000000000000     
   39.900000000000006       -2.7748958431519769E-003   0.0000000000000000     
   40.000000000000000        2.4808465115195993E-003   0.0000000000000000     
   40.100000000000001       -2.2079635147008404E-003   0.0000000000000000     
   40.200000000000003        1.9560597352200454E-003   0.0000000000000000     
   40.300000000000004       -1.7247501072264169E-003   0.0000000000000000     
   40.400000000000006        1.5134760012601440E-003   0.0000000000000000     
   40.500000000000000       -1.3215299880247988E-003   0.0000000000000000     
   40.600000000000001        1.1480805128515784E-003   0.0000000000000000     
   40.700000000000003       -9.9219605301338653E-004   0.0000000000000000     
   40.800000000000004        8.5286837671347108E-004   0.0000000000000000     
   40.900000000000006       -7.2903457396901895E-004   0.0000000000000000     
   41.000000000000000        6.1959758432160309E-004   0.0000000000000000     
   41.100000000000001       -5.2344500243565767E-004   0.0000000000000000     
   41.200000000000003        4.3946599879016363E-004   0.0000000000000000     
   41.300000000000004       -3.6656624747035289E-004   0.0000000000000000     
   41.400000000000006        3.0368080527342132E-004   0.0000000000000000     
   41.500000000000000       -2.4978493480671003E-004   0.0000000000000000     
   41.600000000000001        2.0390290797803521E-004   0.0000000000000000     
   41.700000000000003       -1.6511486506343015E-004   0.0000000000000000     
   41.800000000000004        1.3256183708372439E-004   0.0000000000000000     
   41.900000000000006       -1.0544906615326128E-004   0.0000000000000000     
   42.000000000000000        8.3047778948646151E-005   0.0000000000000000     
   42.100000000000001       -6.4695583060791952E-005   0.0000000000000000     
   42.200000000000003        4.9795664888214310E-005   0.0000000000000000     
   42.300000000000004       -3.7814971025996475E-005   0.0000000000000000     
   42.400000000000006        2.8281553862121994E-005   0.0000000000000000     
   42.500000000000000       -2.0781256240313611E-005   0.0000000000000000     
   42.600000000000001        1.4953901015191985E-005   0.0000000000000000     
   42.700000000000003       -1.0489138889129207E-005   0.0000000000000000     
   42.800000000000004        7.1220937216293924E-006   0.0000000000000000     
   42.900000000000006       -4.6289283770952698E-006   0.0000000000000000     
   43.000000000000000        2.8224375154766044E-006   0.0000000000000000     
   43.100000000000001       -1.5477563424387655E-006   0.0000000000000000     
   43.200000000000003        6.7825765094354763E-007   0.0000000000000000     
   43.300000000000004       -1.1169290547470969E-007   0.0000000000000000     
   43.400000000000006       -2.3338183186107161E-007   0.0000000000000000     
   43.500000000000000        4.2086848101985819E-007   0.0000000000000000     
   43.600000000000001       -5.0006371996137137E-007   0.0000000000000000     
   43.700000000000003        5.0826624938598924E-007   0.0000000000000000     
   43.800000000000004       -4.7306012589473012E-007   0.0000000000000000     
   43.900000000000006        4.1428674367223979E-007   0.0000000000000000     
   44.000000000000000       -3.4572404086143605E-007   0.0000000000000000     
   44.100000000000001        2.7649521682811836E-007   0.0000000000000000     
   44.200000000000003       -2.1223237867425155E-007   0.0000000000000000     
   44.300000000000004        1.5602163353213912E-007   0.0000000000000000     
   44.400000000000006       -1.0915670327403478E-007   0.0000000000000000     
   44.500000000000000        7.1727628625080066E-008   0.0000000000000000     
   44.600000000000001       -4.3069819986809722E-008   0.0000000000000000     
   44.700000000000003        2.2097121875567983E-008   0.0000000000000000     
   44.800000000000004       -7.5402869579359870E-009   0.0000000000000000     
   44.900000000000006       -1.8899175053528384E-009   0.0000000000000000     
   45.000000000000000        7.3983244226175899E-009   0.0000000000000000     
   45.100000000000001       -1.0045369669580400E-008   0.0000000000000000     
   45.200000000000003        1.0719552892098249E-008   0.0000000000000000     
   45.300000000000004       -1.0132558987713017E-008   0.0000000000000000     
   45.400000000000006        8.8292922428794875E-009   0.0000000000000000     
   45.500000000000000       -7.2067677323240081E-009   0.0000000000000000     
   45.600000000000001        5.5373548813565931E-009   0.0000000000000000     
   45.700000000000003       -3.9931052124737531E-009   0.0000000000000000     
   45.800000000000004        2.6690907698044403E-009   0.0000000000000000     
   45.900000000000006       -1.6042483530220380E-009   0.0000000000000000     
   46.000000000000000        7.9913641172205203E-010   0.0000000000000000     
   46.100000000000001       -2.3028252613188152E-010   0.0000000000000000     
   46.200000000000003       -1.3870413306725692E-010   0.0000000000000000     
   46.300000000000004        3.4906460257229213E-010   0.0000000000000000     
   46.400000000000006       -4.4132372557318832E-010   0.0000000000000000     
   46.500000000000000        4.5187165601688031E-010   0.0000000000000000     
   46.600000000000001       -4.1116117386558855E-010   0.0000000000000000     
   46.700000000000003        3.4305753480393000E-010   0.0000000000000000     
   46.800000000000004       -2.6507187651407716E-010   0.0000000000000000     
   46.900000000000006        1.8906053499262193E-010   0.0000000000000000     
   47.000000000000000       -1.2219116762752767E-010   0.0000000000000000     
   47.100000000000001        6.7979135939925930E-011   0.0000000000000000     
   47.200000000000003       -2.7329252075888931E-011   0.0000000000000000     
   47.300000000000004       -6.0615007486892584E-013   0.0000000000000000     
   47.400000000000006        1.7668073602056922E-011   0.0000000000000000     
   47.500000000000000       -2.6161516333550268E-011   0.0000000000000000     
   47.600000000000001        2.8418432245503370E-011   0.0000000000000000     
   47.700000000000003       -2.6570395643288934E-011   0.0000000000000000     
   47.800000000000004        2.2376725551340329E-011   0.0000000000000000     
   47.900000000000006       -1.7215625867578825E-011   0.0000000000000000     
   48.000000000000000        1.2023711262200065E-011   0.0000000000000000     
   48.100000000000001       -7.4150294790289329E-012   0.0000000000000000     
   48.200000000000003        3.6946185625840176E-012   0.0000000000000000     
   48.300000000000004       -9.5665301792356588E-013   0.0000000000000000     
   48.400000000000006       -8.4513402139010712E-013   0.0000000000000000     
   48.500000000000000        1.8632126144550325E-012   0.0000000000000000     
   48.600000000000001       -2.2627282278732476E-012   0.0000000000000000     
   48.700000000000003        2.2315149886204259E-012   0.0000000000000000     
   48.800000000000004       -1.9426967975336281E-012   0.0000000000000000     
   48.900000000000006        1.5076952289087271E-012   0.0000000000000000     
   49.000000000000000       -1.0795912853141532E-012   0.0000000000000000     
   49.100000000000001        6.2965149112097142E-013   0.0000000000000000     
   49.200000000000003       -3.3445938614800259E-013   0.0000000000000000     
   49.300000000000004        3.1480039365309679E-014   0.0000000000000000     
   49.400000000000006        7.9516039005098930E-014   0.0000000000000000     
   49.500000000000000       -2.1479448392702038E-013   0.0000000000000000     
   49.600000000000001        2.2396390343165446E-013   0.0000000000000000     
   49.700000000000003       -2.3790912765086551E-013   0.0000000000000000     
   49.800000000000004        7.2685560837407741E-014   0.0000000000000000     
   49.900000000000006        5.0654071924799070E-054   0.0000000000000000     
