   0.0000000000000000       -2.8284332970460412E-015   0.0000000000000000     
  0.10000000000000001       -2.8422360548960630E-015   0.0000000000000000     
  0.20000000000000001       -1.1535842581131395E-015   0.0000000000000000     
  0.30000000000000004        1.3649035201200561E-015   0.0000000000000000     
  0.40000000000000002        1.8060810842935977E-015   0.0000000000000000     
  0.50000000000000000       -3.7574202145558746E-016   0.0000000000000000     
  0.60000000000000009        5.3475110677068573E-016   0.0000000000000000     
  0.70000000000000007       -6.6376430136094459E-016   0.0000000000000000     
  0.80000000000000004       -1.9170875464037423E-015   0.0000000000000000     
  0.90000000000000002        2.2021498076410780E-015   0.0000000000000000     
   1.0000000000000000        1.0361649391534907E-015   0.0000000000000000     
   1.1000000000000001       -1.6376893805024333E-015   0.0000000000000000     
   1.2000000000000002        3.1522661793182134E-016   0.0000000000000000     
   1.3000000000000000       -5.0358823323852319E-016   0.0000000000000000     
   1.4000000000000001       -6.7540313536568477E-016   0.0000000000000000     
   1.5000000000000000       -7.0538788238534232E-016   0.0000000000000000     
   1.6000000000000001       -7.0630130266678287E-016   0.0000000000000000     
   1.7000000000000002        3.9010446404698881E-015   0.0000000000000000     
   1.8000000000000000        2.1731894340963486E-015   0.0000000000000000     
   1.9000000000000001       -2.6882847979938312E-015   0.0000000000000000     
   2.0000000000000000       -8.5227409266876831E-016   0.0000000000000000     
   2.1000000000000001       -1.4274678742028613E-015   0.0000000000000000     
   2.2000000000000002       -1.9214500524240359E-015   0.0000000000000000     
   2.3000000000000003        1.6137104633095956E-015   0.0000000000000000     
   2.4000000000000004        1.6741817784713376E-015   0.0000000000000000     
   2.5000000000000000        6.5286961180315476E-016   0.0000000000000000     
   2.6000000000000001        3.8163164838104014E-016   0.0000000000000000     
   2.7000000000000002       -4.6064699194563663E-016   0.0000000000000000     
   2.8000000000000003       -4.2405000043073044E-016   0.0000000000000000     
   2.9000000000000004       -1.0360384461095100E-015   0.0000000000000000     
   3.0000000000000000       -8.2805522203149527E-016   0.0000000000000000     
   3.1000000000000001        1.1827670674555079E-015   0.0000000000000000     
   3.2000000000000002        6.6024966632314022E-016   0.0000000000000000     
   3.3000000000000003       -1.6990751646320083E-015   0.0000000000000000     
   3.4000000000000004       -6.5749995797839764E-016   0.0000000000000000     
   3.5000000000000000        2.7952520567886078E-015   0.0000000000000000     
   3.6000000000000001        1.4123978342169893E-015   0.0000000000000000     
   3.7000000000000002       -1.7627416085286431E-015   0.0000000000000000     
   3.8000000000000003       -6.3331900470490980E-016   0.0000000000000000     
   3.9000000000000004        5.9348667860546472E-016   0.0000000000000000     
   4.0000000000000000       -1.1876416855509154E-015   0.0000000000000000     
   4.1000000000000005       -9.3423751638437972E-016   0.0000000000000000     
   4.2000000000000002        3.7679929857081849E-016   0.0000000000000000     
   4.2999999999999998        1.5527401936997667E-015   0.0000000000000000     
   4.4000000000000004        5.2913022661862873E-016   0.0000000000000000     
   4.5000000000000000        5.0960745346519161E-016   0.0000000000000000     
   4.6000000000000005       -1.3437606556946487E-015   0.0000000000000000     
   4.7000000000000002       -3.3539305584798436E-016   0.0000000000000000     
   4.8000000000000007       -3.2823866227734734E-016   0.0000000000000000     
   4.9000000000000004        1.4807306406510905E-015   0.0000000000000000     
   5.0000000000000000       -1.3328458448801899E-015   0.0000000000000000     
   5.1000000000000005        1.4294050627720594E-015   0.0000000000000000     
   5.2000000000000002       -4.1044510153864027E-015   0.0000000000000000     
   5.3000000000000007        4.2172267019263091E-015   0.0000000000000000     
   5.4000000000000004       -6.3897105533521798E-016   0.0000000000000000     
   5.5000000000000000        2.6603637712425615E-015   0.0000000000000000     
   5.6000000000000005       -7.8653467034596052E-015   0.0000000000000000     
   5.7000000000000002        9.9736791107765588E-015   0.0000000000000000     
   5.8000000000000007       -1.0585374917185906E-014   0.0000000000000000     
   5.9000000000000004        1.2258732123825171E-014   0.0000000000000000     
   6.0000000000000000       -1.6149684400632110E-014   0.0000000000000000     
   6.1000000000000005        2.2037474516672907E-014   0.0000000000000000     
   6.2000000000000002       -2.7979365740391081E-014   0.0000000000000000     
   6.3000000000000007        3.4294014582743732E-014   0.0000000000000000     
   6.4000000000000004       -4.5583924638189552E-014   0.0000000000000000     
   6.5000000000000000        5.9550570639239356E-014   0.0000000000000000     
   6.6000000000000005       -7.5668079389495597E-014   0.0000000000000000     
   6.7000000000000002        9.5726689673805652E-014   0.0000000000000000     
   6.8000000000000007       -1.2019205004574935E-013   0.0000000000000000     
   6.9000000000000004        1.5671994693320358E-013   0.0000000000000000     
   7.0000000000000000       -2.0117690482674848E-013   0.0000000000000000     
   7.1000000000000005        2.5410316513069376E-013   0.0000000000000000     
   7.2000000000000002       -3.2644120459323383E-013   0.0000000000000000     
   7.3000000000000007        4.1458477957792378E-013   0.0000000000000000     
   7.4000000000000004       -5.2834186481664069E-013   0.0000000000000000     
   7.5000000000000000        6.7586625436992074E-013   0.0000000000000000     
   7.6000000000000005       -8.5813986588028118E-013   0.0000000000000000     
   7.7000000000000002        1.0929493690818716E-012   0.0000000000000000     
   7.8000000000000007       -1.3884688217726340E-012   0.0000000000000000     
   7.9000000000000004        1.7634973464085209E-012   0.0000000000000000     
   8.0000000000000000       -2.2411846468304109E-012   0.0000000000000000     
   8.0999999999999996        2.8407280771256355E-012   0.0000000000000000     
   8.2000000000000011       -3.6069951086181479E-012   0.0000000000000000     
   8.3000000000000007        4.5722120184145364E-012   0.0000000000000000     
   8.4000000000000004       -5.7816386312142638E-012   0.0000000000000000     
   8.5000000000000000        7.3174001799870295E-012   0.0000000000000000     
   8.5999999999999996       -9.2540220873395150E-012   0.0000000000000000     
   8.7000000000000011        1.1690373142678976E-011   0.0000000000000000     
   8.8000000000000007       -1.4758368059897706E-011   0.0000000000000000     
   8.9000000000000004        1.8614644341112056E-011   0.0000000000000000     
   9.0000000000000000       -2.3461704216351633E-011   0.0000000000000000     
   9.0999999999999996        2.9546889512467274E-011   0.0000000000000000     
   9.2000000000000011       -3.7179877528841143E-011   0.0000000000000000     
   9.3000000000000007        4.6743877039998448E-011   0.0000000000000000     
   9.4000000000000004       -5.8716991120188341E-011   0.0000000000000000     
   9.5000000000000000        7.3698161918807260E-011   0.0000000000000000     
   9.6000000000000014       -9.2419156286570409E-011   0.0000000000000000     
   9.7000000000000011        1.1579263396515839E-010   0.0000000000000000     
   9.8000000000000007       -1.4494810460325989E-010   0.0000000000000000     
   9.9000000000000004        1.8127858401104837E-010   0.0000000000000000     
   10.000000000000000       -2.2651085378301718E-010   0.0000000000000000     
   10.100000000000001        2.8276484132284752E-010   0.0000000000000000     
   10.200000000000001       -3.5265763326877282E-010   0.0000000000000000     
   10.300000000000001        4.3941113011966130E-010   0.0000000000000000     
   10.400000000000000       -5.4697981135370681E-010   0.0000000000000000     
   10.500000000000000        6.8022504217710511E-010   0.0000000000000000     
   10.600000000000001       -8.4509756661688551E-010   0.0000000000000000     
   10.700000000000001        1.0488908549726864E-009   0.0000000000000000     
   10.800000000000001       -1.3005339897383926E-009   0.0000000000000000     
   10.900000000000000        1.6109161120949901E-009   0.0000000000000000     
   11.000000000000000       -1.9933414541945404E-009   0.0000000000000000     
   11.100000000000001        2.4640232665293816E-009   0.0000000000000000     
   11.200000000000001       -3.0426768560956134E-009   0.0000000000000000     
   11.300000000000001        3.7532907209252117E-009   0.0000000000000000     
   11.400000000000000       -4.6249756663415955E-009   0.0000000000000000     
   11.500000000000000        5.6930249151741053E-009   0.0000000000000000     
   11.600000000000001       -7.0001955165872478E-009   0.0000000000000000     
   11.700000000000001        8.5981700329111491E-009   0.0000000000000000     
   11.800000000000001       -1.0549379993623774E-008   0.0000000000000000     
   11.900000000000000        1.2929130272036858E-008   0.0000000000000000     
   12.000000000000000       -1.5828104158926609E-008   0.0000000000000000     
   12.100000000000001        1.9355405555706388E-008   0.0000000000000000     
   12.200000000000001       -2.3642077949578596E-008   0.0000000000000000     
   12.300000000000001        2.8845307644819435E-008   0.0000000000000000     
   12.400000000000000       -3.5153399556260098E-008   0.0000000000000000     
   12.500000000000000        4.2791585628590125E-008   0.0000000000000000     
   12.600000000000001       -5.2028915273908252E-008   0.0000000000000000     
   12.700000000000001        6.3186295194088910E-008   0.0000000000000000     
   12.800000000000001       -7.6645935482770213E-008   0.0000000000000000     
   12.900000000000000        9.2862425946359043E-008   0.0000000000000000     
   13.000000000000000       -1.1237560071190735E-007   0.0000000000000000     
   13.100000000000001        1.3582560203972717E-007   0.0000000000000000     
   13.200000000000001       -1.6397037872426100E-007   0.0000000000000000     
   13.300000000000001        1.9770599219436784E-007   0.0000000000000000     
   13.400000000000000       -2.3809019674450925E-007   0.0000000000000000     
   13.500000000000000        2.8636966643330372E-007   0.0000000000000000     
   13.600000000000001       -3.4401147072114184E-007   0.0000000000000000     
   13.700000000000001        4.1273932891421153E-007   0.0000000000000000     
   13.800000000000001       -4.9457528205768677E-007   0.0000000000000000     
   13.900000000000000        5.9188755845520977E-007   0.0000000000000000     
   14.000000000000000       -7.0744535077672950E-007   0.0000000000000000     
   14.100000000000001        8.4448142953238805E-007   0.0000000000000000     
   14.200000000000001       -1.0067635316493471E-006   0.0000000000000000     
   14.300000000000001        1.1986755797932092E-006   0.0000000000000000     
   14.400000000000000       -1.4253099007570626E-006   0.0000000000000000     
   14.500000000000000        1.6925716263036525E-006   0.0000000000000000     
   14.600000000000001       -2.0072966989994158E-006   0.0000000000000000     
   14.700000000000001        2.3773848576468874E-006   0.0000000000000000     
   14.800000000000001       -2.8119491498659451E-006   0.0000000000000000     
   14.900000000000000        3.3214836627176064E-006   0.0000000000000000     
   15.000000000000000       -3.9180510954468412E-006   0.0000000000000000     
   15.100000000000001        4.6154920592206938E-006   0.0000000000000000     
   15.200000000000001       -5.4296579389541305E-006   0.0000000000000000     
   15.300000000000001        6.3786692029434138E-006   0.0000000000000000     
   15.400000000000000       -7.4832012116325219E-006   0.0000000000000000     
   15.500000000000000        8.7667993682946801E-006   0.0000000000000000     
   15.600000000000001       -1.0256225626251956E-005   0.0000000000000000     
   15.700000000000001        1.1981838241374034E-005   0.0000000000000000     
   15.800000000000001       -1.3978006457674091E-005   0.0000000000000000     
   15.900000000000000        1.6283561884964239E-005   0.0000000000000000     
   16.000000000000000       -1.8942287904601722E-005   0.0000000000000000     
   16.100000000000001        2.2003448255166512E-005   0.0000000000000000     
   16.199999999999999       -2.5522355682898496E-005   0.0000000000000000     
   16.300000000000001        2.9560980959627166E-005   0.0000000000000000     
   16.400000000000002       -3.4188602209899364E-005   0.0000000000000000     
   16.500000000000000        3.9482493777245985E-005   0.0000000000000000     
   16.600000000000001       -4.5528653204887358E-005   0.0000000000000000     
   16.699999999999999        5.2422564094531747E-005   0.0000000000000000     
   16.800000000000001       -6.0269991547581877E-005   0.0000000000000000     
   16.900000000000002        6.9187806025313591E-005   0.0000000000000000     
   17.000000000000000       -7.9304830114912530E-005   0.0000000000000000     
   17.100000000000001        9.0762701373921258E-005   0.0000000000000000     
   17.199999999999999       -1.0371674311222049E-004   0.0000000000000000     
   17.300000000000001        1.1833683323492015E-004   0.0000000000000000     
   17.400000000000002       -1.3480825966453411E-004   0.0000000000000000     
   17.500000000000000        1.5333254903007135E-004   0.0000000000000000     
   17.600000000000001       -1.7412825341901899E-004   0.0000000000000000     
   17.699999999999999        1.9743167800602689E-004   0.0000000000000000     
   17.800000000000001       -2.2349753028713386E-004   0.0000000000000000     
   17.900000000000002        2.5259946967906333E-004   0.0000000000000000     
   18.000000000000000       -2.8503053406535973E-004   0.0000000000000000     
   18.100000000000001        3.2110341793242450E-004   0.0000000000000000     
   18.199999999999999       -3.6115057478561182E-004   0.0000000000000000     
   18.300000000000001        4.0552411467594245E-004   0.0000000000000000     
   18.400000000000002       -4.5459546618836647E-004   0.0000000000000000     
   18.500000000000000        5.0875477075000444E-004   0.0000000000000000     
   18.600000000000001       -5.6840997620964955E-004   0.0000000000000000     
   18.699999999999999        6.3398559595540882E-004   0.0000000000000000     
   18.800000000000001       -7.0592109958571259E-004   0.0000000000000000     
   18.900000000000002        7.8466890175006977E-004   0.0000000000000000     
   19.000000000000000       -8.7069191651548399E-004   0.0000000000000000     
   19.100000000000001        9.6446064641598941E-004   0.0000000000000000     
   19.200000000000003       -1.0664497779274953E-003   0.0000000000000000     
   19.300000000000001        1.1771342581787783E-003   0.0000000000000000     
   19.400000000000002       -1.2969848321458437E-003   0.0000000000000000     
   19.500000000000000        1.4264630246847724E-003   0.0000000000000000     
   19.600000000000001       -1.5660155578647267E-003   0.0000000000000000     
   19.700000000000003        1.7160682014842063E-003   0.0000000000000000     
   19.800000000000001       -1.8770190627732785E-003   0.0000000000000000     
   19.900000000000002        2.0492313306055307E-003   0.0000000000000000     
   20.000000000000000       -2.2330255000380518E-003   0.0000000000000000     
   20.100000000000001        2.4286711140936580E-003   0.0000000000000000     
   20.200000000000003       -2.6363780718941274E-003   0.0000000000000000     
   20.300000000000001        2.8562875653267718E-003   0.0000000000000000     
   20.400000000000002       -3.0884627197189630E-003   0.0000000000000000     
   20.500000000000000        3.3328790280756403E-003   0.0000000000000000     
   20.600000000000001       -3.5894146826937348E-003   0.0000000000000000     
   20.700000000000003        3.8578409219617951E-003   0.0000000000000000     
   20.800000000000001       -4.1378125241999684E-003   0.0000000000000000     
   20.900000000000002        4.4288585936184521E-003   0.0000000000000000     
   21.000000000000000       -4.7303737958209564E-003   0.0000000000000000     
   21.100000000000001        5.0416102115060958E-003   0.0000000000000000     
   21.200000000000003       -5.3616699863741138E-003   0.0000000000000000     
   21.300000000000001        5.6894989628073003E-003   0.0000000000000000     
   21.400000000000002       -6.0238814839942362E-003   0.0000000000000000     
   21.500000000000000        6.3634365634182453E-003   0.0000000000000000     
   21.600000000000001       -6.7066156120288625E-003   0.0000000000000000     
   21.700000000000003        7.0517019110795248E-003   0.0000000000000000     
   21.800000000000001       -7.3968120106629827E-003   0.0000000000000000     
   21.900000000000002        7.7398992222467329E-003   0.0000000000000000     
   22.000000000000000       -8.0787593572166291E-003   0.0000000000000000     
   22.100000000000001        8.4110388431056695E-003   0.0000000000000000     
   22.200000000000003       -8.7342453246085396E-003   0.0000000000000000     
   22.300000000000001        9.0457608272874260E-003   0.0000000000000000     
   22.400000000000002       -9.3428575288402368E-003   0.0000000000000000     
   22.500000000000000        9.6227161457419687E-003   0.0000000000000000     
   22.600000000000001       -9.8824469024616692E-003   0.0000000000000000     
   22.700000000000003        1.0119113006792973E-002   0.0000000000000000     
   22.800000000000001       -1.0329756508621410E-002   0.0000000000000000     
   22.900000000000002        1.0511426371588849E-002   0.0000000000000000     
   23.000000000000000       -1.0661208537916784E-002   0.0000000000000000     
   23.100000000000001        1.0776257717570492E-002   0.0000000000000000     
   23.200000000000003       -1.0853830584636416E-002   0.0000000000000000     
   23.300000000000001        1.0891320017078291E-002   0.0000000000000000     
   23.400000000000002       -1.0886289972609297E-002   0.0000000000000000     
   23.500000000000000        1.0836510553690233E-002   0.0000000000000000     
   23.600000000000001       -1.0739992780127107E-002   0.0000000000000000     
   23.700000000000003        1.0595022559569015E-002   0.0000000000000000     
   23.800000000000001       -1.0400193324978386E-002   0.0000000000000000     
   23.900000000000002        1.0154436795212635E-002   0.0000000000000000     
   24.000000000000000       -9.8570513109423191E-003   0.0000000000000000     
   24.100000000000001        9.5077272038486919E-003   0.0000000000000000     
   24.200000000000003       -9.1065686729481180E-003   0.0000000000000000     
   24.300000000000001        8.6541116684811063E-003   0.0000000000000000     
   24.400000000000002       -8.1513373209561712E-003   0.0000000000000000     
   24.500000000000000        7.5996805007238983E-003   0.0000000000000000     
   24.600000000000001       -7.0010331516307551E-003   0.0000000000000000     
   24.700000000000003        6.3577421099320162E-003   0.0000000000000000     
   24.800000000000001       -5.6726011962393054E-003   0.0000000000000000     
   24.900000000000002        4.9488374526373367E-003   0.0000000000000000     
   25.000000000000000       -4.1900914877967543E-003   0.0000000000000000     
   25.100000000000001        3.4003919886168321E-003   0.0000000000000000     
   25.200000000000003       -2.5841245556487719E-003   0.0000000000000000     
   25.300000000000001        1.7459951197168189E-003   0.0000000000000000     
   25.400000000000002       -8.9098829657271235E-004   0.0000000000000000     
   25.500000000000000        2.4321132836005264E-005   0.0000000000000000     
   25.600000000000001        8.4860721164781540E-004   0.0000000000000000     
   25.700000000000003       -1.7222692153171680E-003   0.0000000000000000     
   25.800000000000001        2.5910654749987674E-003   0.0000000000000000     
   25.900000000000002       -3.4493831442840165E-003   0.0000000000000000     
   26.000000000000000        4.2916555080163045E-003   0.0000000000000000     
   26.100000000000001       -5.1124218325018997E-003   0.0000000000000000     
   26.200000000000003        5.9063866082381894E-003   0.0000000000000000     
   26.300000000000001       -6.6684772956792735E-003   0.0000000000000000     
   26.400000000000002        7.3938996943952381E-003   0.0000000000000000     
   26.500000000000000       -8.0781900834020134E-003   0.0000000000000000     
   26.600000000000001        8.7172633241933140E-003   0.0000000000000000     
   26.700000000000003       -9.3074561778573196E-003   0.0000000000000000     
   26.800000000000001        9.8455651630505459E-003   0.0000000000000000     
   26.900000000000002       -1.0328878370161809E-002   0.0000000000000000     
   27.000000000000000        1.0755200748201747E-002   0.0000000000000000     
   27.100000000000001       -1.1122872491908900E-002   0.0000000000000000     
   27.200000000000003        1.1430780275242447E-002   0.0000000000000000     
   27.300000000000001       -1.1678361201794449E-002   0.0000000000000000     
   27.400000000000002        1.1865599469153503E-002   0.0000000000000000     
   27.500000000000000       -1.1993015871127733E-002   0.0000000000000000     
   27.600000000000001        1.2061650385692881E-002   0.0000000000000000     
   27.700000000000003       -1.2073038214819304E-002   0.0000000000000000     
   27.800000000000001        1.2029179752964584E-002   0.0000000000000000     
   27.900000000000002       -1.1932505061002881E-002   0.0000000000000000     
   28.000000000000000        1.1785833509881929E-002   0.0000000000000000     
   28.100000000000001       -1.1592329331677892E-002   0.0000000000000000     
   28.200000000000003        1.1355453873197741E-002   0.0000000000000000     
   28.300000000000001       -1.1078915387960946E-002   0.0000000000000000     
   28.400000000000002        1.0766617225787836E-002   0.0000000000000000     
   28.500000000000000       -1.0422605284757584E-002   0.0000000000000000     
   28.600000000000001        1.0051015578461272E-002   0.0000000000000000     
   28.700000000000003       -9.6560227429618208E-003   0.0000000000000000     
   28.800000000000001        9.2417902633058525E-003   0.0000000000000000     
   28.900000000000002       -8.8124231407508084E-003   0.0000000000000000     
   29.000000000000000        8.3719236503895702E-003   0.0000000000000000     
   29.100000000000001       -7.9241507566223755E-003   0.0000000000000000     
   29.200000000000003        7.4727836634626158E-003   0.0000000000000000     
   29.300000000000001       -7.0212898796359622E-003   0.0000000000000000     
   29.400000000000002        6.5728980780495839E-003   0.0000000000000000     
   29.500000000000000       -6.1305759273376469E-003   0.0000000000000000     
   29.600000000000001        5.6970129721808536E-003   0.0000000000000000     
   29.700000000000003       -5.2746085418591904E-003   0.0000000000000000     
   29.800000000000001        4.8654645741303707E-003   0.0000000000000000     
   29.900000000000002       -4.4713831567123928E-003   0.0000000000000000     
   30.000000000000000        4.0938685126751138E-003   0.0000000000000000     
   30.100000000000001       -3.7341330899267342E-003   0.0000000000000000     
   30.200000000000003        3.3931073603058089E-003   0.0000000000000000     
   30.300000000000001       -3.0714528905987884E-003   0.0000000000000000     
   30.400000000000002        2.7695782167622440E-003   0.0000000000000000     
   30.500000000000000       -2.4876570336481718E-003   0.0000000000000000     
   30.600000000000001        2.2256482051891233E-003   0.0000000000000000     
   30.700000000000003       -1.9833171038013521E-003   0.0000000000000000     
   30.800000000000001        1.7602578017448293E-003   0.0000000000000000     
   30.900000000000002       -1.5559156604937510E-003   0.0000000000000000     
   31.000000000000000        1.3696098953443758E-003   0.0000000000000000     
   31.100000000000001       -1.2005557301385441E-003   0.0000000000000000     
   31.200000000000003        1.0478858001098780E-003   0.0000000000000000     
   31.300000000000001       -9.1067050751654662E-004   0.0000000000000000     
   31.400000000000002        7.8793708358559499E-004   0.0000000000000000     
   31.500000000000000       -6.7868716040149664E-004   0.0000000000000000     
   31.600000000000001        5.8191270565661915E-004   0.0000000000000000     
   31.700000000000003       -4.9661022123692275E-004   0.0000000000000000     
   31.800000000000001        4.2179315198735814E-004   0.0000000000000000     
   31.900000000000002       -3.5650249270947497E-004   0.0000000000000000     
   32.000000000000000        2.9981561942489467E-004   0.0000000000000000     
   32.100000000000001       -2.5085340375398136E-004   0.0000000000000000     
   32.200000000000003        2.0878569746732311E-004   0.0000000000000000     
   32.300000000000004       -1.7283529713045125E-004   0.0000000000000000     
   32.399999999999999        1.4228051629299534E-004   0.0000000000000000     
   32.500000000000000       -1.1645650558702386E-004   0.0000000000000000     
   32.600000000000001        9.4755468736061125E-005   0.0000000000000000     
   32.700000000000003       -7.6625925937964586E-005   0.0000000000000000     
   32.800000000000004        6.1571175674692211E-005   0.0000000000000000     
   32.899999999999999       -4.9147101806646381E-005   0.0000000000000000     
   33.000000000000000        3.8959465938418488E-005   0.0000000000000000     
   33.100000000000001       -3.0660815779448579E-005   0.0000000000000000     
   33.200000000000003        2.3947128918856760E-005   0.0000000000000000     
   33.300000000000004       -1.8554299237266912E-005   0.0000000000000000     
   33.399999999999999        1.4254559879097525E-005   0.0000000000000000     
   33.500000000000000       -1.0852923129497238E-005   0.0000000000000000     
   33.600000000000001        8.1837044434768188E-006   0.0000000000000000     
   33.700000000000003       -6.1071845906529565E-006   0.0000000000000000     
   33.800000000000004        4.5064518285722564E-006   0.0000000000000000     
   33.899999999999999       -3.2844548119470046E-006   0.0000000000000000     
   34.000000000000000        2.3612864897349719E-006   0.0000000000000000     
   34.100000000000001       -1.6717106436481606E-006   0.0000000000000000     
   34.200000000000003        1.1629347677978683E-006   0.0000000000000000     
   34.300000000000004       -7.9262654332976843E-007   0.0000000000000000     
   34.399999999999999        5.2716625462868225E-007   0.0000000000000000     
   34.500000000000000       -3.4012302647331753E-007   0.0000000000000000     
   34.600000000000001        2.1094011880583428E-007   0.0000000000000000     
   34.700000000000003       -1.2381244826443602E-007   0.0000000000000000     
   34.800000000000004        6.6738141230105229E-008   0.0000000000000000     
   34.899999999999999       -3.0725838536947732E-008   0.0000000000000000     
   35.000000000000000        9.1392675803859736E-009   0.0000000000000000     
   35.100000000000001        2.8385529901173912E-009   0.0000000000000000     
   35.200000000000003       -8.6381833353876897E-009   0.0000000000000000     
   35.300000000000004        1.0649288843100444E-008   0.0000000000000000     
   35.399999999999999       -1.0492787538626868E-008   0.0000000000000000     
   35.500000000000000        9.2323269057110150E-009   0.0000000000000000     
   35.600000000000001       -7.5361335845859194E-009   0.0000000000000000     
   35.700000000000003        5.7988640576329762E-009   0.0000000000000000     
   35.800000000000004       -4.2317066619279910E-009   0.0000000000000000     
   35.899999999999999        2.9276261560094640E-009   0.0000000000000000     
   36.000000000000000       -1.9074319888278998E-009   0.0000000000000000     
   36.100000000000001        1.1514435421273883E-009   0.0000000000000000     
   36.200000000000003       -6.2046659347570472E-010   0.0000000000000000     
   36.300000000000004        2.6894714525509023E-010   0.0000000000000000     
   36.399999999999999       -5.2778016807671580E-011   0.0000000000000000     
   36.500000000000000       -6.6675049539526281E-011   0.0000000000000000     
   36.600000000000001        1.2094191370917729E-010   0.0000000000000000     
   36.700000000000003       -1.3427171223618788E-010   0.0000000000000000     
   36.800000000000004        1.2434600693397270E-010   0.0000000000000000     
   36.899999999999999       -1.0331876324573604E-010   0.0000000000000000     
   37.000000000000000        7.9000364158770664E-011   0.0000000000000000     
   37.100000000000001       -5.5961096855136648E-011   0.0000000000000000     
   37.200000000000003        3.6495069182683207E-011   0.0000000000000000     
   37.300000000000004       -2.1402004290324128E-011   0.0000000000000000     
   37.399999999999999        1.0564729903922341E-011   0.0000000000000000     
   37.500000000000000       -3.3976780338647409E-012   0.0000000000000000     
   37.600000000000001       -8.7118247402042988E-013   0.0000000000000000     
   37.700000000000003        3.0244616602643622E-012   0.0000000000000000     
   37.800000000000004       -3.7626508832974031E-012   0.0000000000000000     
   37.899999999999999        3.6456960271812997E-012   0.0000000000000000     
   38.000000000000000       -3.0739828662999262E-012   0.0000000000000000     
   38.100000000000001        2.3426966056100845E-012   0.0000000000000000     
   38.200000000000003       -1.6183015465979630E-012   0.0000000000000000     
   38.300000000000004        1.0031844239807038E-012   0.0000000000000000     
   38.400000000000006       -5.2969035567284992E-013   0.0000000000000000     
   38.500000000000000        1.9320147925101033E-013   0.0000000000000000     
   38.600000000000001        9.9793342452615543E-015   0.0000000000000000     
   38.700000000000003       -1.2439485142952384E-013   0.0000000000000000     
   38.800000000000004        1.6389539664790821E-013   0.0000000000000000     
   38.900000000000006       -1.6380289043621897E-013   0.0000000000000000     
   39.000000000000000        1.4112734963759072E-013   0.0000000000000000     
   39.100000000000001       -1.0171664629715755E-013   0.0000000000000000     
   39.200000000000003        7.0188292202769886E-014   0.0000000000000000     
   39.300000000000004       -4.1385567094586610E-014   0.0000000000000000     
   39.400000000000006        1.8066703432824435E-014   0.0000000000000000     
   39.500000000000000       -5.9513729634577254E-015   0.0000000000000000     
   39.600000000000001       -5.8318716857669412E-015   0.0000000000000000     
   39.700000000000003        9.1463693075746516E-015   0.0000000000000000     
   39.800000000000004       -1.1904757862327804E-014   0.0000000000000000     
   39.900000000000006        7.8233618664322604E-015   0.0000000000000000     
   40.000000000000000       -4.8007872797093341E-015   0.0000000000000000     
   40.100000000000001        5.0860455129016528E-015   0.0000000000000000     
   40.200000000000003       -9.7758327067133069E-016   0.0000000000000000     
   40.300000000000004        1.2403240504452947E-015   0.0000000000000000     
   40.400000000000006        1.6571753224061114E-015   0.0000000000000000     
   40.500000000000000       -3.4473593773480119E-016   0.0000000000000000     
   40.600000000000001        1.2436962005016173E-015   0.0000000000000000     
   40.700000000000003       -1.8185738296084303E-015   0.0000000000000000     
   40.800000000000004       -3.8243035153347206E-016   0.0000000000000000     
   40.900000000000006        1.4199287120690713E-015   0.0000000000000000     
   41.000000000000000       -1.8257706640734304E-015   0.0000000000000000     
   41.100000000000001        4.4463182325091478E-016   0.0000000000000000     
   41.200000000000003       -4.2581346449653718E-015   0.0000000000000000     
   41.300000000000004        5.4559533550643111E-015   0.0000000000000000     
   41.400000000000006       -3.3582039553808057E-015   0.0000000000000000     
   41.500000000000000        1.8472598736684686E-015   0.0000000000000000     
   41.600000000000001       -8.6369506397368340E-017   0.0000000000000000     
   41.700000000000003        4.4810436407974998E-015   0.0000000000000000     
   41.800000000000004       -3.0268758186972845E-015   0.0000000000000000     
   41.900000000000006        2.6197971628946070E-015   0.0000000000000000     
   42.000000000000000       -2.9915395238052088E-015   0.0000000000000000     
   42.100000000000001        1.9151181183518540E-015   0.0000000000000000     
   42.200000000000003       -5.3290504692898461E-015   0.0000000000000000     
   42.300000000000004        4.4659531674044340E-015   0.0000000000000000     
   42.400000000000006       -5.2919635987367712E-015   0.0000000000000000     
   42.500000000000000        7.4495972656709782E-015   0.0000000000000000     
   42.600000000000001       -3.4274142723041221E-015   0.0000000000000000     
   42.700000000000003        2.8752328631123145E-015   0.0000000000000000     
   42.800000000000004       -3.0662819026098448E-015   0.0000000000000000     
   42.900000000000006        3.0898476198139708E-015   0.0000000000000000     
   43.000000000000000       -3.0299902313254860E-015   0.0000000000000000     
   43.100000000000001       -1.6842676121378195E-015   0.0000000000000000     
   43.200000000000003       -1.5458312347649186E-015   0.0000000000000000     
   43.300000000000004        2.4723405514017275E-015   0.0000000000000000     
   43.400000000000006        5.9851706071285549E-016   0.0000000000000000     
   43.500000000000000        3.8706841994927530E-015   0.0000000000000000     
   43.600000000000001        1.2750663285798996E-015   0.0000000000000000     
   43.700000000000003        3.4648295941508374E-015   0.0000000000000000     
   43.800000000000004       -2.4028869100457620E-016   0.0000000000000000     
   43.900000000000006       -2.6239380547313378E-015   0.0000000000000000     
   44.000000000000000       -2.0580528353143570E-015   0.0000000000000000     
   44.100000000000001        2.6995208352236901E-016   0.0000000000000000     
   44.200000000000003       -5.8445512868083655E-016   0.0000000000000000     
   44.300000000000004       -3.4930566125361344E-015   0.0000000000000000     
   44.400000000000006        1.2581824016644916E-015   0.0000000000000000     
   44.500000000000000       -6.5362599367071796E-016   0.0000000000000000     
   44.600000000000001        1.1985475794842068E-015   0.0000000000000000     
   44.700000000000003       -2.5651052266108545E-016   0.0000000000000000     
   44.800000000000004        2.4389047287452128E-015   0.0000000000000000     
   44.900000000000006       -4.6182130276705908E-015   0.0000000000000000     
   45.000000000000000        3.9667629502339573E-015   0.0000000000000000     
   45.100000000000001       -7.4275529421894135E-016   0.0000000000000000     
   45.200000000000003        2.7781756453284558E-015   0.0000000000000000     
   45.300000000000004       -3.2384089437094901E-015   0.0000000000000000     
   45.400000000000006       -6.4837369411594759E-016   0.0000000000000000     
   45.500000000000000       -7.0391419557263168E-017   0.0000000000000000     
   45.600000000000001       -4.7480359219689665E-016   0.0000000000000000     
   45.700000000000003        3.4123618935639599E-016   0.0000000000000000     
   45.800000000000004       -3.4520493323141210E-015   0.0000000000000000     
   45.900000000000006        3.1265905460471786E-015   0.0000000000000000     
   46.000000000000000       -2.5277937326996845E-015   0.0000000000000000     
   46.100000000000001       -4.1364274452272905E-016   0.0000000000000000     
   46.200000000000003       -2.0748708597144414E-015   0.0000000000000000     
   46.300000000000004        2.0308647075961637E-015   0.0000000000000000     
   46.400000000000006       -3.4100933419427918E-016   0.0000000000000000     
   46.500000000000000       -1.9139394075416931E-016   0.0000000000000000     
   46.600000000000001       -1.6822034999516532E-015   0.0000000000000000     
   46.700000000000003        2.1680575423917880E-015   0.0000000000000000     
   46.800000000000004        2.8913175444848847E-015   0.0000000000000000     
   46.900000000000006        8.3438396217410424E-016   0.0000000000000000     
   47.000000000000000        2.9802894492308747E-016   0.0000000000000000     
   47.100000000000001       -7.4728128982317974E-016   0.0000000000000000     
   47.200000000000003       -5.4361075104452435E-016   0.0000000000000000     
   47.300000000000004       -6.2521485642540231E-015   0.0000000000000000     
   47.400000000000006        4.8342011111766420E-016   0.0000000000000000     
   47.500000000000000       -6.9445389748858761E-016   0.0000000000000000     
   47.600000000000001        1.7412538447537245E-015   0.0000000000000000     
   47.700000000000003       -6.6814045514556535E-015   0.0000000000000000     
   47.800000000000004       -3.9403295261610714E-016   0.0000000000000000     
   47.900000000000006        1.0494967699505406E-015   0.0000000000000000     
   48.000000000000000        2.9206134053525464E-015   0.0000000000000000     
   48.100000000000001       -9.4015763508251180E-016   0.0000000000000000     
   48.200000000000003       -1.0124107633843863E-016   0.0000000000000000     
   48.300000000000004        4.7066299608790476E-016   0.0000000000000000     
   48.400000000000006        2.4542550236137367E-016   0.0000000000000000     
   48.500000000000000        2.2057732891591754E-015   0.0000000000000000     
   48.600000000000001       -1.3643564009232402E-015   0.0000000000000000     
   48.700000000000003        2.3029836507912582E-015   0.0000000000000000     
   48.800000000000004        3.8398578521257871E-016   0.0000000000000000     
   48.900000000000006       -1.7938609595826270E-016   0.0000000000000000     
   49.000000000000000       -2.2338164455581028E-015   0.0000000000000000     
   49.100000000000001        2.1681032100652637E-016   0.0000000000000000     
   49.200000000000003       -8.3147719628517370E-016   0.0000000000000000     
   49.300000000000004       -2.5956531871669766E-015   0.0000000000000000     
   49.400000000000006        2.5367911647904771E-015   0.0000000000000000     
   49.500000000000000       -2.6643715450565113E-015   0.0000000000000000     
   49.600000000000001        2.1685014374773601E-016   0.0000000000000000     
   49.700000000000003       -2.3130534821857724E-015   0.0000000000000000     
   49.800000000000004        1.3146320571821790E-015   0.0000000000000000     
   49.900000000000006        5.0654071924799070E-054   0.0000000000000000     
