   0.0000000000000000        5.7317221538784328E-008   0.0000000000000000     
  0.10000000000000001        4.9692111944122112E-008   0.0000000000000000     
  0.20000000000000001        3.5591847341685646E-008   0.0000000000000000     
  0.30000000000000004        4.6798121793576204E-008   0.0000000000000000     
  0.40000000000000002        1.9088479502584265E-008   0.0000000000000000     
  0.50000000000000000        4.0606388748709963E-008   0.0000000000000000     
  0.60000000000000009        7.7771637713798908E-010   0.0000000000000000     
  0.70000000000000007        3.8968552562307195E-008   0.0000000000000000     
  0.80000000000000004       -1.6545913347996737E-008   0.0000000000000000     
  0.90000000000000002        4.4842761255194192E-008   0.0000000000000000     
   1.0000000000000000       -3.5756101307982313E-008   0.0000000000000000     
   1.1000000000000001        5.8760792683654988E-008   0.0000000000000000     
   1.2000000000000002       -6.0135176633989079E-008   0.0000000000000000     
   1.3000000000000000        8.2530927549995168E-008   0.0000000000000000     
   1.4000000000000001       -9.3550717187398291E-008   0.0000000000000000     
   1.5000000000000000        1.1943148213571491E-007   0.0000000000000000     
   1.6000000000000001       -1.4099244141754911E-007   0.0000000000000000     
   1.7000000000000002        1.7456678211918305E-007   0.0000000000000000     
   1.8000000000000000       -2.0921239339970641E-007   0.0000000000000000     
   1.9000000000000001        2.5543666191163898E-007   0.0000000000000000     
   2.0000000000000000       -3.0753354399942486E-007   0.0000000000000000     
   2.1000000000000001        3.7276317596993498E-007   0.0000000000000000     
   2.2000000000000002       -4.4890289641148530E-007   0.0000000000000000     
   2.3000000000000003        5.4163871542732777E-007   0.0000000000000000     
   2.4000000000000004       -6.5127890008167465E-007   0.0000000000000000     
   2.5000000000000000        7.8308189123539249E-007   0.0000000000000000     
   2.6000000000000001       -9.3946134757522075E-007   0.0000000000000000     
   2.7000000000000002        1.1261121577258535E-006   0.0000000000000000     
   2.8000000000000003       -1.3474943481371222E-006   0.0000000000000000     
   2.9000000000000004        1.6104814646245999E-006   0.0000000000000000     
   3.0000000000000000       -1.9217992716271741E-006   0.0000000000000000     
   3.1000000000000001        2.2902308264344202E-006   0.0000000000000000     
   3.2000000000000002       -2.7252238888886274E-006   0.0000000000000000     
   3.3000000000000003        3.2382712401584996E-006   0.0000000000000000     
   3.4000000000000004       -3.8422246804790005E-006   0.0000000000000000     
   3.5000000000000000        4.5522201142751232E-006   0.0000000000000000     
   3.6000000000000001       -5.3854299578332520E-006   0.0000000000000000     
   3.7000000000000002        6.3617542921424782E-006   0.0000000000000000     
   3.8000000000000003       -7.5038587728654578E-006   0.0000000000000000     
   3.9000000000000004        8.8377653167555257E-006   0.0000000000000000     
   4.0000000000000000       -1.0393090531869033E-005   0.0000000000000000     
   4.1000000000000005        1.2203617277546948E-005   0.0000000000000000     
   4.2000000000000002       -1.4307687909947544E-005   0.0000000000000000     
   4.2999999999999998        1.6748806690484282E-005   0.0000000000000000     
   4.4000000000000004       -1.9576163941174923E-005   0.0000000000000000     
   4.5000000000000000        2.2845299589443466E-005   0.0000000000000000     
   4.6000000000000005       -2.6618745123142571E-005   0.0000000000000000     
   4.7000000000000002        3.0966764973029862E-005   0.0000000000000000     
   4.8000000000000007       -3.5968106735384161E-005   0.0000000000000000     
   4.9000000000000004        4.1710826043198624E-005   0.0000000000000000     
   5.0000000000000000       -4.8293133932136330E-005   0.0000000000000000     
   5.1000000000000005        5.5824300346532292E-005   0.0000000000000000     
   5.2000000000000002       -6.4425581723991345E-005   0.0000000000000000     
   5.3000000000000007        7.4231186924449404E-005   0.0000000000000000     
   5.4000000000000004       -8.5389258827708647E-005   0.0000000000000000     
   5.5000000000000000        9.8062873337401648E-005   0.0000000000000000     
   5.6000000000000005       -1.1243103630048906E-004   0.0000000000000000     
   5.7000000000000002        1.2868967106833667E-004   0.0000000000000000     
   5.8000000000000007       -1.4705257671768142E-004   0.0000000000000000     
   5.9000000000000004        1.6775234233392205E-004   0.0000000000000000     
   6.0000000000000000       -1.9104119474808981E-004   0.0000000000000000     
   6.1000000000000005        2.1719175871961097E-004   0.0000000000000000     
   6.2000000000000002       -2.4649770302067166E-004   0.0000000000000000     
   6.3000000000000007        2.7927424562952896E-004   0.0000000000000000     
   6.4000000000000004       -3.1585848713184888E-004   0.0000000000000000     
   6.5000000000000000        3.5660954030289262E-004   0.0000000000000000     
   6.6000000000000005       -4.0190842084028973E-004   0.0000000000000000     
   6.7000000000000002        4.5215766296100176E-004   0.0000000000000000     
   6.8000000000000007       -5.0778062160181851E-004   0.0000000000000000     
   6.9000000000000004        5.6922042210959007E-004   0.0000000000000000     
   7.0000000000000000       -6.3693851750629225E-004   0.0000000000000000     
   7.1000000000000005        7.1141281362369568E-004   0.0000000000000000     
   7.2000000000000002       -7.9313532289761093E-004   0.0000000000000000     
   7.3000000000000007        8.8260930927028540E-004   0.0000000000000000     
   7.4000000000000004       -9.8034588903390973E-004   0.0000000000000000     
   7.5000000000000000        1.0868600557992199E-003   0.0000000000000000     
   7.6000000000000005       -1.2026661022698150E-003   0.0000000000000000     
   7.7000000000000002        1.3282724171872430E-003   0.0000000000000000     
   7.8000000000000007       -1.4641756425449446E-003   0.0000000000000000     
   7.9000000000000004        1.6108541842550358E-003   0.0000000000000000     
   8.0000000000000000       -1.7687610788444941E-003   0.0000000000000000     
   8.0999999999999996        1.9383162293232128E-003   0.0000000000000000     
   8.2000000000000011       -2.1198980351313425E-003   0.0000000000000000     
   8.3000000000000007        2.3138344541513067E-003   0.0000000000000000     
   8.4000000000000004       -2.5203935488310458E-003   0.0000000000000000     
   8.5000000000000000        2.7397735833312397E-003   0.0000000000000000     
   8.5999999999999996       -2.9720927544801220E-003   0.0000000000000000     
   8.7000000000000011        3.2173786555985450E-003   0.0000000000000000     
   8.8000000000000007       -3.4755575886976186E-003   0.0000000000000000     
   8.9000000000000004        3.7464438572736352E-003   0.0000000000000000     
   9.0000000000000000       -4.0297291881033559E-003   0.0000000000000000     
   9.0999999999999996        4.3249724458408823E-003   0.0000000000000000     
   9.2000000000000011       -4.6315898188006403E-003   0.0000000000000000     
   9.3000000000000007        4.9488456670968494E-003   0.0000000000000000     
   9.4000000000000004       -5.2758442351438237E-003   0.0000000000000000     
   9.5000000000000000        5.6115224391691653E-003   0.0000000000000000     
   9.6000000000000014       -5.9546439458771881E-003   0.0000000000000000     
   9.7000000000000011        6.3037947606882378E-003   0.0000000000000000     
   9.8000000000000007       -6.6573805426694901E-003   0.0000000000000000     
   9.9000000000000004        7.0136258576104435E-003   0.0000000000000000     
   10.000000000000000       -7.3705755707752655E-003   0.0000000000000000     
   10.100000000000001        7.7260985662187575E-003   0.0000000000000000     
   10.200000000000001       -8.0778939599003979E-003   0.0000000000000000     
   10.300000000000001        8.4234999493343395E-003   0.0000000000000000     
   10.400000000000000       -8.7603054128936632E-003   0.0000000000000000     
   10.500000000000000        9.0855643373951578E-003   0.0000000000000000     
   10.600000000000001       -9.3964131135541445E-003   0.0000000000000000     
   10.700000000000001        9.6898906953701673E-003   0.0000000000000000     
   10.800000000000001       -9.9629615722790880E-003   0.0000000000000000     
   10.900000000000000        1.0212541452529134E-002   0.0000000000000000     
   11.000000000000000       -1.0435525503249913E-002   0.0000000000000000     
   11.100000000000001        1.0628818938257591E-002   0.0000000000000000     
   11.200000000000001       -1.0789369689601440E-002   0.0000000000000000     
   11.300000000000001        1.0914202844215015E-002   0.0000000000000000     
   11.400000000000000       -1.1000456474154910E-002   0.0000000000000000     
   11.500000000000000        1.1045418438805514E-002   0.0000000000000000     
   11.600000000000001       -1.1046563691490178E-002   0.0000000000000000     
   11.700000000000001        1.1001591582404458E-002   0.0000000000000000     
   11.800000000000001       -1.0908462615753510E-002   0.0000000000000000     
   11.900000000000000        1.0765434092826411E-002   0.0000000000000000     
   12.000000000000000       -1.0571094055472418E-002   0.0000000000000000     
   12.100000000000001        1.0324392936902828E-002   0.0000000000000000     
   12.200000000000001       -1.0024672329907187E-002   0.0000000000000000     
   12.300000000000001        9.6716902969556737E-003   0.0000000000000000     
   12.400000000000000       -9.2656426726481968E-003   0.0000000000000000     
   12.500000000000000        8.8071798467798407E-003   0.0000000000000000     
   12.600000000000001       -8.2974185657406392E-003   0.0000000000000000     
   12.700000000000001        7.7379483507423238E-003   0.0000000000000000     
   12.800000000000001       -7.1308322027629741E-003   0.0000000000000000     
   12.900000000000000        6.4786013451726505E-003   0.0000000000000000     
   13.000000000000000       -5.7842438445822684E-003   0.0000000000000000     
   13.100000000000001        5.0511870470168977E-003   0.0000000000000000     
   13.200000000000001       -4.2832738683693319E-003   0.0000000000000000     
   13.300000000000001        3.4847330833483550E-003   0.0000000000000000     
   13.400000000000000       -2.6601438636883463E-003   0.0000000000000000     
   13.500000000000000        1.8143949220606798E-003   0.0000000000000000     
   13.600000000000001       -9.5263872065778172E-004   0.0000000000000000     
   13.700000000000001        8.0241300531344785E-005   0.0000000000000000     
   13.800000000000001        7.9727162282682538E-004   0.0000000000000000     
   13.900000000000000       -1.6742715725258099E-003   0.0000000000000000     
   14.000000000000000        2.5450864389215482E-003   0.0000000000000000     
   14.100000000000001       -3.4040609766540198E-003   0.0000000000000000     
   14.200000000000001        4.2456177835903013E-003   0.0000000000000000     
   14.300000000000001       -5.0643178521404993E-003   0.0000000000000000     
   14.400000000000000        5.8549197776611899E-003   0.0000000000000000     
   14.500000000000000       -6.6124367202832716E-003   0.0000000000000000     
   14.600000000000001        7.3321902456764164E-003   0.0000000000000000     
   14.700000000000001       -8.0098602169346549E-003   0.0000000000000000     
   14.800000000000001        8.6415299727432230E-003   0.0000000000000000     
   14.900000000000000       -9.2237261052303069E-003   0.0000000000000000     
   15.000000000000000        9.7534522430856169E-003   0.0000000000000000     
   15.100000000000001       -1.0228216349499693E-002   0.0000000000000000     
   15.200000000000001        1.0646051158112735E-002   0.0000000000000000     
   15.300000000000001       -1.1005527491117753E-002   0.0000000000000000     
   15.400000000000000        1.1305760329260060E-002   0.0000000000000000     
   15.500000000000000       -1.1546407630986404E-002   0.0000000000000000     
   15.600000000000001        1.1727662024639261E-002   0.0000000000000000     
   15.700000000000001       -1.1850235620686966E-002   0.0000000000000000     
   15.800000000000001        1.1915338307737340E-002   0.0000000000000000     
   15.900000000000000       -1.1924650004138096E-002   0.0000000000000000     
   16.000000000000000        1.1880287434104695E-002   0.0000000000000000     
   16.100000000000001       -1.1784766081262811E-002   0.0000000000000000     
   16.199999999999999        1.1640958042010478E-002   0.0000000000000000     
   16.300000000000001       -1.1452046554855174E-002   0.0000000000000000     
   16.400000000000002        1.1221478018569951E-002   0.0000000000000000     
   16.500000000000000       -1.0952912331840417E-002   0.0000000000000000     
   16.600000000000001        1.0650172389803536E-002   0.0000000000000000     
   16.699999999999999       -1.0317193558507191E-002   0.0000000000000000     
   16.800000000000001        9.9579739183292999E-003   0.0000000000000000     
   16.900000000000002       -9.5765260225876905E-003   0.0000000000000000     
   17.000000000000000        9.1768308592690799E-003   0.0000000000000000     
   17.100000000000001       -8.7627946342551076E-003   0.0000000000000000     
   17.199999999999999        8.3382089152232112E-003   0.0000000000000000     
   17.300000000000001       -7.9067145888315777E-003   0.0000000000000000     
   17.400000000000002        7.4717699922151907E-003   0.0000000000000000     
   17.500000000000000       -7.0366234852523614E-003   0.0000000000000000     
   17.600000000000001        6.6042906350970501E-003   0.0000000000000000     
   17.699999999999999       -6.1775360910228437E-003   0.0000000000000000     
   17.800000000000001        5.7588601377003374E-003   0.0000000000000000     
   17.900000000000002       -5.3504898307803134E-003   0.0000000000000000     
   18.000000000000000        4.9543745412770476E-003   0.0000000000000000     
   18.100000000000001       -4.5721856663072779E-003   0.0000000000000000     
   18.199999999999999        4.2053202043607942E-003   0.0000000000000000     
   18.300000000000001       -3.8549078439411451E-003   0.0000000000000000     
   18.400000000000002        3.5218211758872120E-003   0.0000000000000000     
   18.500000000000000       -3.2066886119238819E-003   0.0000000000000000     
   18.600000000000001        2.9099095748959828E-003   0.0000000000000000     
   18.699999999999999       -2.6316715194713751E-003   0.0000000000000000     
   18.800000000000001        2.3719683449848375E-003   0.0000000000000000     
   18.900000000000002       -2.1306197740028595E-003   0.0000000000000000     
   19.000000000000000        1.9072912899400173E-003   0.0000000000000000     
   19.100000000000001       -1.7015142535145502E-003   0.0000000000000000     
   19.200000000000003        1.5127058501365287E-003   0.0000000000000000     
   19.300000000000001       -1.3401885567497203E-003   0.0000000000000000     
   19.400000000000002        1.1832088562817307E-003   0.0000000000000000     
   19.500000000000000       -1.0409549695804558E-003   0.0000000000000000     
   19.600000000000001        9.1257341689208722E-004   0.0000000000000000     
   19.700000000000003       -7.9718426307755815E-004   0.0000000000000000     
   19.800000000000001        6.9389494158639579E-004   0.0000000000000000     
   19.900000000000002       -6.0181259071624639E-004   0.0000000000000000     
   20.000000000000000        5.2005487178151714E-004   0.0000000000000000     
   20.100000000000001       -4.4775927129453224E-004   0.0000000000000000     
   20.200000000000003        3.8409091795586829E-004   0.0000000000000000     
   20.300000000000001       -3.2824897022734481E-004   0.0000000000000000     
   20.400000000000002        2.7947165075020431E-004   0.0000000000000000     
   20.500000000000000       -2.3704002034816951E-004   0.0000000000000000     
   20.600000000000001        2.0028059686911880E-004   0.0000000000000000     
   20.700000000000003       -1.6856693253419831E-004   0.0000000000000000     
   20.800000000000001        1.4132026851803396E-004   0.0000000000000000     
   20.900000000000002       -1.1800938718292236E-004   0.0000000000000000     
   21.000000000000000        9.8149781158187016E-005   0.0000000000000000     
   21.100000000000001       -8.1302254937720201E-005   0.0000000000000000     
   21.200000000000003        6.7071068941189192E-005   0.0000000000000000     
   21.300000000000001       -5.5101728700542182E-005   0.0000000000000000     
   21.400000000000002        4.5078513367473211E-005   0.0000000000000000     
   21.500000000000000       -3.6721828366738793E-005   0.0000000000000000     
   21.600000000000001        2.9785457255364293E-005   0.0000000000000000     
   21.700000000000003       -2.4053777826670154E-005   0.0000000000000000     
   21.800000000000001        1.9338997658601006E-005   0.0000000000000000     
   21.900000000000002       -1.5478454780989065E-005   0.0000000000000000     
   22.000000000000000        1.2332020043555880E-005   0.0000000000000000     
   22.100000000000001       -9.7796295396940775E-006   0.0000000000000000     
   22.200000000000003        7.7189677962646451E-006   0.0000000000000000     
   22.300000000000001       -6.0633156241701782E-006   0.0000000000000000     
   22.400000000000002        4.7395707573545604E-006   0.0000000000000000     
   22.500000000000000       -3.6864442648650384E-006   0.0000000000000000     
   22.600000000000001        2.8528315815673038E-006   0.0000000000000000     
   22.700000000000003       -2.1963536278629672E-006   0.0000000000000000     
   22.800000000000001        1.6820607181872876E-006   0.0000000000000000     
   22.900000000000002       -1.2812901695308651E-006   0.0000000000000000     
   23.000000000000000        9.7066697847176849E-007   0.0000000000000000     
   23.100000000000001       -7.3123604020208804E-007   0.0000000000000000     
   23.200000000000003        5.4771421604498239E-007   0.0000000000000000     
   23.300000000000001       -4.0785018743457066E-007   0.0000000000000000     
   23.400000000000002        3.0188041616794723E-007   0.0000000000000000     
   23.500000000000000       -2.2207014964152720E-007   0.0000000000000000     
   23.600000000000001        1.6232869121878780E-007   0.0000000000000000     
   23.700000000000003       -1.1788923151807699E-007   0.0000000000000000     
   23.800000000000001        8.5044305457085049E-008   0.0000000000000000     
   23.900000000000002       -6.0928569922645051E-008   0.0000000000000000     
   24.000000000000000        4.3341801811236122E-008   0.0000000000000000     
   24.100000000000001       -3.0605626992595112E-008   0.0000000000000000     
   24.200000000000003        2.1448321233404774E-008   0.0000000000000000     
   24.300000000000001       -1.4912930070779562E-008   0.0000000000000000     
   24.400000000000002        1.0284405003691197E-008   0.0000000000000000     
   24.500000000000000       -7.0323086074606220E-009   0.0000000000000000     
   24.600000000000001        4.7660834312152937E-009   0.0000000000000000     
   24.700000000000003       -3.2003266210971042E-009   0.0000000000000000     
   24.800000000000001        2.1281481735753181E-009   0.0000000000000000     
   24.900000000000002       -1.4007770850300907E-009   0.0000000000000000     
   25.000000000000000        9.1210928675005308E-010   0.0000000000000000     
   25.100000000000001       -5.8716568171530710E-010   0.0000000000000000     
   25.200000000000003        3.7341785061129327E-010   0.0000000000000000     
   25.300000000000001       -2.3441105700279231E-010   0.0000000000000000     
   25.400000000000002        1.4510627185098876E-010   0.0000000000000000     
   25.500000000000000       -8.8471973538719844E-011   0.0000000000000000     
   25.600000000000001        5.3061107809183187E-011   0.0000000000000000     
   25.700000000000003       -3.1249051879362704E-011   0.0000000000000000     
   25.800000000000001        1.8028306974139106E-011   0.0000000000000000     
   25.900000000000002       -1.0164573523964809E-011   0.0000000000000000     
   26.000000000000000        5.5806006312789764E-012   0.0000000000000000     
   26.100000000000001       -2.9729098759554320E-012   0.0000000000000000     
   26.200000000000003        1.5234063844568514E-012   0.0000000000000000     
   26.300000000000001       -7.3954588221190539E-013   0.0000000000000000     
   26.400000000000002        3.3976277595756616E-013   0.0000000000000000     
   26.500000000000000       -1.3995256713456483E-013   0.0000000000000000     
   26.600000000000001        4.7596965674738958E-014   0.0000000000000000     
   26.700000000000003       -1.2586913512646799E-014   0.0000000000000000     
   26.800000000000001       -3.3878089945542355E-015   0.0000000000000000     
   26.900000000000002        5.7915727090157728E-015   0.0000000000000000     
   27.000000000000000       -4.7319816220152293E-015   0.0000000000000000     
   27.100000000000001        3.3545863096561129E-015   0.0000000000000000     
   27.200000000000003       -2.4546639919764862E-016   0.0000000000000000     
   27.300000000000001        1.1282661796727385E-015   0.0000000000000000     
   27.400000000000002        2.7955238172386423E-015   0.0000000000000000     
   27.500000000000000       -4.0911255161926945E-015   0.0000000000000000     
   27.600000000000001       -1.9029345438719126E-015   0.0000000000000000     
   27.700000000000003        6.9416359473416750E-017   0.0000000000000000     
   27.800000000000001        3.4569703519789374E-015   0.0000000000000000     
   27.900000000000002       -2.8671570450718182E-016   0.0000000000000000     
   28.000000000000000       -1.4664097958332780E-015   0.0000000000000000     
   28.100000000000001       -8.2538835541627084E-016   0.0000000000000000     
   28.200000000000003        8.7723682058269577E-016   0.0000000000000000     
   28.300000000000001        3.5633331812505045E-016   0.0000000000000000     
   28.400000000000002        5.5058438200237241E-016   0.0000000000000000     
   28.500000000000000       -3.8257847310402855E-016   0.0000000000000000     
   28.600000000000001        1.1877251308110004E-015   0.0000000000000000     
   28.700000000000003       -1.3884789371558914E-015   0.0000000000000000     
   28.800000000000001       -1.5223108102168243E-015   0.0000000000000000     
   28.900000000000002        8.4915724916032923E-016   0.0000000000000000     
   29.000000000000000        1.7703172474826985E-015   0.0000000000000000     
   29.100000000000001       -4.9953832782851800E-016   0.0000000000000000     
   29.200000000000003       -2.8692743776325876E-015   0.0000000000000000     
   29.300000000000001        3.3367603631673043E-015   0.0000000000000000     
   29.400000000000002       -2.0994207836535603E-015   0.0000000000000000     
   29.500000000000000        3.2205282544849040E-015   0.0000000000000000     
   29.600000000000001       -5.0336690973338495E-015   0.0000000000000000     
   29.700000000000003        5.6986852478783321E-015   0.0000000000000000     
   29.800000000000001       -2.8505309400692912E-015   0.0000000000000000     
   29.900000000000002        1.8518573370625610E-015   0.0000000000000000     
   30.000000000000000       -5.1464665252025180E-015   0.0000000000000000     
   30.100000000000001        3.4591788688244992E-015   0.0000000000000000     
   30.200000000000003       -2.4822623295307861E-015   0.0000000000000000     
   30.300000000000001        3.6768101588875845E-015   0.0000000000000000     
   30.400000000000002       -1.9905185549628428E-015   0.0000000000000000     
   30.500000000000000        4.2083942388961617E-015   0.0000000000000000     
   30.600000000000001       -4.4490334029109873E-015   0.0000000000000000     
   30.700000000000003        1.2106207549259676E-015   0.0000000000000000     
   30.800000000000001       -2.6724085320538402E-015   0.0000000000000000     
   30.900000000000002        4.0350546781296257E-015   0.0000000000000000     
   31.000000000000000       -3.6189525772069974E-015   0.0000000000000000     
   31.100000000000001        3.3710411765429920E-015   0.0000000000000000     
   31.200000000000003       -2.6475992542104441E-015   0.0000000000000000     
   31.300000000000001        3.4772769653967210E-015   0.0000000000000000     
   31.400000000000002       -4.5126777112401976E-015   0.0000000000000000     
   31.500000000000000        1.7559661734051472E-015   0.0000000000000000     
   31.600000000000001       -3.0423026979187598E-016   0.0000000000000000     
   31.700000000000003        3.2407426268258858E-015   0.0000000000000000     
   31.800000000000001       -1.4807555367677204E-015   0.0000000000000000     
   31.900000000000002       -1.6070060597899364E-015   0.0000000000000000     
   32.000000000000000        7.7626551139585161E-016   0.0000000000000000     
   32.100000000000001       -5.7059442622279382E-016   0.0000000000000000     
   32.200000000000003       -2.5097789038545625E-016   0.0000000000000000     
   32.300000000000004       -2.8341279314778750E-015   0.0000000000000000     
   32.399999999999999        4.7968940908677026E-015   0.0000000000000000     
   32.500000000000000        1.9963357492055786E-016   0.0000000000000000     
   32.600000000000001        5.6983180748365737E-016   0.0000000000000000     
   32.700000000000003       -2.6866268641959131E-015   0.0000000000000000     
   32.800000000000004        2.4409204137081765E-015   0.0000000000000000     
   32.899999999999999       -3.3152142300002715E-015   0.0000000000000000     
   33.000000000000000       -1.5934551664606932E-016   0.0000000000000000     
   33.100000000000001       -1.2228347893946888E-015   0.0000000000000000     
   33.200000000000003        3.7317969959598498E-015   0.0000000000000000     
   33.300000000000004        2.7292689016599891E-016   0.0000000000000000     
   33.399999999999999        1.4456947905750220E-015   0.0000000000000000     
   33.500000000000000       -5.6264674558432641E-016   0.0000000000000000     
   33.600000000000001       -3.3397126751806435E-015   0.0000000000000000     
   33.700000000000003       -4.8560756110120571E-016   0.0000000000000000     
   33.800000000000004       -1.8251992185801934E-015   0.0000000000000000     
   33.899999999999999        4.4052603898202747E-015   0.0000000000000000     
   34.000000000000000       -2.2099393000548298E-016   0.0000000000000000     
   34.100000000000001        2.9505319199041454E-015   0.0000000000000000     
   34.200000000000003       -3.1297348679254350E-015   0.0000000000000000     
   34.300000000000004        2.9802582321737758E-016   0.0000000000000000     
   34.399999999999999       -1.2034528887287218E-015   0.0000000000000000     
   34.500000000000000       -2.2302639542367839E-015   0.0000000000000000     
   34.600000000000001       -4.0894581408915466E-016   0.0000000000000000     
   34.700000000000003        4.1081998229837528E-015   0.0000000000000000     
   34.800000000000004        2.1478218588425970E-015   0.0000000000000000     
   34.899999999999999       -2.5109234832295440E-015   0.0000000000000000     
   35.000000000000000        1.7930598821976942E-016   0.0000000000000000     
   35.100000000000001       -1.8639452766933076E-015   0.0000000000000000     
   35.200000000000003        2.9851846965700699E-015   0.0000000000000000     
   35.300000000000004       -5.7312437374508841E-015   0.0000000000000000     
   35.399999999999999        4.9978099235819766E-015   0.0000000000000000     
   35.500000000000000       -7.8541784620986142E-016   0.0000000000000000     
   35.600000000000001       -3.6043226946483815E-016   0.0000000000000000     
   35.700000000000003       -1.6371497599283427E-017   0.0000000000000000     
   35.800000000000004       -2.5581580281476644E-015   0.0000000000000000     
   35.899999999999999        3.7605621808478623E-015   0.0000000000000000     
   36.000000000000000        8.1244914140936891E-016   0.0000000000000000     
   36.100000000000001        3.7070426506198450E-017   0.0000000000000000     
   36.200000000000003       -2.2235968694592700E-015   0.0000000000000000     
   36.300000000000004       -1.2220966975951420E-015   0.0000000000000000     
   36.399999999999999       -1.0934629295003598E-015   0.0000000000000000     
   36.500000000000000        9.1926384063050612E-016   0.0000000000000000     
   36.600000000000001        1.9204762855498931E-015   0.0000000000000000     
   36.700000000000003        3.1427328437817943E-016   0.0000000000000000     
   36.800000000000004        3.3419829198247575E-015   0.0000000000000000     
   36.899999999999999       -2.6120330010689379E-015   0.0000000000000000     
   37.000000000000000       -2.0888492635828036E-017   0.0000000000000000     
   37.100000000000001       -4.3725961765565007E-015   0.0000000000000000     
   37.200000000000003       -9.3776483150356592E-016   0.0000000000000000     
   37.300000000000004        1.2809063467609533E-015   0.0000000000000000     
   37.399999999999999        3.6467317678076984E-015   0.0000000000000000     
   37.500000000000000        7.6712035397530712E-016   0.0000000000000000     
   37.600000000000001       -1.6134401770328070E-017   0.0000000000000000     
   37.700000000000003        1.2354804440642580E-015   0.0000000000000000     
   37.800000000000004       -8.1535247885394739E-016   0.0000000000000000     
   37.899999999999999       -1.0171577838690821E-015   0.0000000000000000     
   38.000000000000000       -6.2308309341340620E-015   0.0000000000000000     
   38.100000000000001        2.4857214520421509E-015   0.0000000000000000     
   38.200000000000003        1.7269359767154969E-015   0.0000000000000000     
   38.300000000000004       -2.4787409870287180E-016   0.0000000000000000     
   38.400000000000006        2.4831218108170639E-015   0.0000000000000000     
   38.500000000000000       -1.3244206364473874E-015   0.0000000000000000     
   38.600000000000001        3.7924113716000389E-015   0.0000000000000000     
   38.700000000000003       -3.7051636481695025E-015   0.0000000000000000     
   38.800000000000004        1.1537626046733125E-015   0.0000000000000000     
   38.900000000000006       -1.6072316153152168E-015   0.0000000000000000     
   39.000000000000000       -2.2543509028083721E-016   0.0000000000000000     
   39.100000000000001        2.8340045174009744E-016   0.0000000000000000     
   39.200000000000003       -2.5188967742517628E-015   0.0000000000000000     
   39.300000000000004        1.7004605943099304E-015   0.0000000000000000     
   39.400000000000006       -2.5130292948449022E-016   0.0000000000000000     
   39.500000000000000        3.2255893562546716E-015   0.0000000000000000     
   39.600000000000001        3.2456531516364655E-016   0.0000000000000000     
   39.700000000000003        7.2259710553335722E-016   0.0000000000000000     
   39.800000000000004       -3.9593850455886550E-015   0.0000000000000000     
   39.900000000000006       -8.2301919872368208E-016   0.0000000000000000     
   40.000000000000000        1.0174917836733777E-015   0.0000000000000000     
   40.100000000000001       -9.6951076590003873E-016   0.0000000000000000     
   40.200000000000003        7.4806109185650641E-016   0.0000000000000000     
   40.300000000000004        3.5044404759640919E-015   0.0000000000000000     
   40.400000000000006       -1.9056849960778147E-016   0.0000000000000000     
   40.500000000000000        2.6940621963255600E-016   0.0000000000000000     
   40.600000000000001       -3.5979407205753400E-015   0.0000000000000000     
   40.700000000000003       -1.1212992235983599E-015   0.0000000000000000     
   40.800000000000004        9.0025427561975004E-016   0.0000000000000000     
   40.900000000000006        8.3513082157795184E-016   0.0000000000000000     
   41.000000000000000       -7.2223102308840897E-017   0.0000000000000000     
   41.100000000000001        1.7438883236558050E-015   0.0000000000000000     
   41.200000000000003       -2.4186137520739364E-015   0.0000000000000000     
   41.300000000000004        1.9690101794792425E-015   0.0000000000000000     
   41.400000000000006       -1.2893008770714047E-015   0.0000000000000000     
   41.500000000000000        1.9298477623437618E-015   0.0000000000000000     
   41.600000000000001       -3.1526897917515257E-016   0.0000000000000000     
   41.700000000000003        5.9161351206757307E-017   0.0000000000000000     
   41.800000000000004       -2.0126361169356831E-016   0.0000000000000000     
   41.900000000000006       -3.0506284379714851E-015   0.0000000000000000     
   42.000000000000000        1.3298252659308444E-015   0.0000000000000000     
   42.100000000000001       -8.8919350505422859E-016   0.0000000000000000     
   42.200000000000003        1.6966844192524693E-015   0.0000000000000000     
   42.300000000000004        2.4218861067660023E-015   0.0000000000000000     
   42.400000000000006       -4.3269516220048603E-015   0.0000000000000000     
   42.500000000000000        1.9814637591354007E-015   0.0000000000000000     
   42.600000000000001       -1.8665594845547801E-015   0.0000000000000000     
   42.700000000000003        4.3084353911452236E-015   0.0000000000000000     
   42.800000000000004       -1.2545324748356947E-015   0.0000000000000000     
   42.900000000000006       -1.6703913567847592E-015   0.0000000000000000     
   43.000000000000000       -4.0134022875561436E-016   0.0000000000000000     
   43.100000000000001        3.3698020137613888E-016   0.0000000000000000     
   43.200000000000003       -1.5182361365883601E-016   0.0000000000000000     
   43.300000000000004        6.5674130698866466E-016   0.0000000000000000     
   43.400000000000006        1.5867177839581300E-015   0.0000000000000000     
   43.500000000000000       -6.3931015696621559E-016   0.0000000000000000     
   43.600000000000001       -4.5759973098184037E-016   0.0000000000000000     
   43.700000000000003       -2.0490885209453916E-015   0.0000000000000000     
   43.800000000000004       -1.0010288442480529E-015   0.0000000000000000     
   43.900000000000006        2.7837343577716430E-015   0.0000000000000000     
   44.000000000000000       -1.0408942356220245E-016   0.0000000000000000     
   44.100000000000001        3.1852605528116925E-016   0.0000000000000000     
   44.200000000000003       -8.2972127740113156E-017   0.0000000000000000     
   44.300000000000004       -7.0898950216133442E-016   0.0000000000000000     
   44.400000000000006        1.8357542171955888E-015   0.0000000000000000     
   44.500000000000000       -2.8053071301022695E-015   0.0000000000000000     
   44.600000000000001        8.4973348388754191E-016   0.0000000000000000     
   44.700000000000003       -2.0290653003577806E-016   0.0000000000000000     
   44.800000000000004        2.2355071473194605E-015   0.0000000000000000     
   44.900000000000006        6.4648366038351256E-016   0.0000000000000000     
   45.000000000000000       -3.3449553180205830E-015   0.0000000000000000     
   45.100000000000001       -2.7816300585428446E-016   0.0000000000000000     
   45.200000000000003       -2.7907387719519446E-016   0.0000000000000000     
   45.300000000000004        1.3100355885369643E-015   0.0000000000000000     
   45.400000000000006        1.9385521525183224E-015   0.0000000000000000     
   45.500000000000000       -1.4390242292996780E-015   0.0000000000000000     
   45.600000000000001        1.1666367055178609E-015   0.0000000000000000     
   45.700000000000003        1.2485435682877482E-016   0.0000000000000000     
   45.800000000000004       -6.0328771424107795E-016   0.0000000000000000     
   45.900000000000006       -3.5513277969108421E-015   0.0000000000000000     
   46.000000000000000       -1.0718798842507336E-015   0.0000000000000000     
   46.100000000000001        2.3690155497802234E-015   0.0000000000000000     
   46.200000000000003        1.3150237698662598E-015   0.0000000000000000     
   46.300000000000004        8.1696740424088646E-016   0.0000000000000000     
   46.400000000000006        2.0173506277785064E-016   0.0000000000000000     
   46.500000000000000        1.6139503488105570E-015   0.0000000000000000     
   46.600000000000001       -1.1047820769760423E-015   0.0000000000000000     
   46.700000000000003        5.0761388329292930E-017   0.0000000000000000     
   46.800000000000004       -8.9200289919384304E-017   0.0000000000000000     
   46.900000000000006       -1.5403945889481809E-015   0.0000000000000000     
   47.000000000000000        2.3982157627064801E-015   0.0000000000000000     
   47.100000000000001       -6.0163950447743801E-015   0.0000000000000000     
   47.200000000000003       -3.5225250713821433E-016   0.0000000000000000     
   47.300000000000004        1.2670666282292943E-015   0.0000000000000000     
   47.400000000000006        2.0859366518256501E-015   0.0000000000000000     
   47.500000000000000        2.2091877199054285E-015   0.0000000000000000     
   47.600000000000001       -4.2532841247002101E-016   0.0000000000000000     
   47.700000000000003        1.0988650590529628E-015   0.0000000000000000     
   47.800000000000004       -1.2071668315395851E-016   0.0000000000000000     
   47.900000000000006       -2.2469953682527173E-015   0.0000000000000000     
   48.000000000000000       -7.4640047569478310E-016   0.0000000000000000     
   48.100000000000001       -3.6834536536208549E-016   0.0000000000000000     
   48.200000000000003       -3.8921198726593132E-016   0.0000000000000000     
   48.300000000000004        2.0990605354547465E-015   0.0000000000000000     
   48.400000000000006        1.2068592998321631E-015   0.0000000000000000     
   48.500000000000000       -3.3186128179878667E-016   0.0000000000000000     
   48.600000000000001       -7.7258310031980269E-016   0.0000000000000000     
   48.700000000000003        7.7187095514556336E-016   0.0000000000000000     
   48.800000000000004       -2.7392477354497904E-015   0.0000000000000000     
   48.900000000000006        8.3669513811233884E-016   0.0000000000000000     
   49.000000000000000       -1.1593034935270627E-015   0.0000000000000000     
   49.100000000000001        1.4677001518120627E-015   0.0000000000000000     
   49.200000000000003       -6.9596873483893420E-016   0.0000000000000000     
   49.300000000000004        1.2667866005776255E-015   0.0000000000000000     
   49.400000000000006        1.0607381293595322E-015   0.0000000000000000     
   49.500000000000000       -2.2078438617690175E-015   0.0000000000000000     
   49.600000000000001        2.7903049005018056E-016   0.0000000000000000     
   49.700000000000003        1.7720539874528237E-015   0.0000000000000000     
   49.800000000000004        5.4357587719422075E-016   0.0000000000000000     
   49.900000000000006        5.0654071924799070E-054   0.0000000000000000     
