   0.0000000000000000        9.2226079714312531E-006   0.0000000000000000     
  0.10000000000000001        1.0644868963927136E-005  -2.9217248587165224E-009
  0.20000000000000001        1.2817193490049952E-005   8.7641298818333700E-009
  0.30000000000000004        1.3722437336779077E-005  -1.2280015074369674E-008
  0.40000000000000002        1.8443376414992342E-005   5.5227997086369335E-009
  0.50000000000000000        2.1187989072188486E-005  -1.0154789104072704E-008
  0.60000000000000009        2.8211429224330732E-005   1.6235768451660050E-009
  0.70000000000000007        3.3941687151471221E-005  -8.5386982567548331E-009
  0.80000000000000004        4.3365929306908176E-005  -1.8129154248799634E-009
  0.90000000000000002        5.3114733833693627E-005  -8.6601504919505461E-009
   1.0000000000000000        6.6546340617542333E-005  -5.3356829762020010E-009
   1.1000000000000001        8.1852941193290163E-005  -1.0409621609608486E-008
   1.2000000000000002        1.0144954064394073E-004  -9.5273194913792287E-009
   1.3000000000000000        1.2462856578524266E-004  -1.3915336977698333E-008
   1.4000000000000001        1.5334467088835659E-004  -1.5004695317408745E-008
   1.5000000000000000        1.8773147779670052E-004  -1.9539859213587692E-008
   1.6000000000000001        2.2963554822736545E-004  -2.2486436156942321E-008
   1.7000000000000002        2.7991588209625286E-004  -2.7889122640268296E-008
   1.8000000000000000        3.4058878571294307E-004  -3.2858846201791545E-008
   1.9000000000000001        4.1322740886891817E-004  -3.9840317408931886E-008
   2.0000000000000000        5.0026017259908562E-004  -4.7243254963735661E-008
   2.1000000000000001        6.0404345333597582E-004  -5.6585401551769338E-008
   2.2000000000000002        7.2765151404056299E-004  -6.7066750969592680E-008
   2.3000000000000003        8.7435839856171401E-004  -7.9687266640594729E-008
   2.4000000000000004        1.0481274012567128E-003  -9.4136814414114479E-008
   2.5000000000000000        1.2533406805814019E-003  -1.1114538521482022E-007
   2.6000000000000001        1.4951146854352683E-003  -1.3071883417826478E-007
   2.7000000000000002        1.7791794731890139E-003  -1.5346710584309948E-007
   2.8000000000000003        2.1120956378233220E-003  -1.7961385336188618E-007
   2.9000000000000004        2.5012239665830422E-003  -2.0973972002834039E-007
   3.0000000000000000        2.9548878317407542E-003  -2.4423214349562926E-007
   3.1000000000000001        3.4823968094243379E-003  -2.8369710020280806E-007
   3.2000000000000002        4.0941788342870157E-003  -3.2865641426700484E-007
   3.3000000000000003        4.8018346089287048E-003  -3.7977323883719059E-007
   3.4000000000000004        5.6182514136008145E-003  -4.3768672960151276E-007
   3.5000000000000000        6.5576722894178843E-003  -5.0313357501278028E-007
   3.6000000000000001        7.6357953501830916E-003  -5.7685767451450806E-007
   3.7000000000000002        8.8698451957985574E-003  -6.5967378147470541E-007
   3.8000000000000003        1.0278656148774190E-002  -7.5241718830110113E-007
   3.9000000000000004        1.1882734662588055E-002  -8.5597492172140199E-007
   4.0000000000000000        1.3704321104596216E-002  -9.7125595021576280E-007
   4.1000000000000005        1.5767432065449546E-002  -1.0992037876749892E-006
   4.2000000000000002        1.8097892616045368E-002  -1.2407764613949574E-006
   4.2999999999999998        2.0723347088477412E-002  -1.3969479740904128E-006
   4.4000000000000004        2.3673251936109797E-002  -1.5686921526471484E-006
   4.5000000000000000        2.6978843253732954E-002  -1.7569769482077838E-006
   4.6000000000000005        3.0673079444558111E-002  -1.9627490234415201E-006
   4.7000000000000002        3.4790553876775508E-002  -2.1869230487818838E-006
   4.8000000000000007        3.9367376594047356E-002  -2.4303654403279606E-006
   4.9000000000000004        4.4441021388244524E-002  -2.6938799028657540E-006
   5.0000000000000000        5.0050136908806678E-002  -2.9781896379209926E-006
   5.1000000000000005        5.6234319315623137E-002  -3.2839199741113567E-006
   5.2000000000000002        6.3033845466805197E-002  -3.6115789174568641E-006
   5.3000000000000007        7.0489365366470907E-002  -3.9615375620873340E-006
   5.4000000000000004        7.8641553706900680E-002  -4.3340092088121232E-006
   5.5000000000000000        8.7530720605840884E-002  -4.7290282317988922E-006
   5.6000000000000005        9.7196382622797228E-002  -5.1464282298061232E-006
   5.7000000000000002       0.10767679572779618       -5.5858200655095346E-006
   5.8000000000000007       0.11900845285682460       -6.0465696823150918E-006
   5.9000000000000004       0.13122554946520892       -6.5277760976740083E-006
   6.0000000000000000       0.14435942144795261       -7.0282496471753647E-006
   6.1000000000000005       0.15843796065395838       -7.5464907910812574E-006
   6.2000000000000002       0.17348501414400377       -8.0806696625318772E-006
   6.3000000000000007       0.18951977418351268       -8.6286066450528745E-006
   6.4000000000000004       0.20655616678650957       -9.1877542316902989E-006
   6.5000000000000000       0.22460224735522744       -9.7551804705816981E-006
   6.6000000000000005       0.24365961260871011       -1.0327554319329127E-005
   6.7000000000000002       0.26372283851435646       -1.0901133265434796E-005
   6.8000000000000007       0.28477895432540212       -1.1471753621072544E-005
   6.9000000000000004       0.30680696305390626       -1.2034823938917741E-005
   7.0000000000000000       0.32977741876191774       -1.2585322072328860E-005
   7.1000000000000005       0.35365207091515366       -1.3117796456567932E-005
   7.2000000000000002       0.37838358570323299       -1.3626372285973325E-005
   7.3000000000000007       0.40391535368175130       -1.4104763334543729E-005
   7.4000000000000004       0.43018139232911395       -1.4546290281218502E-005
   7.5000000000000000       0.45710635114009340       -1.4943906488802028E-005
   7.6000000000000005       0.48460562570173626       -1.5290232300520648E-005
   7.7000000000000002       0.51258558583177016       -1.5577599003815411E-005
   7.8000000000000007       0.54094392131796976       -1.5798103697672963E-005
   7.9000000000000004       0.56957010710533940       -1.5943676345058897E-005
   8.0000000000000000       0.59834598795901861       -1.6006160297290069E-005
   8.0999999999999996       0.62714648071857537       -1.5977407513953751E-005
   8.2000000000000011       0.65584039028493868       -1.5849389543030987E-005
   8.3000000000000007       0.68429133348346138       -1.5614325051716927E-005
   8.4000000000000004       0.71235876296280731       -1.5264824263528341E-005
   8.5000000000000000       0.73989908136010318       -1.4794050047623868E-005
   8.5999999999999996       0.76676683412893809       -1.4195894578244122E-005
   8.7000000000000011       0.79281596772740492       -1.3465169431467323E-005
   8.8000000000000007       0.81790113833903666       -1.2597805706105747E-005
   8.9000000000000004       0.84187905498570537       -1.1591059267807684E-005
   9.0000000000000000       0.86460983982399631       -1.0443714592627067E-005
   9.0999999999999996       0.88595838762440593       -9.1562790079055431E-006
   9.2000000000000011       0.90579570594256065       -7.7311575771593078E-006
   9.3000000000000007       0.92400021732299864       -6.1727976103554269E-006
   9.4000000000000004       0.94045900504266988       -4.4877910779327147E-006
   9.5000000000000000       0.95506898440948629       -2.6849232692861404E-006
   9.6000000000000014       0.96773798247898435       -7.7515712987188598E-007
   9.7000000000000011       0.97838571023014287        1.2284550505407797E-006
   9.8000000000000007       0.98694461273034750        3.3109374767442039E-006
   9.9000000000000004       0.99336058459383259        5.4556345984931979E-006
   10.000000000000000       0.99759354006252632        7.6445279159788524E-006
   10.100000000000001       0.99961782927260701        9.8586155206960657E-006
   10.200000000000001       0.99942249466750410        1.2078338965165525E-005
   10.300000000000001       0.99701136402781709        1.4284038013047441E-005
   10.400000000000000       0.99240297915768982        1.6456411356556589E-005
   10.500000000000000       0.98563036184142327        1.8576960873494940E-005
   10.600000000000001       0.97674062121019967        2.0628398481440251E-005
   10.700000000000001       0.96579440908643510        2.2594997934171809E-005
   10.800000000000001       0.95286523215374486        2.4462878508347754E-005
   10.900000000000000       0.93803863189242198        2.6220212847176797E-005
   11.000000000000000       0.92141124508478456        2.7857356613174681E-005
   11.100000000000001       0.90308975930120161        2.9366902489398138E-005
   11.200000000000001       0.88318977910011476        3.0743665051201616E-005
   11.300000000000001       0.86183461969582664        3.1984605880223119E-005
   11.400000000000000       0.83915404555422157        3.3088709966585439E-005
   11.500000000000000       0.81528297176382802        3.4056825038176199E-005
   11.600000000000001       0.79036014609950944        3.4891475158083170E-005
   11.700000000000001       0.76452682945648986        3.5596658976471348E-005
   11.800000000000001       0.73792549179756806        3.6177641647481956E-005
   11.900000000000000       0.71069853994636245        3.6640747834011311E-005
   12.000000000000000       0.68298709249851419        3.6993161601322347E-005
   12.100000000000001       0.65492981584095111        3.7242737453047643E-005
   12.200000000000001       0.62666183379887552        3.7397825391276107E-005
   12.300000000000001       0.59831372180674181        3.7467111703519033E-005
   12.400000000000000       0.57001059476075855        3.7459476234369880E-005
   12.500000000000000       0.54187129589400174        3.7383866154104045E-005
   12.600000000000001       0.51400769216007802        3.7249185697884202E-005
   12.700000000000001       0.48652407975358913        3.7064200967500924E-005
   12.800000000000001       0.45951670157191976        3.6837458653445789E-005
   12.900000000000000       0.43307337666528556        3.6577217405009996E-005
   13.000000000000000       0.40727324006062809        3.6291390537621626E-005
   13.100000000000001       0.38218658980603648        3.5987498785423283E-005
   13.200000000000001       0.35787483668762404        3.5672631874456214E-005
   13.300000000000001       0.33439055083838781        3.5353417786784848E-005
   13.400000000000000       0.31177759840096730        3.5035998697201631E-005
   13.500000000000000       0.29007136053301530        3.4726012687629707E-005
   13.600000000000001       0.26929902635830200        3.4428580464736949E-005
   13.700000000000001       0.24947995096976516        3.4148296428840850E-005
   13.800000000000001       0.23062606927733406        3.3889223554760838E-005
   13.900000000000000       0.21274235635743985        3.3654891650541209E-005
   14.000000000000000       0.19582732499060332        3.3448298656963393E-005
   14.100000000000001       0.17987355125625973        3.3271914732065125E-005
   14.200000000000001       0.16486821937378388        3.3127688941310986E-005
   14.300000000000001       0.15079367741905939        3.3017058429972204E-005
   14.400000000000000       0.13762799608845006        3.2940960007063786E-005
   14.500000000000000       0.12534552330780763        3.2899844101342803E-005
   14.600000000000001       0.11391742817491601        3.2893691077012149E-005
   14.700000000000001       0.10331222846031374        3.2922029904323810E-005
   14.800000000000001        9.3496296656288724E-002   3.2983959182444984E-005
   14.900000000000000        8.4434340340390060E-002   3.3078170496537648E-005
   15.000000000000000        7.6089853392116727E-002   3.3202974071401377E-005
   15.100000000000001        6.8425535356205533E-002   3.3356326648598534E-005
   15.200000000000001        6.1403676970527545E-002   3.3535861477246794E-005
   15.300000000000001        5.4986510561030391E-002   3.3738920259260513E-005
   15.400000000000000        4.9136524641591163E-002   3.3962586843205186E-005
   15.500000000000000        4.3816742636936502E-002   3.4203722405790716E-005
   15.600000000000001        3.8990966166593796E-002   3.4459001813304054E-005
   15.700000000000001        3.4623983784665920E-002   3.4724950804486544E-005
   15.800000000000001        3.0681746462193574E-002   3.4997983600023977E-005
   15.900000000000000        2.7131511426351434E-002   3.5274440507918270E-005
   16.000000000000000        2.3941956234775345E-002   3.5550625077568912E-005
   16.100000000000001        2.1083265166601028E-002   3.5822840342844969E-005
   16.199999999999999        1.8527190157808161E-002   3.6087423704002990E-005
   16.300000000000001        1.6247088600757801E-002   3.6340780014100532E-005
   16.400000000000002        1.4217940372257886E-002   3.6579412471628511E-005
   16.500000000000000        1.2416346454845255E-002   3.6799950964672132E-005
   16.600000000000001        1.0820511478864240E-002   3.6999177570192202E-005
   16.699999999999999        9.4102124428504345E-003   3.7174048976125591E-005
   16.800000000000001        8.1667557727981184E-003   3.7321715665976592E-005
   16.900000000000002        7.0729247618234207E-003   3.7439537778926369E-005
   17.000000000000000        6.1129192960365049E-003   3.7525097632495442E-005
   17.100000000000001        5.2722896242712617E-003   3.7576208965208561E-005
   17.199999999999999        4.5378657734503102E-003   3.7590923021124638E-005
   17.300000000000001        3.8976840514422509E-003   3.7567531654740721E-005
   17.400000000000002        3.3409119184869976E-003   3.7504567681599338E-005
   17.500000000000000        2.8577723501650287E-003   3.7400802735502454E-005
   17.600000000000001        2.4394686612283774E-003   3.7255242918943615E-005
   17.699999999999999        2.0781106131589591E-003   3.7067122546240465E-005
   17.800000000000001        1.7666424898753229E-003   3.6835896284389381E-005
   17.900000000000002        1.4987736976667301E-003   3.6561229989593868E-005
   18.000000000000000        1.2689123272569775E-003   3.6242990527305959E-005
   18.100000000000001        1.0721020088207158E-003   3.5881234842751498E-005
   18.199999999999999        9.0396229488791196E-004   3.5476198528742237E-005
   18.300000000000001        7.6063272133666707E-004   3.5028284109700749E-005
   18.400000000000002        6.3872062291710381E-004   3.4538049236470438E-005
   18.500000000000000        5.3525271624087190E-004   3.4006194957301645E-005
   18.600000000000001        4.4763040995783712E-004   3.3433554205907088E-005
   18.699999999999999        3.7358875749911742E-004   3.2821080621111630E-005
   18.800000000000001        3.1115893225121602E-004   3.2169837790599309E-005
   18.900000000000002        2.5863407706487818E-004   3.1480988989296155E-005
   19.000000000000000        2.1453835901567579E-004   3.0755787464982699E-005
   19.100000000000001        1.7759904564329190E-004   2.9995567306078785E-005
   19.200000000000003        1.4672140927273484E-004   2.9201734913451557E-005
   19.300000000000001        1.2096626129642652E-004   2.8375761084092550E-005
   19.400000000000002        9.9529917244237231E-005   2.7519173705926229E-005
   19.500000000000000        8.1726395809421097E-005   2.6633551052309392E-005
   19.600000000000001        6.6971659808631335E-005   2.5720515659885341E-005
   19.700000000000003        5.4769714065350371E-005   2.4781728765498921E-005
   19.800000000000001        4.4700383705578435E-005   2.3818885275894720E-005
   19.900000000000002        3.6408606087040806E-005   2.2833709238136448E-005
   20.000000000000000        2.9595079941423571E-005   2.1827949778954804E-005
   20.100000000000001        2.4008126319623467E-005   2.0803377476804125E-005
   20.200000000000003        1.9436626946282627E-005   1.9761781132459608E-005
   20.300000000000001        1.5703916581779610E-005   1.8704964900508339E-005
   20.400000000000002        1.2662516969888891E-005   1.7634745746837361E-005
   20.500000000000000        1.0189610148854576E-005   1.6552951195059726E-005
   20.600000000000001        8.1831591074217342E-006   1.5461417327181062E-005
   20.700000000000003        6.5585930566074382E-006   1.4361987002843127E-005
   20.800000000000001        5.2459834344719076E-006   1.3256508263547406E-005
   20.900000000000002        4.1876449840511880E-006   1.2146832887563819E-005
   21.000000000000000        3.3361037354684323E-006   1.1034815063427053E-005
   21.100000000000001        2.6523806668045341E-006   9.9223101490071889E-006
   21.200000000000003        2.1045460635095660E-006   8.8111734854161683E-006
   21.300000000000001        1.6665052494103916E-006   7.7032592338919302E-006
   21.400000000000002        1.3169814582331466E-006   6.6004192059254034E-006
   21.500000000000000        1.0386662028769378E-006   5.5045016556092854E-006
   21.600000000000001        8.1751140151607237E-007   4.4173500053780004E-006
   21.700000000000003        6.4214123882307700E-007   3.3408014744206767E-006
   21.800000000000001        5.0336481719656806E-007   2.2766855816448464E-006
   21.900000000000002        3.9377331230024270E-007   1.2268224929287012E-006
   22.000000000000000        3.0740797052583003E-007   1.9302118465923161E-007
   22.100000000000001        2.3948705092847106E-007  -8.2292260566414216E-007
   22.200000000000003        1.8618199529350218E-007  -1.8192286698196719E-006
   22.300000000000001        1.4443425151493980E-007  -2.7941348877982677E-006
   22.400000000000002        1.1180587314565091E-007  -3.7459000828999921E-006
   22.500000000000000        8.6357931725682057E-008  -4.6728071982676442E-006
   22.600000000000001        6.6551765536632238E-008  -5.5731668204367333E-006
   22.700000000000003        5.1169081737003304E-008  -6.4453210723045551E-006
   22.800000000000001        3.9247359636054443E-008  -7.2876478967416244E-006
   22.900000000000002        3.0027829125543840E-008  -8.0985657487655413E-006
   23.000000000000000        2.2913660983089342E-008  -8.8765387109036661E-006
   23.100000000000001        1.7436413237595343E-008  -9.6200820421372637E-006
   23.200000000000003        1.3229232074125865E-008  -1.0327768165915442E-005
   23.300000000000001        1.0005430891634568E-008  -1.0998233096331667E-005
   23.400000000000002        7.5414603401338924E-009  -1.1630183295300764E-005
   23.500000000000000        5.6633831997083515E-009  -1.2222402944550101E-005
   23.600000000000001        4.2361403356054046E-009  -1.2773761608154357E-005
   23.700000000000003        3.1551009349432588E-009  -1.3283222250038458E-005
   23.800000000000001        2.3393587682237564E-009  -1.3749849560256730E-005
   23.900000000000002        1.7264970972877661E-009  -1.4172818530898073E-005
   24.000000000000000        1.2684558667632817E-009  -1.4551423209175060E-005
   24.100000000000001        9.2829847516648335E-010  -1.4885085541115109E-005
   24.200000000000003        6.7770799733571888E-010  -1.5173364204192738E-005
   24.300000000000001        4.9499302503248545E-010  -1.5415963312233785E-005
   24.400000000000002        3.6359031857993697E-010  -1.5612740860912127E-005
   24.500000000000000        2.7086059404176285E-010  -1.5763716767009283E-005
   24.600000000000001        2.0716917499256534E-010  -1.5869080341834863E-005
   24.700000000000003        1.6519538520173154E-010  -1.5929197025960935E-005
   24.800000000000001        1.3937056151682541E-010  -1.5944614203653180E-005
   24.900000000000002        1.2546567791699347E-010  -1.5916065907362851E-005
   25.000000000000000        1.2026698191855587E-010  -1.5844476219963104E-005
   25.100000000000001        1.2134028401240427E-010  -1.5730961182635485E-005
   25.200000000000003        1.2682979836816128E-010  -1.5576829022662582E-005
   25.300000000000001        1.3532246309356388E-010  -1.5383578526466094E-005
   25.400000000000002        1.4574680486485019E-010  -1.5152895401020469E-005
   25.500000000000000        1.5727789584988724E-010  -1.4886646490667531E-005
   25.600000000000001        1.6928530238066612E-010  -1.4586871747271973E-005
   25.700000000000003        1.8128925818251453E-010  -1.4255773888573609E-005
   25.800000000000001        1.9291255971149627E-010  -1.3895705723533060E-005
   25.900000000000002        2.0387228761863832E-010  -1.3509155172111050E-005
   26.000000000000000        2.1395349690646766E-010  -1.3098728060807876E-005
   26.100000000000001        2.2298453777968278E-010  -1.2667128832102434E-005
   26.200000000000003        2.3084743214386997E-010  -1.2217139364456184E-005
   26.300000000000001        2.3745778700820684E-010  -1.1751596157657558E-005
   26.400000000000002        2.4275437611175630E-010  -1.1273366194435053E-005
   26.500000000000000        2.4670858504633470E-010  -1.0785321839946284E-005
   26.600000000000001        2.4931161530731166E-010  -1.0290315185333290E-005
   26.700000000000003        2.5057429108066874E-010  -9.7911522761267801E-006
   26.800000000000001        2.5052567608545802E-010  -9.2905676900944712E-006
   26.900000000000002        2.4920848785803995E-010  -8.7911999396369286E-006
   27.000000000000000        2.4668189934202818E-010  -8.2955681703449357E-006
   27.100000000000001        2.4301989086788057E-010  -7.8060506085997621E-006
   27.200000000000003        2.3829668121298240E-010  -7.3248651777203797E-006
   27.300000000000001        2.3260661541583388E-010  -6.8540526541079592E-006
   27.400000000000002        2.2604801762690030E-010  -6.3954626738893994E-006
   27.500000000000000        2.1871818044971518E-010  -5.9507428289634953E-006
   27.600000000000001        2.1072563090924045E-010  -5.5213310107246905E-006
   27.700000000000003        2.0217630342344721E-010  -5.1084510747524800E-006
   27.800000000000001        1.9317882609410545E-010  -4.7131118122691116E-006
   27.900000000000002        1.8383573180930041E-010  -4.3361091288409292E-006
   28.000000000000000        1.7424938545312558E-010  -3.9780312505982640E-006
   28.100000000000001        1.6452022329653096E-010  -3.6392667063020280E-006
   28.200000000000003        1.5473622832459805E-010  -3.3200147731153181E-006
   28.300000000000001        1.4498324391436991E-010  -3.0202980262924033E-006
   28.400000000000002        1.3533953561534859E-010  -2.7399766002383354E-006
   28.500000000000000        1.2587466341630171E-010  -2.4787637507023549E-006
   28.600000000000001        1.1664844482300812E-010  -2.2362423049670122E-006
   28.700000000000003        1.0771245467867790E-010  -2.0118815981667678E-006
   28.800000000000001        9.9114582752069410E-011  -1.8050545171878409E-006
   28.900000000000002        9.0886840402136485E-011  -1.6150543073986732E-006
   29.000000000000000        8.3056730028220774E-011  -1.4411108388756103E-006
   29.100000000000001        7.5647575225794155E-011  -1.2824060753700883E-006
   29.200000000000003        6.8670471501094061E-011  -1.1380885388233015E-006
   29.300000000000001        6.2131915145300708E-011  -1.0072866117043809E-006
   29.400000000000002        5.6033737514272034E-011  -8.8912056758736605E-007
   29.500000000000000        5.0373400408582711E-011  -7.8271326495126393E-007
   29.600000000000001        4.5140970841382932E-011  -6.8719947930283310E-007
   29.700000000000003        4.0324588900206322E-011  -6.0173388347447131E-007
   29.800000000000001        3.5911152457868698E-011  -5.2549771495986499E-007
   29.900000000000002        3.1882558451442796E-011  -4.5770419253794373E-007
   30.000000000000000        2.8219253063790307E-011  -3.9760276217067627E-007
   30.100000000000001        2.4900992088853997E-011  -3.4448226496044376E-007
   30.200000000000003        2.1907804497538011E-011  -2.9767312819292087E-007
   30.300000000000001        1.9217087379907513E-011  -2.5654868484522177E-007
   30.400000000000002        1.6806012944412701E-011  -2.2052572806627143E-007
   30.500000000000000        1.4654843716035688E-011  -1.8906440550954320E-007
   30.600000000000001        1.2742027188040458E-011  -1.6166755477127177E-007
   30.700000000000003        1.1046369942867037E-011  -1.3787957582551284E-007
   30.800000000000001        9.5482432210911095E-012  -1.1728492980505716E-007
   30.900000000000002        8.2297551230672120E-012  -9.9506346159771910E-008
   31.000000000000000        7.0740793015416309E-012  -8.4202812304992221E-008
   31.100000000000001        6.0620105509069230E-012  -7.1067411818658143E-008
   31.200000000000003        5.1794239604356060E-012  -5.9825069105488842E-008
   31.300000000000001        4.4151751830688345E-012  -5.0230250498749299E-008
   31.400000000000002        3.7517070766329182E-012  -4.2064664249850035E-008
   31.500000000000000        3.1772020540153417E-012  -3.5134994637862020E-008
   31.600000000000001        2.6862479429335263E-012  -2.9270698801175640E-008
   31.700000000000003        2.2640257377258025E-012  -2.4321888972297555E-008
   31.800000000000001        1.9002640199015973E-012  -2.0157317299405605E-008
   31.900000000000002        1.5934317524988619E-012  -1.6662475591514689E-008
   32.000000000000000        1.3322529930095425E-012  -1.3737818308939030E-008
   32.100000000000001        1.1087149015008750E-012  -1.1297113402760464E-008
   32.200000000000003        9.2161541099974261E-013  -9.2659225358922553E-009
   32.300000000000004        7.6421259659483923E-013  -7.5802098711895125E-009
   32.399999999999999        6.3152828895342374E-013  -6.1850764203770840E-009
   32.500000000000000        5.1981666336609263E-013  -5.0336154029599637E-009
   32.600000000000001        4.2713923448729471E-013  -4.0858828977027334E-009
   32.700000000000003        3.5130817038988516E-013  -3.3079770997204004E-009
   32.800000000000004        2.8609650815605583E-013  -2.6712190268989233E-009
   32.899999999999999        2.3260825655127091E-013  -2.1514270883895149E-009
   33.000000000000000        1.9063037231857071E-013  -1.7282778412351908E-009
   33.100000000000001        1.5388277979672885E-013  -1.3847453904020928E-009
   33.200000000000003        1.2354522975172929E-013  -1.1066119246939562E-009
   33.300000000000004        1.0063216010519242E-013  -8.8204227042283753E-010
   33.399999999999999        8.0967676874266921E-014  -7.0121572316306912E-010
   33.500000000000000        6.4122293492430409E-014  -5.5600874819477896E-010
   33.600000000000001        5.1671395691156674E-014  -4.3972266237313363E-010
   33.700000000000003        4.1550213271850527E-014  -3.4685088489582705E-010
   33.800000000000004        3.2485724597191556E-014  -2.7288079566771272E-010
   33.899999999999999        2.6079642998524176E-014  -2.1412570097941249E-010
   34.000000000000000        2.0656126040495121E-014  -1.6758290161817910E-010
   34.100000000000001        1.5832612783111211E-014  -1.3081426879873583E-010
   34.200000000000003        1.3231539053634856E-014  -1.0184610476981096E-010
   34.300000000000004        1.0009256008103879E-014  -7.9085523062571033E-011
   34.399999999999999        7.1304335658781177E-015  -6.1250864603283581E-011
   34.500000000000000        6.7742678512183782E-015  -4.7313976933099601E-011
   34.600000000000001        4.9922958732741138E-015  -3.6452556498241020E-011
   34.700000000000003        2.7916108249141828E-015  -2.8010909576008163E-011
   34.800000000000004        3.2478566356536483E-015  -2.1467741432863937E-011
   34.899999999999999        2.8106041853954867E-015  -1.6409851689123179E-011
   35.000000000000000        9.5903906893663411E-016  -1.2510698449764108E-011
   35.100000000000001        1.1623225380992653E-015  -9.5129755851837719E-012
   35.200000000000003        1.7635194707640899E-015  -7.2145328604850938E-012
   35.300000000000004        4.4382364625994686E-016  -5.4570300774422963E-012
   35.399999999999999        6.4244767019590181E-017  -4.1168037635137920E-012
   35.500000000000000        1.0534679435407100E-015  -3.0975513658800626E-012
   35.600000000000001        3.6573585503600628E-016  -2.3245061318104950E-012
   35.700000000000003       -2.6453639360638157E-016  -1.7397897989334761E-012
   35.800000000000004        5.3593229822137257E-016  -1.2987191625062496E-012
   35.899999999999999        2.2531758865869830E-016  -9.6690754627158554E-013
   36.000000000000000       -1.6144148406210004E-016  -7.1797009005049264E-013
   36.100000000000001        2.8538726069649815E-016  -5.3171235977280896E-013
   36.200000000000003       -4.2760852500290478E-017  -3.9273134488306417E-013
   36.300000000000004        1.0851504090243474E-017  -2.8931094812719842E-013
   36.399999999999999        2.5622474006815012E-016  -2.1255949188929878E-013
   36.500000000000000       -2.5836735310059622E-016  -1.5575605687119538E-013
   36.600000000000001        7.7270282591995992E-017  -1.1383022039166297E-013
   36.700000000000003        2.5612006824972674E-016  -8.2966821364017072E-014
   36.800000000000004       -2.8259477985504143E-016  -6.0311446922569625E-014
   36.899999999999999        8.4593813138238714E-017  -4.3726699165479751E-014
   37.000000000000000        1.2488453254871888E-016  -3.1617487226294450E-014
   37.100000000000001       -1.5415949879789181E-016  -2.2801850272809097E-014
   37.200000000000003        1.5240922703659122E-016  -1.6399563589446525E-014
   37.300000000000004       -1.3727601756253634E-016  -1.1762527027457319E-014
   37.399999999999999       -2.0378588561702393E-017  -8.4155926638171420E-015
   37.500000000000000        3.2521517669934673E-016  -6.0042042497754997E-015
   37.600000000000001       -4.0415212689318909E-016  -4.2724613079648191E-015
   37.700000000000003       -1.8928911653353664E-018  -3.0331481309519026E-015
   37.800000000000004        5.4371059337156962E-016  -2.1451711436525975E-015
   37.899999999999999       -5.3816207091736731E-016  -1.5135953424434245E-015
   38.000000000000000       -1.2214769373157817E-016  -1.0676815830285399E-015
   38.100000000000001        7.0107350664872139E-016  -7.4919890815768421E-016
   38.200000000000003       -4.7386019289726990E-016  -5.2389225691859118E-016
   38.300000000000004       -3.1413736494021558E-016  -3.6672267585449752E-016
   38.400000000000006        7.0803299323071026E-016  -2.5400552662266176E-016
   38.500000000000000       -2.4435335212274996E-016  -1.7575811108554359E-016
   38.600000000000001       -4.6418027752584775E-016  -1.2403142568078859E-016
   38.700000000000003        5.4208203437487196E-016  -8.6048862176491910E-017
   38.800000000000004        3.2712475105121784E-017  -5.7879039955474290E-017
   38.900000000000006       -4.7736549889091662E-016  -3.9698546418416084E-017
   39.000000000000000        2.7601856988786989E-016  -2.7029530872314137E-017
   39.100000000000001        2.1365128685938277E-016  -1.8067654080707526E-017
   39.200000000000003       -3.4926943158595417E-016  -1.3418508123180027E-017
   39.300000000000004        5.2257651612841185E-017  -9.9198917675433895E-018
   39.400000000000006        2.2494858587229699E-016  -5.8104195616044585E-018
   39.500000000000000       -1.8563743585352611E-016  -3.3686720369884042E-018
   39.600000000000001       -1.4927179408173418E-017  -2.4010347701049277E-018
   39.700000000000003        1.2703292751427129E-016  -1.4144127477030532E-018
   39.800000000000004       -1.2110193339483972E-016  -1.3825716018795277E-018
   39.900000000000006        5.9199218118145512E-017  -1.5055687089202287E-018
   40.000000000000000        6.3757495427724457E-017  -6.0191251548603773E-019
   40.100000000000001       -1.8985759779456915E-016  -3.6718248167605870E-019
   40.200000000000003        1.3684323820871010E-016  -2.7268379585791403E-019
   40.300000000000004        1.2026197682868558E-016   6.2750391744451874E-019
   40.400000000000006       -2.8102473942036316E-016   2.2118391359351785E-019
   40.500000000000000        9.2662197619296794E-017  -6.9118346649622281E-019
   40.600000000000001        2.2715583607110182E-016  -3.5679598433687069E-019
   40.700000000000003       -2.4650593801370842E-016  -3.5107263670618901E-019
   40.800000000000004       -4.8481897766719343E-017  -2.2509306698211153E-019
   40.900000000000006        2.2602075103136462E-016   8.8498026745258275E-019
   41.000000000000000       -6.6182500792390802E-017   8.2585573629759316E-019
   41.100000000000001       -1.2516673340312185E-016  -3.7553399192484418E-019
   41.200000000000003        4.5318278467026328E-017  -9.8917641632603494E-019
   41.300000000000004        1.0865377424855382E-016  -6.8375225143250523E-019
   41.400000000000006       -7.2252454326980384E-018   4.9598073427546519E-019
   41.500000000000000       -1.9828138230500802E-016   1.0432629328566541E-018
   41.600000000000001        9.3864567656686180E-017   2.0715919738494561E-019
   41.700000000000003        2.5112440613447149E-016  -2.5915326952755306E-019
   41.800000000000004       -2.8825150187430400E-016  -5.5114691164400127E-019
   41.900000000000006       -1.3741846637915118E-016  -9.0574332192254048E-019
   42.000000000000000        4.3350022222688497E-016   3.6490231779889234E-019
   42.100000000000001       -1.1309958433691415E-016   1.3458649425137965E-018
   42.200000000000003       -4.0399186406995808E-016  -2.2620552763556005E-020
   42.300000000000004        3.5481345727641765E-016  -7.6698505286477954E-019
   42.400000000000006        2.1357467135198286E-016   1.4033024503513226E-020
   42.500000000000000       -4.7193900564792796E-016  -1.6692134367074050E-019
   42.600000000000001        3.6062519395890963E-017  -4.1783203715594782E-019
   42.700000000000003        4.4681159180919378E-016   6.6021871111737152E-019
   42.800000000000004       -2.5993211877573282E-016   8.0772335581313988E-019
   42.900000000000006       -3.1171552838028355E-016  -5.5674936176865806E-019
   43.000000000000000        4.1539318406380911E-016  -6.9191905505070904E-019
   43.100000000000001        9.4732493536026923E-017   2.8106377979934518E-019
   43.200000000000003       -4.6106953101992399E-016   3.3880939717586403E-020
   43.300000000000004        1.6079850912668029E-016  -2.1084840064184100E-019
   43.400000000000006        3.5343580155941925E-016   6.7748274941536827E-019
   43.500000000000000       -3.5873971245498438E-016   2.7999589240035507E-019
   43.600000000000001       -1.1080892534449764E-016  -8.8103311146298333E-019
   43.700000000000003        3.8901004401180319E-016  -1.8796150969617428E-019
   43.800000000000004       -1.4585105492678888E-016   4.6738070922648725E-019
   43.900000000000006       -2.3048690782980193E-016  -1.4729002180531869E-019
   44.000000000000000        2.6047334102342259E-016   1.3606258100969980E-019
   44.100000000000001        1.0151924959942826E-018   4.5652273438360793E-019
   44.200000000000003       -1.7431200886634688E-016  -3.8157516314667439E-019
   44.300000000000004        1.2394608140159098E-016  -4.2499617503222084E-019
   44.400000000000006       -1.1356271752077926E-017   1.0045921731074132E-019
   44.500000000000000       -6.1297882767666340E-017   5.4464307250602092E-020
   44.600000000000001        1.1760324859624634E-016   3.7982021259764129E-019
   44.700000000000003       -1.0521890718269375E-016   3.2083323506459947E-019
   44.800000000000004       -4.4642820915502780E-017  -5.7236850201851055E-019
   44.900000000000006        2.0080886350914995E-016  -3.6306585053079531E-019
   45.000000000000000       -1.4282869621477527E-016   2.7508915529669543E-019
   45.100000000000001       -1.1572111124276125E-016   5.2100300483890533E-020
   45.200000000000003        2.7766794447434969E-016   2.7908078195748523E-019
   45.300000000000004       -1.0058033415084623E-016   3.1197157426921482E-019
   45.400000000000006       -2.3767301335981226E-016  -6.5873187530061826E-019
   45.500000000000000        2.8563534045530995E-016  -4.0095410701584686E-019
   45.600000000000001        4.5545640765570623E-017   6.0555727818626202E-019
   45.700000000000003       -3.0105899402511715E-016   1.5180303732195040E-019
   45.800000000000004        1.5821856257545634E-016  -2.1454603991607154E-019
   45.900000000000006        1.3976074325855417E-016   1.9945278783667383E-019
   46.000000000000000       -2.3439649003425699E-016  -1.9163086141668831E-019
   46.100000000000001        7.8614460737305808E-017  -3.4494754508026244E-019
   46.200000000000003        1.5074811688722202E-016   3.4135031194912150E-019
   46.300000000000004       -2.0656369780900569E-016   1.7180315205151656E-019
   46.400000000000006        5.8949340991364409E-018  -2.0173501706276853E-019
   46.500000000000000        1.7495254053360635E-016   1.5761582626279781E-019
   46.600000000000001       -1.0754759422311606E-016  -4.8039735303699493E-020
   46.700000000000003       -2.8782546581600985E-017  -3.5648501387985538E-019
   46.800000000000004        8.2611971990969730E-017   1.9146876699133705E-019
   46.900000000000006       -1.2024426984559300E-016   2.4992136999351808E-019
   47.000000000000000        3.9935546004624208E-017  -1.3629156134807566E-019
   47.100000000000001        1.7628299211614884E-016   9.5397035753689681E-020
   47.200000000000003       -1.6225276845073691E-016  -4.9365466177975325E-020
   47.300000000000004       -1.1530814514061895E-016  -4.3354992825950082E-019
   47.400000000000006        1.9149037758932626E-016   2.2004040873102807E-019
   47.500000000000000       -1.5327394923571496E-017   5.2535383909392412E-019
   47.600000000000001       -1.0018102871843931E-016  -2.6699161908411415E-019
   47.700000000000003        1.3954296265277956E-016  -3.0127970681059744E-019
   47.800000000000004       -6.3004791179007561E-017   1.7847979310670955E-019
   47.900000000000006       -2.0016456041819831E-016  -1.0651097627811259E-019
   48.000000000000000        2.0991971919995612E-016  -2.2448500137575465E-020
   48.100000000000001        1.8198047522949733E-016   4.6465310829892137E-019
   48.200000000000003       -2.6650620796276623E-016  -1.1404816384403977E-019
   48.300000000000004       -1.0515070255946478E-016  -5.8636985160061243E-019
   48.400000000000006        2.0958347110383353E-016   1.7775037283634165E-019
   48.500000000000000        3.8821532293898249E-018   4.2815668398674471E-019
   48.600000000000001       -7.0549857076344330E-017  -1.6552564839742755E-019
   48.700000000000003        9.1320324439258564E-017  -8.9516421352415181E-020
   48.800000000000004       -8.8157933686376114E-017   1.0772114129305223E-019
   48.900000000000006       -1.5970319893412946E-016  -2.6162606318488727E-019
   49.000000000000000        2.0526358716403482E-016  -4.0420414030028556E-020
   49.100000000000001        1.8846338453875411E-016   4.7862942756149320E-019
   49.200000000000003       -2.4413820250364369E-016  -1.3282234921209627E-020
   49.300000000000004       -1.7095797972292515E-016  -4.9124357402168335E-019
   49.400000000000006        2.0070739744349837E-016   4.5261284165943444E-020
   49.500000000000000        1.0746835192722431E-016   3.1136202914558776E-019
   49.600000000000001       -1.0147659160235982E-016  -4.9117809566345051E-020
   49.700000000000003       -2.8874077942146048E-017  -3.0086683672044428E-020
   49.800000000000004        8.6542860732145621E-018   1.4068814602491272E-020
   49.900000000000006        5.0654071924799070E-054  -2.7511241805594362E-020
