   0.0000000000000000       -1.2778519723912065E-015   0.0000000000000000     
  0.10000000000000001       -1.4996776703417473E-016   0.0000000000000000     
  0.20000000000000001        1.0279873763170629E-015   0.0000000000000000     
  0.30000000000000004        1.5026896657396638E-015   0.0000000000000000     
  0.40000000000000002        1.2046358830975486E-016   0.0000000000000000     
  0.50000000000000000        4.2453552439948857E-016   0.0000000000000000     
  0.60000000000000009        2.2717918222929546E-015   0.0000000000000000     
  0.70000000000000007       -5.8466981271067874E-016   0.0000000000000000     
  0.80000000000000004       -2.7988515659347633E-015   0.0000000000000000     
  0.90000000000000002       -1.5653907204274694E-015   0.0000000000000000     
   1.0000000000000000       -1.2700728494929374E-015   0.0000000000000000     
   1.1000000000000001        8.7068887294886137E-017   0.0000000000000000     
   1.2000000000000002        2.2319692447733622E-015   0.0000000000000000     
   1.3000000000000000        2.5159162606999760E-015   0.0000000000000000     
   1.4000000000000001        1.2334828021416098E-015   0.0000000000000000     
   1.5000000000000000       -2.8924589074299803E-017   0.0000000000000000     
   1.6000000000000001       -9.6004297845991965E-016   0.0000000000000000     
   1.7000000000000002       -3.3284315377197160E-015   0.0000000000000000     
   1.8000000000000000       -2.7341168378095081E-015   0.0000000000000000     
   1.9000000000000001        2.0122989481685030E-015   0.0000000000000000     
   2.0000000000000000        2.6932793453177354E-015   0.0000000000000000     
   2.1000000000000001        7.9112205195651324E-017   0.0000000000000000     
   2.2000000000000002       -1.3125976221381599E-016   0.0000000000000000     
   2.3000000000000003        2.1924168982565867E-018   0.0000000000000000     
   2.4000000000000004       -9.3286545498958126E-016   0.0000000000000000     
   2.5000000000000000       -2.3768218649534787E-016   0.0000000000000000     
   2.6000000000000001        2.8087357150763824E-016   0.0000000000000000     
   2.7000000000000002       -1.0066861188715924E-015   0.0000000000000000     
   2.8000000000000003        7.7334760219733840E-016   0.0000000000000000     
   2.9000000000000004        1.9170205535162596E-015   0.0000000000000000     
   3.0000000000000000       -6.5650115942219184E-016   0.0000000000000000     
   3.1000000000000001        4.2551593871989036E-016   0.0000000000000000     
   3.2000000000000002        1.2604428671417137E-016   0.0000000000000000     
   3.3000000000000003       -3.2855545360733852E-015   0.0000000000000000     
   3.4000000000000004       -1.0044727869854890E-015   0.0000000000000000     
   3.5000000000000000        8.9348730096241577E-016   0.0000000000000000     
   3.6000000000000001        3.4039472671571772E-016   0.0000000000000000     
   3.7000000000000002        2.6738876907235860E-015   0.0000000000000000     
   3.8000000000000003        2.2798770411587408E-015   0.0000000000000000     
   3.9000000000000004       -8.9552576216304255E-016   0.0000000000000000     
   4.0000000000000000       -1.2309115219638324E-015   0.0000000000000000     
   4.1000000000000005       -1.5261928798487045E-015   0.0000000000000000     
   4.2000000000000002       -3.3268068934110214E-015   0.0000000000000000     
   4.2999999999999998       -1.2154132627786108E-015   0.0000000000000000     
   4.4000000000000004        3.7302153249220836E-015   0.0000000000000000     
   4.5000000000000000        3.1234971232952374E-015   0.0000000000000000     
   4.6000000000000005       -2.6489308110178698E-016   0.0000000000000000     
   4.7000000000000002        7.2518978240693748E-016   0.0000000000000000     
   4.8000000000000007        4.0117394961222265E-016   0.0000000000000000     
   4.9000000000000004       -2.6773813603587379E-015   0.0000000000000000     
   5.0000000000000000       -2.1367222251260506E-015   0.0000000000000000     
   5.1000000000000005       -1.2560010618501680E-015   0.0000000000000000     
   5.2000000000000002       -4.6856685493890461E-016   0.0000000000000000     
   5.3000000000000007        2.6992550499406888E-015   0.0000000000000000     
   5.4000000000000004        2.2475066382922395E-015   0.0000000000000000     
   5.5000000000000000        2.3663696856056727E-016   0.0000000000000000     
   5.6000000000000005        4.1677002730049088E-016   0.0000000000000000     
   5.7000000000000002       -1.4511082937181367E-016   0.0000000000000000     
   5.8000000000000007       -1.2789979462690405E-016   0.0000000000000000     
   5.9000000000000004       -1.2930265288007055E-015   0.0000000000000000     
   6.0000000000000000       -2.8947266138444799E-015   0.0000000000000000     
   6.1000000000000005       -8.3932852902656087E-016   0.0000000000000000     
   6.2000000000000002        1.1491958762509884E-015   0.0000000000000000     
   6.3000000000000007        2.0042208617715326E-015   0.0000000000000000     
   6.4000000000000004        1.7654307621418556E-015   0.0000000000000000     
   6.5000000000000000       -8.7246687516592400E-017   0.0000000000000000     
   6.6000000000000005       -1.0801580418580500E-015   0.0000000000000000     
   6.7000000000000002       -1.6576706468273892E-015   0.0000000000000000     
   6.8000000000000007        8.5536856047928760E-017   0.0000000000000000     
   6.9000000000000004        2.4651729276244894E-015   0.0000000000000000     
   7.0000000000000000        7.4834331702555237E-016   0.0000000000000000     
   7.1000000000000005       -9.2292315133671005E-016   0.0000000000000000     
   7.2000000000000002       -1.6367606908227502E-015   0.0000000000000000     
   7.3000000000000007       -1.5300445754482295E-015   0.0000000000000000     
   7.4000000000000004        1.5924406961978847E-015   0.0000000000000000     
   7.5000000000000000        1.2069283497245727E-015   0.0000000000000000     
   7.6000000000000005       -2.0257094228501608E-015   0.0000000000000000     
   7.7000000000000002       -6.1024168724225126E-016   0.0000000000000000     
   7.8000000000000007        1.3138429852255652E-015   0.0000000000000000     
   7.9000000000000004        9.6094213234324269E-016   0.0000000000000000     
   8.0000000000000000        9.7422984161536062E-016   0.0000000000000000     
   8.0999999999999996        1.4522916708938404E-016   0.0000000000000000     
   8.2000000000000011       -4.2439257045816431E-016   0.0000000000000000     
   8.3000000000000007       -7.3958825104102461E-016   0.0000000000000000     
   8.4000000000000004       -1.8862845483924020E-015   0.0000000000000000     
   8.5000000000000000       -1.6549177965796054E-018   0.0000000000000000     
   8.5999999999999996        1.7957282786105241E-015   0.0000000000000000     
   8.7000000000000011       -5.1162041673842091E-016   0.0000000000000000     
   8.8000000000000007       -1.3367704865662515E-015   0.0000000000000000     
   8.9000000000000004        3.3209080696479430E-016   0.0000000000000000     
   9.0000000000000000        1.2401353988355610E-015   0.0000000000000000     
   9.0999999999999996        8.2041953284666947E-016   0.0000000000000000     
   9.2000000000000011       -2.8088752092177265E-016   0.0000000000000000     
   9.3000000000000007       -5.4576705308601590E-016   0.0000000000000000     
   9.4000000000000004       -6.3574722285591090E-016   0.0000000000000000     
   9.5000000000000000       -1.6264743439995249E-016   0.0000000000000000     
   9.6000000000000014        2.2579799779735388E-016   0.0000000000000000     
   9.7000000000000011       -5.1525145594987508E-016   0.0000000000000000     
   9.8000000000000007        7.7011703807600900E-016   0.0000000000000000     
   9.9000000000000004        1.0624604972338646E-015   0.0000000000000000     
   10.000000000000000       -9.4312486134438577E-016   0.0000000000000000     
   10.100000000000001       -8.5969421373322744E-016   0.0000000000000000     
   10.200000000000001       -5.4578168569050088E-017   0.0000000000000000     
   10.300000000000001        1.4957027184720541E-015   0.0000000000000000     
   10.400000000000000        1.1217077509243348E-015   0.0000000000000000     
   10.500000000000000       -2.2278206308623132E-015   0.0000000000000000     
   10.600000000000001       -1.1021847949490568E-015   0.0000000000000000     
   10.700000000000001        1.3144225578449873E-015   0.0000000000000000     
   10.800000000000001        7.2829482575163551E-016   0.0000000000000000     
   10.900000000000000        1.0594227302522416E-017   0.0000000000000000     
   11.000000000000000       -9.2966426279273763E-016   0.0000000000000000     
   11.100000000000001       -2.9759039257063282E-017   0.0000000000000000     
   11.200000000000001        1.3381884611021517E-015   0.0000000000000000     
   11.300000000000001        3.2613353112245597E-016   0.0000000000000000     
   11.400000000000000       -1.1383421113074789E-015   0.0000000000000000     
   11.500000000000000       -1.2146813325299321E-015   0.0000000000000000     
   11.600000000000001        1.4230714343125803E-015   0.0000000000000000     
   11.700000000000001        1.1670203543906810E-015   0.0000000000000000     
   11.800000000000001       -2.3839624369751406E-015   0.0000000000000000     
   11.900000000000000       -5.3804703949019941E-016   0.0000000000000000     
   12.000000000000000        2.4745422984323430E-015   0.0000000000000000     
   12.100000000000001        8.7041969792332920E-016   0.0000000000000000     
   12.200000000000001       -6.9505682291167582E-016   0.0000000000000000     
   12.300000000000001        1.1670398772051463E-017   0.0000000000000000     
   12.400000000000000        3.1164525639514371E-016   0.0000000000000000     
   12.500000000000000       -1.3708815106191205E-015   0.0000000000000000     
   12.600000000000001       -2.0700981559738632E-015   0.0000000000000000     
   12.700000000000001       -7.7162745616122735E-016   0.0000000000000000     
   12.800000000000001        5.6644208458679871E-016   0.0000000000000000     
   12.900000000000000        2.0217142567041300E-015   0.0000000000000000     
   13.000000000000000        1.8941005292689851E-015   0.0000000000000000     
   13.100000000000001        4.9424906440458797E-016   0.0000000000000000     
   13.200000000000001        1.6479700594009388E-016   0.0000000000000000     
   13.300000000000001       -6.8989650825508984E-016   0.0000000000000000     
   13.400000000000000       -1.2994564579402789E-015   0.0000000000000000     
   13.500000000000000        2.2465270384463340E-016   0.0000000000000000     
   13.600000000000001       -3.1132498808226996E-016   0.0000000000000000     
   13.700000000000001       -2.7719081595215433E-015   0.0000000000000000     
   13.800000000000001       -1.9704669863803063E-016   0.0000000000000000     
   13.900000000000000        2.7028523988484253E-015   0.0000000000000000     
   14.000000000000000        2.7165858464275435E-016   0.0000000000000000     
   14.100000000000001        3.8538712483273547E-016   0.0000000000000000     
   14.200000000000001        1.0921081855634834E-015   0.0000000000000000     
   14.300000000000001       -2.4134947726853228E-015   0.0000000000000000     
   14.400000000000000       -1.4841922108289285E-015   0.0000000000000000     
   14.500000000000000        2.2150455413156969E-015   0.0000000000000000     
   14.600000000000001        9.7271694721717080E-016   0.0000000000000000     
   14.700000000000001       -6.8002569788109024E-016   0.0000000000000000     
   14.800000000000001        8.0412592149549347E-016   0.0000000000000000     
   14.900000000000000        1.5357323556160059E-015   0.0000000000000000     
   15.000000000000000       -8.4752868563381792E-016   0.0000000000000000     
   15.100000000000001       -2.2569793481197741E-015   0.0000000000000000     
   15.200000000000001       -9.4280495559448928E-016   0.0000000000000000     
   15.300000000000001       -3.7238505282749622E-016   0.0000000000000000     
   15.400000000000000        9.1385285531078297E-017   0.0000000000000000     
   15.500000000000000        4.0853483854388373E-016   0.0000000000000000     
   15.600000000000001       -9.5297231214235951E-017   0.0000000000000000     
   15.700000000000001        1.9342113220671864E-015   0.0000000000000000     
   15.800000000000001        2.7243846254161796E-015   0.0000000000000000     
   15.900000000000000       -1.9462719800015949E-019   0.0000000000000000     
   16.000000000000000       -2.1752095930119934E-015   0.0000000000000000     
   16.100000000000001       -1.8471522038891454E-015   0.0000000000000000     
   16.199999999999999        1.1192099635741630E-016   0.0000000000000000     
   16.300000000000001        3.1447308930762013E-016   0.0000000000000000     
   16.400000000000002       -1.4134056751192937E-015   0.0000000000000000     
   16.500000000000000        1.2160073507801078E-015   0.0000000000000000     
   16.600000000000001        1.2083163416316069E-015   0.0000000000000000     
   16.699999999999999       -1.9132481340856630E-016   0.0000000000000000     
   16.800000000000001       -1.8335092038744636E-016   0.0000000000000000     
   16.900000000000002        6.1762569546185679E-016   0.0000000000000000     
   17.000000000000000        1.0022681427120627E-016   0.0000000000000000     
   17.100000000000001        2.0846197571902589E-015   0.0000000000000000     
   17.199999999999999       -2.2439833928597967E-015   0.0000000000000000     
   17.300000000000001        1.9650393001558436E-016   0.0000000000000000     
   17.400000000000002       -2.5075239056757697E-015   0.0000000000000000     
   17.500000000000000        1.0885957585151831E-015   0.0000000000000000     
   17.600000000000001       -2.6815399162122420E-015   0.0000000000000000     
   17.699999999999999        3.4918585554592379E-015   0.0000000000000000     
   17.800000000000001       -5.2722275880152746E-015   0.0000000000000000     
   17.900000000000002        7.2552758935723099E-015   0.0000000000000000     
   18.000000000000000       -7.0407450415840382E-015   0.0000000000000000     
   18.100000000000001        9.9524120758189654E-015   0.0000000000000000     
   18.199999999999999       -1.0928162985866190E-014   0.0000000000000000     
   18.300000000000001        1.9129194705955016E-014   0.0000000000000000     
   18.400000000000002       -2.0271068728250215E-014   0.0000000000000000     
   18.500000000000000        2.4904218665816417E-014   0.0000000000000000     
   18.600000000000001       -3.5824014236941935E-014   0.0000000000000000     
   18.699999999999999        4.0982935429665128E-014   0.0000000000000000     
   18.800000000000001       -5.6828573537309332E-014   0.0000000000000000     
   18.900000000000002        6.8847919855798486E-014   0.0000000000000000     
   19.000000000000000       -8.9337782893676345E-014   0.0000000000000000     
   19.100000000000001        1.1508626322086890E-013   0.0000000000000000     
   19.200000000000003       -1.4237648889516502E-013   0.0000000000000000     
   19.300000000000001        1.8503568137929170E-013   0.0000000000000000     
   19.400000000000002       -2.3277818098542615E-013   0.0000000000000000     
   19.500000000000000        2.9665379856461745E-013   0.0000000000000000     
   19.600000000000001       -3.7378032164093983E-013   0.0000000000000000     
   19.700000000000003        4.7405221703076503E-013   0.0000000000000000     
   19.800000000000001       -6.0389078374735501E-013   0.0000000000000000     
   19.900000000000002        7.6273052540609067E-013   0.0000000000000000     
   20.000000000000000       -9.6740496278026613E-013   0.0000000000000000     
   20.100000000000001        1.2191533061669897E-012   0.0000000000000000     
   20.200000000000003       -1.5415659033480752E-012   0.0000000000000000     
   20.300000000000001        1.9464392667045384E-012   0.0000000000000000     
   20.400000000000002       -2.4524762153443198E-012   0.0000000000000000     
   20.500000000000000        3.0978373077716245E-012   0.0000000000000000     
   20.600000000000001       -3.9000586050899847E-012   0.0000000000000000     
   20.700000000000003        4.9096808240828310E-012   0.0000000000000000     
   20.800000000000001       -6.1762340677906094E-012   0.0000000000000000     
   20.900000000000002        7.7609470690517885E-012   0.0000000000000000     
   21.000000000000000       -9.7498383603405063E-012   0.0000000000000000     
   21.100000000000001        1.2232956230938818E-011   0.0000000000000000     
   21.200000000000003       -1.5342085919801797E-011   0.0000000000000000     
   21.300000000000001        1.9224556339692878E-011   0.0000000000000000     
   21.400000000000002       -2.4067520213671680E-011   0.0000000000000000     
   21.500000000000000        3.0106141857874947E-011   0.0000000000000000     
   21.600000000000001       -3.7629735969676638E-011   0.0000000000000000     
   21.700000000000003        4.6996869005604777E-011   0.0000000000000000     
   21.800000000000001       -5.8638357334753524E-011   0.0000000000000000     
   21.900000000000002        7.3109563791627789E-011   0.0000000000000000     
   22.000000000000000       -9.1071154345274696E-011   0.0000000000000000     
   22.100000000000001        1.1334233505014271E-010   0.0000000000000000     
   22.200000000000003       -1.4094282808893408E-010   0.0000000000000000     
   22.300000000000001        1.7510227595131030E-010   0.0000000000000000     
   22.400000000000002       -2.1734798613920526E-010   0.0000000000000000     
   22.500000000000000        2.6954565284254706E-010   0.0000000000000000     
   22.600000000000001       -3.3396910392689040E-010   0.0000000000000000     
   22.700000000000003        4.1341319367440997E-010   0.0000000000000000     
   22.800000000000001       -5.1127986390778972E-010   0.0000000000000000     
   22.900000000000002        6.3172218363896961E-010   0.0000000000000000     
   23.000000000000000       -7.7980136971338299E-010   0.0000000000000000     
   23.100000000000001        9.6167306523207705E-010   0.0000000000000000     
   23.200000000000003       -1.1848322714072579E-009   0.0000000000000000     
   23.300000000000001        1.4583631958089752E-009   0.0000000000000000     
   23.400000000000002       -1.7932923346751265E-009   0.0000000000000000     
   23.500000000000000        2.2029802741442914E-009   0.0000000000000000     
   23.600000000000001       -2.7035931104925320E-009   0.0000000000000000     
   23.700000000000003        3.3146640421861139E-009   0.0000000000000000     
   23.800000000000001       -4.0597741492416123E-009   0.0000000000000000     
   23.900000000000002        4.9673660430959684E-009   0.0000000000000000     
   24.000000000000000       -6.0716735351319677E-009   0.0000000000000000     
   24.100000000000001        7.4138844393802407E-009   0.0000000000000000     
   24.200000000000003       -9.0434824454699646E-009   0.0000000000000000     
   24.300000000000001        1.1019823511523551E-008   0.0000000000000000     
   24.400000000000002       -1.3414047976649119E-008   0.0000000000000000     
   24.500000000000000        1.6311290459950814E-008   0.0000000000000000     
   24.600000000000001       -1.9813304746332586E-008   0.0000000000000000     
   24.700000000000003        2.4041577283587427E-008   0.0000000000000000     
   24.800000000000001       -2.9140925063485452E-008   0.0000000000000000     
   24.900000000000002        3.5283787546374707E-008   0.0000000000000000     
   25.000000000000000       -4.2675200314470876E-008   0.0000000000000000     
   25.100000000000001        5.1558661105489033E-008   0.0000000000000000     
   25.200000000000003       -6.2222931510103783E-008   0.0000000000000000     
   25.300000000000001        7.5010000312467987E-008   0.0000000000000000     
   25.400000000000002       -9.0324366543312383E-008   0.0000000000000000     
   25.500000000000000        1.0864377255231335E-007   0.0000000000000000     
   25.600000000000001       -1.3053172009692991E-007   0.0000000000000000     
   25.700000000000003        1.5665192209797095E-007   0.0000000000000000     
   25.800000000000001       -1.8778505445226392E-007   0.0000000000000000     
   25.900000000000002        2.2484803141559924E-007   0.0000000000000000     
   26.000000000000000       -2.6891626921362146E-007   0.0000000000000000     
   26.100000000000001        3.2124927183702843E-007   0.0000000000000000     
   26.200000000000003       -3.8331999527474096E-007   0.0000000000000000     
   26.300000000000001        4.5684849941780644E-007   0.0000000000000000     
   26.400000000000002       -5.4384042991218640E-007   0.0000000000000000     
   26.500000000000000        6.4663095744939952E-007   0.0000000000000000     
   26.600000000000001       -7.6793481083655796E-007   0.0000000000000000     
   26.700000000000003        9.1090317720548894E-007   0.0000000000000000     
   26.800000000000001       -1.0791882692679060E-006   0.0000000000000000     
   26.900000000000002        1.2770164117544333E-006   0.0000000000000000     
   27.000000000000000       -1.5092706388727346E-006   0.0000000000000000     
   27.100000000000001        1.7815838070342155E-006   0.0000000000000000     
   27.200000000000003       -2.1004433594758276E-006   0.0000000000000000     
   27.300000000000001        2.4733088995283003E-006   0.0000000000000000     
   27.400000000000002       -2.9087438822641641E-006   0.0000000000000000     
   27.500000000000000        3.4165627067923210E-006   0.0000000000000000     
   27.600000000000001       -4.0079946888356791E-006   0.0000000000000000     
   27.700000000000003        4.6958663398207201E-006   0.0000000000000000     
   27.800000000000001       -5.4948034755233947E-006   0.0000000000000000     
   27.900000000000002        6.4214547977047006E-006   0.0000000000000000     
   28.000000000000000       -7.4947384441175094E-006   0.0000000000000000     
   28.100000000000001        8.7361132114944164E-006   0.0000000000000000     
   28.200000000000003       -1.0169875961746571E-005   0.0000000000000000     
   28.300000000000001        1.1823486845229715E-005   0.0000000000000000     
   28.400000000000002       -1.3727923753243488E-005   0.0000000000000000     
   28.500000000000000        1.5918067422796769E-005   0.0000000000000000     
   28.600000000000001       -1.8433118366752927E-005   0.0000000000000000     
   28.700000000000003        2.1317046685016143E-005   0.0000000000000000     
   28.800000000000001       -2.4619075546540811E-005   0.0000000000000000     
   28.900000000000002        2.8394198674936440E-005   0.0000000000000000     
   29.000000000000000       -3.2703732094225847E-005   0.0000000000000000     
   29.100000000000001        3.7615899591521112E-005   0.0000000000000000     
   29.200000000000003       -4.3206451054985177E-005   0.0000000000000000     
   29.300000000000001        4.9559312161198065E-005   0.0000000000000000     
   29.400000000000002       -5.6767263141698549E-005   0.0000000000000000     
   29.500000000000000        6.4932643607249168E-005   0.0000000000000000     
   29.600000000000001       -7.4168079461948522E-005   0.0000000000000000     
   29.700000000000003        8.4597227029782049E-005   0.0000000000000000     
   29.800000000000001       -9.6355528206519737E-005   0.0000000000000000     
   29.900000000000002        1.0959096953818959E-004   0.0000000000000000     
   30.000000000000000       -1.2446483653645951E-004   0.0000000000000000     
   30.100000000000001        1.4115245331967723E-004   0.0000000000000000     
   30.200000000000003       -1.5984389611148654E-004   0.0000000000000000     
   30.300000000000001        1.8074466755627972E-004   0.0000000000000000     
   30.400000000000002       -2.0407631724765531E-004   0.0000000000000000     
   30.500000000000000        2.3007699206948381E-004   0.0000000000000000     
   30.600000000000001       -2.5900189838110819E-004   0.0000000000000000     
   30.700000000000003        2.9112365632262137E-004   0.0000000000000000     
   30.800000000000001       -3.2673252484258073E-004   0.0000000000000000     
   30.900000000000002        3.6613647444618761E-004   0.0000000000000000     
   31.000000000000000       -4.0966108320284280E-004   0.0000000000000000     
   31.100000000000001        4.5764923020908782E-004   0.0000000000000000     
   31.200000000000003       -5.1046055945464788E-004   0.0000000000000000     
   31.300000000000001        5.6847068628986181E-004   0.0000000000000000     
   31.400000000000002       -6.3207011790253635E-004   0.0000000000000000     
   31.500000000000000        7.0166285916555048E-004   0.0000000000000000     
   31.600000000000001       -7.7766467519438409E-004   0.0000000000000000     
   31.700000000000003        8.6050098277004031E-004   0.0000000000000000     
   31.800000000000001       -9.5060434387049032E-004   0.0000000000000000     
   31.900000000000002        1.0484115364157165E-003   0.0000000000000000     
   32.000000000000000       -1.1543601798228414E-003   0.0000000000000000     
   32.100000000000001        1.2688848959816117E-003   0.0000000000000000     
   32.200000000000003       -1.3924129905399480E-003   0.0000000000000000     
   32.300000000000004        1.5253596437637287E-003   0.0000000000000000     
   32.399999999999999       -1.6681226061530084E-003   0.0000000000000000     
   32.500000000000000        1.8210764002219188E-003   0.0000000000000000     
   32.600000000000001       -1.9845660373781571E-003   0.0000000000000000     
   32.700000000000003        2.1589002668342691E-003   0.0000000000000000     
   32.800000000000004       -2.3443443825438806E-003   0.0000000000000000     
   32.899999999999999        2.5411126240464971E-003   0.0000000000000000     
   33.000000000000000       -2.7493602173541761E-003   0.0000000000000000     
   33.100000000000001        2.9691751133530614E-003   0.0000000000000000     
   33.200000000000003       -3.2005694925428259E-003   0.0000000000000000     
   33.300000000000004        3.4434711170119943E-003   0.0000000000000000     
   33.399999999999999       -3.6977146225947431E-003   0.0000000000000000     
   33.500000000000000        3.9630328561550592E-003   0.0000000000000000     
   33.600000000000001       -4.2390483748181058E-003   0.0000000000000000     
   33.700000000000003        4.5252652352715441E-003   0.0000000000000000     
   33.800000000000004       -4.8210612118077647E-003   0.0000000000000000     
   33.899999999999999        5.1256805911840970E-003   0.0000000000000000     
   34.000000000000000       -5.4382277007139603E-003   0.0000000000000000     
   34.100000000000001        5.7576613322384129E-003   0.0000000000000000     
   34.200000000000003       -6.0827902294193397E-003   0.0000000000000000     
   34.300000000000004        6.4122698077176184E-003   0.0000000000000000     
   34.399999999999999       -6.7446002763824967E-003   0.0000000000000000     
   34.500000000000000        7.0781263282693628E-003   0.0000000000000000     
   34.600000000000001       -7.4110385572100377E-003   0.0000000000000000     
   34.700000000000003        7.7413767528135584E-003   0.0000000000000000     
   34.800000000000004       -8.0670352094192287E-003   0.0000000000000000     
   34.899999999999999        8.3857701691941872E-003   0.0000000000000000     
   35.000000000000000       -8.6952094985476430E-003   0.0000000000000000     
   35.100000000000001        8.9928646730787990E-003   0.0000000000000000     
   35.200000000000003       -9.2761451181657528E-003   0.0000000000000000     
   35.300000000000004        9.5423749210291602E-003   0.0000000000000000     
   35.399999999999999       -9.7888118955979340E-003   0.0000000000000000     
   35.500000000000000        1.0012668943927201E-002   0.0000000000000000     
   35.600000000000001       -1.0211137618293413E-002   0.0000000000000000     
   35.700000000000003        1.0381413746068855E-002   0.0000000000000000     
   35.800000000000004       -1.0520724936699234E-002   0.0000000000000000     
   35.899999999999999        1.0626359746232938E-002   0.0000000000000000     
   36.000000000000000       -1.0695698231653152E-002   0.0000000000000000     
   36.100000000000001        1.0726243584741189E-002   0.0000000000000000     
   36.200000000000003       -1.0715654494745892E-002   0.0000000000000000     
   36.300000000000004        1.0661777851677596E-002   0.0000000000000000     
   36.399999999999999       -1.0562681368198089E-002   0.0000000000000000     
   36.500000000000000        1.0416685669148969E-002   0.0000000000000000     
   36.600000000000001       -1.0222395374539740E-002   0.0000000000000000     
   36.700000000000003        9.9787286851288504E-003   0.0000000000000000     
   36.800000000000004       -9.6849449704853284E-003   0.0000000000000000     
   36.899999999999999        9.3406698583929533E-003   0.0000000000000000     
   37.000000000000000       -8.9459173319240016E-003   0.0000000000000000     
   37.100000000000001        8.5011083575153024E-003   0.0000000000000000     
   37.200000000000003       -8.0070855934770216E-003   0.0000000000000000     
   37.300000000000004        7.4651237644607271E-003   0.0000000000000000     
   37.399999999999999       -6.8769353326731467E-003   0.0000000000000000     
   37.500000000000000        6.2446711513585327E-003   0.0000000000000000     
   37.600000000000001       -5.5709158493908294E-003   0.0000000000000000     
   37.700000000000003        4.8586777671410977E-003   0.0000000000000000     
   37.800000000000004       -4.1113733421862626E-003   0.0000000000000000     
   37.899999999999999        3.3328059275329991E-003   0.0000000000000000     
   38.000000000000000       -2.5271391139708474E-003   0.0000000000000000     
   38.100000000000001        1.6988647196762524E-003   0.0000000000000000     
   38.200000000000003       -8.5276570334204304E-004   0.0000000000000000     
   38.300000000000004       -6.1256503935043298E-006   0.0000000000000000     
   38.400000000000006        8.7257383432161784E-004   0.0000000000000000     
   38.500000000000000       -1.7411899860558715E-003   0.0000000000000000     
   38.600000000000001        2.6064849149937956E-003   0.0000000000000000     
   38.700000000000003       -3.4629246129264596E-003   0.0000000000000000     
   38.800000000000004        4.3049875105293321E-003   0.0000000000000000     
   38.900000000000006       -5.1272226918731047E-003   0.0000000000000000     
   39.000000000000000        5.9243082417736979E-003   0.0000000000000000     
   39.100000000000001       -6.6911088775707551E-003   0.0000000000000000     
   39.200000000000003        7.4227320090371855E-003   0.0000000000000000     
   39.300000000000004       -8.1145813774851482E-003   0.0000000000000000     
   39.400000000000006        8.7624074491889740E-003   0.0000000000000000     
   39.500000000000000       -9.3623537774305300E-003   0.0000000000000000     
   39.600000000000001        9.9109986030506119E-003   0.0000000000000000     
   39.700000000000003       -1.0405391033029593E-002   0.0000000000000000     
   39.800000000000004        1.0843081220557139E-002   0.0000000000000000     
   39.900000000000006       -1.1222144065508954E-002   0.0000000000000000     
   40.000000000000000        1.1541196060654688E-002   0.0000000000000000     
   40.100000000000001       -1.1799405023419354E-002   0.0000000000000000     
   40.200000000000003        1.1996492573394775E-002   0.0000000000000000     
   40.300000000000004       -1.2132729340240494E-002   0.0000000000000000     
   40.400000000000006        1.2208923011362335E-002   0.0000000000000000     
   40.500000000000000       -1.2226399452531312E-002   0.0000000000000000     
   40.600000000000001        1.2186977253540194E-002   0.0000000000000000     
   40.700000000000003       -1.2092936163390175E-002   0.0000000000000000     
   40.800000000000004        1.1946979982324316E-002   0.0000000000000000     
   40.900000000000006       -1.1752194569660394E-002   0.0000000000000000     
   41.000000000000000        1.1512001704194214E-002   0.0000000000000000     
   41.100000000000001       -1.1230109596824297E-002   0.0000000000000000     
   41.200000000000003        1.0910460901530349E-002   0.0000000000000000     
   41.300000000000004       -1.0557179099835910E-002   0.0000000000000000     
   41.400000000000006        1.0174514145280349E-002   0.0000000000000000     
   41.500000000000000       -9.7667882478717164E-003   0.0000000000000000     
   41.600000000000001        9.3383426544410234E-003   0.0000000000000000     
   41.700000000000003       -8.8934862401924900E-003   0.0000000000000000     
   41.800000000000004        8.4364466705571101E-003   0.0000000000000000     
   41.900000000000006       -7.9713248222685711E-003   0.0000000000000000     
   42.000000000000000        7.5020530704789099E-003   0.0000000000000000     
   42.100000000000001       -7.0323579565129638E-003   0.0000000000000000     
   42.200000000000003        6.5657276510670496E-003   0.0000000000000000     
   42.300000000000004       -6.1053845225982764E-003   0.0000000000000000     
   42.400000000000006        5.6542630133157665E-003   0.0000000000000000     
   42.500000000000000       -5.2149929170716130E-003   0.0000000000000000     
   42.600000000000001        4.7898880484149933E-003   0.0000000000000000     
   42.700000000000003       -4.3809401911921834E-003   0.0000000000000000     
   42.800000000000004        3.9898181213766544E-003   0.0000000000000000     
   42.900000000000006       -3.6178714134789537E-003   0.0000000000000000     
   43.000000000000000        3.2661386652731018E-003   0.0000000000000000     
   43.100000000000001       -2.9353597122203788E-003   0.0000000000000000     
   43.200000000000003        2.6259913523488214E-003   0.0000000000000000     
   43.300000000000004       -2.3382260648278841E-003   0.0000000000000000     
   43.400000000000006        2.0720131811031795E-003   0.0000000000000000     
   43.500000000000000       -1.8270819565214559E-003   0.0000000000000000     
   43.600000000000001        1.6029659919601211E-003   0.0000000000000000     
   43.700000000000003       -1.3990284684635126E-003   0.0000000000000000     
   43.800000000000004        1.2144876824603202E-003   0.0000000000000000     
   43.900000000000006       -1.0484424029960490E-003   0.0000000000000000     
   44.000000000000000        8.9989661459727180E-004   0.0000000000000000     
   44.100000000000001       -7.6778325823452802E-004   0.0000000000000000     
   44.200000000000003        6.5098663617008633E-004   0.0000000000000000     
   44.300000000000004       -5.4836320363497407E-004   0.0000000000000000     
   44.400000000000006        4.5876052823380214E-004   0.0000000000000000     
   44.500000000000000       -3.8103425698975428E-004   0.0000000000000000     
   44.600000000000001        3.1406298697014113E-004   0.0000000000000000     
   44.700000000000003       -2.5676099059069506E-004   0.0000000000000000     
   44.800000000000004        2.0808879589774429E-004   0.0000000000000000     
   44.900000000000006       -1.6706166824322760E-004   0.0000000000000000     
   45.000000000000000        1.3275607920305120E-004   0.0000000000000000     
   45.100000000000001       -1.0431428206631698E-004   0.0000000000000000     
   45.200000000000003        8.0947141432033331E-005   0.0000000000000000     
   45.300000000000004       -6.1935383675267253E-005   0.0000000000000000     
   45.400000000000006        4.6629451883891793E-005   0.0000000000000000     
   45.500000000000000       -3.4448154473907305E-005   0.0000000000000000     
   45.600000000000001        2.4876302358647678E-005   0.0000000000000000     
   45.700000000000003       -1.7461524876512744E-005   0.0000000000000000     
   45.800000000000004        1.1810448841554222E-005   0.0000000000000000     
   45.900000000000006       -7.5844158748816058E-006   0.0000000000000000     
   46.000000000000000        4.4948948361546295E-006   0.0000000000000000     
   46.100000000000001       -2.2987393658747886E-006   0.0000000000000000     
   46.200000000000003        7.9340896519528494E-007   0.0000000000000000     
   46.300000000000004        1.8772720345397982E-007   0.0000000000000000     
   46.400000000000006       -7.7992612492421315E-007   0.0000000000000000     
   46.500000000000000        1.0913625808897484E-006   0.0000000000000000     
   46.600000000000001       -1.2071322263071240E-006   0.0000000000000000     
   46.700000000000003        1.1929240550266383E-006   0.0000000000000000     
   46.800000000000004       -1.0983337288856848E-006   0.0000000000000000     
   46.900000000000006        9.5982681966537920E-007   0.0000000000000000     
   47.000000000000000       -8.0331627386124103E-007   0.0000000000000000     
   47.100000000000001        6.4642179260979578E-007   0.0000000000000000     
   47.200000000000003       -5.0035057511004025E-007   0.0000000000000000     
   47.300000000000004        3.7151918101838572E-007   0.0000000000000000     
   47.400000000000006       -2.6283759672115544E-007   0.0000000000000000     
   47.500000000000000        1.7478709502901362E-007   0.0000000000000000     
   47.600000000000001       -1.0624625927540019E-007   0.0000000000000000     
   47.700000000000003        5.5118357238872234E-008   0.0000000000000000     
   47.800000000000004       -1.8855216020890855E-008   0.0000000000000000     
   47.900000000000006       -5.2856984978239914E-009   0.0000000000000000     
   48.000000000000000        1.9872503851380733E-008   0.0000000000000000     
   48.100000000000001       -2.7338087773784097E-008   0.0000000000000000     
   48.200000000000003        2.9664385920568027E-008   0.0000000000000000     
   48.300000000000004       -2.8619306383059078E-008   0.0000000000000000     
   48.400000000000006        2.5484143478343372E-008   0.0000000000000000     
   48.500000000000000       -2.1317862763649573E-008   0.0000000000000000     
   48.600000000000001        1.6856858745434768E-008   0.0000000000000000     
   48.700000000000003       -1.2522530436998483E-008   0.0000000000000000     
   48.800000000000004        8.7797365813981426E-009   0.0000000000000000     
   48.900000000000006       -5.4954148857144250E-009   0.0000000000000000     
   49.000000000000000        3.1397720454388897E-009   0.0000000000000000     
   49.100000000000001       -1.1069959437628145E-009   0.0000000000000000     
   49.200000000000003        4.4851253022940302E-011   0.0000000000000000     
   49.300000000000004        9.7493040145420563E-010   0.0000000000000000     
   49.400000000000006       -1.1799576137841582E-009   0.0000000000000000     
   49.500000000000000        1.4916142248971009E-009   0.0000000000000000     
   49.600000000000001       -1.4135474658766635E-009   0.0000000000000000     
   49.700000000000003        1.3038076687894396E-009   0.0000000000000000     
   49.800000000000004       -2.8839453825905321E-010   0.0000000000000000     
   49.900000000000006        5.0654071924799070E-054   0.0000000000000000     
