   0.0000000000000000        2.5433243003711448E-006   0.0000000000000000     
  0.10000000000000001        2.2359170783329521E-006   0.0000000000000000     
  0.20000000000000001        1.7387320024578207E-006   0.0000000000000000     
  0.30000000000000004        2.0076266998909643E-006   0.0000000000000000     
  0.40000000000000002        1.0982368243698100E-006   0.0000000000000000     
  0.50000000000000000        1.6714193429903859E-006   0.0000000000000000     
  0.60000000000000009        4.1161458079632099E-007   0.0000000000000000     
  0.70000000000000007        1.4580816640036872E-006   0.0000000000000000     
  0.80000000000000004       -1.8389233289630054E-007   0.0000000000000000     
  0.90000000000000002        1.4798572584343686E-006   0.0000000000000000     
   1.0000000000000000       -7.6638195598694295E-007   0.0000000000000000     
   1.1000000000000001        1.7241020627415274E-006   0.0000000000000000     
   1.2000000000000002       -1.4179375740646959E-006   0.0000000000000000     
   1.3000000000000000        2.2064550803560076E-006   0.0000000000000000     
   1.4000000000000001       -2.2223945815557170E-006   0.0000000000000000     
   1.5000000000000000        2.9708624095442476E-006   0.0000000000000000     
   1.6000000000000001       -3.2743946999236957E-006   0.0000000000000000     
   1.7000000000000002        4.0914833573010772E-006   0.0000000000000000     
   1.8000000000000000       -4.6884956288767044E-006   0.0000000000000000     
   1.9000000000000001        5.6771629627353937E-006   0.0000000000000000     
   2.0000000000000000       -6.6089437059972432E-006   0.0000000000000000     
   2.1000000000000001        7.8784256449529249E-006   0.0000000000000000     
   2.2000000000000002       -9.2206912495661403E-006   0.0000000000000000     
   2.3000000000000003        1.0897056826966158E-005   0.0000000000000000     
   2.4000000000000004       -1.2762171082122706E-005   0.0000000000000000     
   2.5000000000000000        1.4998415219545024E-005   0.0000000000000000     
   2.6000000000000001       -1.7540276442503635E-005   0.0000000000000000     
   2.7000000000000002        2.0526653454519102E-005   0.0000000000000000     
   2.8000000000000003       -2.3947921925513757E-005   0.0000000000000000     
   2.9000000000000004        2.7923015344358996E-005   0.0000000000000000     
   3.0000000000000000       -3.2484466222041329E-005   0.0000000000000000     
   3.1000000000000001        3.7747317949514518E-005   0.0000000000000000     
   3.2000000000000002       -4.3779146315753616E-005   0.0000000000000000     
   3.3000000000000003        5.0702608189706635E-005   0.0000000000000000     
   3.4000000000000004       -5.8617492123324261E-005   0.0000000000000000     
   3.5000000000000000        6.7662798000987559E-005   0.0000000000000000     
   3.6000000000000001       -7.7970446918522793E-005   0.0000000000000000     
   3.7000000000000002        8.9702820287157551E-005   0.0000000000000000     
   3.8000000000000003       -1.0302560251666840E-004   0.0000000000000000     
   3.9000000000000004        1.1813050327723229E-004   0.0000000000000000     
   4.0000000000000000       -1.3521956107929756E-004   0.0000000000000000     
   4.1000000000000005        1.5451893030911794E-004   0.0000000000000000     
   4.2000000000000002       -1.7626995582861518E-004   0.0000000000000000     
   4.2999999999999998        2.0073753838168967E-004   0.0000000000000000     
   4.4000000000000004       -2.2820510699342536E-004   0.0000000000000000     
   4.5000000000000000        2.5897962272805500E-004   0.0000000000000000     
   4.6000000000000005       -2.9338867195454431E-004   0.0000000000000000     
   4.7000000000000002        3.3178327889200621E-004   0.0000000000000000     
   4.8000000000000007       -3.7453599795510983E-004   0.0000000000000000     
   4.9000000000000004        4.2204216280021441E-004   0.0000000000000000     
   5.0000000000000000       -4.7471824403888763E-004   0.0000000000000000     
   5.1000000000000005        5.3300183354272222E-004   0.0000000000000000     
   5.2000000000000002       -5.9734976334766866E-004   0.0000000000000000     
   5.3000000000000007        6.6823692825135404E-004   0.0000000000000000     
   5.4000000000000004       -7.4615380061238113E-004   0.0000000000000000     
   5.5000000000000000        8.3160408405047806E-004   0.0000000000000000     
   5.6000000000000005       -9.2510134955833866E-004   0.0000000000000000     
   5.7000000000000002        1.0271654609518384E-003   0.0000000000000000     
   5.8000000000000007       -1.1383181273607117E-003   0.0000000000000000     
   5.9000000000000004        1.2590780313333275E-003   0.0000000000000000     
   6.0000000000000000       -1.3899551588556311E-003   0.0000000000000000     
   6.1000000000000005        1.5314445853362884E-003   0.0000000000000000     
   6.2000000000000002       -1.6840195173159474E-003   0.0000000000000000     
   6.3000000000000007        1.8481237455022965E-003   0.0000000000000000     
   6.4000000000000004       -2.0241634187744416E-003   0.0000000000000000     
   6.5000000000000000        2.2124982532753554E-003   0.0000000000000000     
   6.6000000000000005       -2.4134321620895341E-003   0.0000000000000000     
   6.7000000000000002        2.6272034117771664E-003   0.0000000000000000     
   6.8000000000000007       -2.8539743494607949E-003   0.0000000000000000     
   6.9000000000000004        3.0938208185582660E-003   0.0000000000000000     
   7.0000000000000000       -3.3467213553906180E-003   0.0000000000000000     
   7.1000000000000005        3.6125463074381955E-003   0.0000000000000000     
   7.2000000000000002       -3.8910470075232493E-003   0.0000000000000000     
   7.3000000000000007        4.1818451716481801E-003   0.0000000000000000     
   7.4000000000000004       -4.4844226908171934E-003   0.0000000000000000     
   7.5000000000000000        4.7981120103150754E-003   0.0000000000000000     
   7.6000000000000005       -5.1220872952232590E-003   0.0000000000000000     
   7.7000000000000002        5.4553565956097045E-003   0.0000000000000000     
   7.8000000000000007       -5.7967552281980609E-003   0.0000000000000000     
   7.9000000000000004        6.1449405977374505E-003   0.0000000000000000     
   8.0000000000000000       -6.4983886794755313E-003   0.0000000000000000     
   8.0999999999999996        6.8553923815795519E-003   0.0000000000000000     
   8.2000000000000011       -7.2140619969243182E-003   0.0000000000000000     
   8.3000000000000007        7.5723279413511856E-003   0.0000000000000000     
   8.4000000000000004       -7.9279459569151986E-003   0.0000000000000000     
   8.5000000000000000        8.2785049358547157E-003   0.0000000000000000     
   8.5999999999999996       -8.6214374925232557E-003   0.0000000000000000     
   8.7000000000000011        8.9540333774179130E-003   0.0000000000000000     
   8.8000000000000007       -9.2734557891054979E-003   0.0000000000000000     
   8.9000000000000004        9.5767605972640092E-003   0.0000000000000000     
   9.0000000000000000       -9.8609184432054357E-003   0.0000000000000000     
   9.0999999999999996        1.0122839634012044E-002   0.0000000000000000     
   9.2000000000000011       -1.0359401693330217E-002   0.0000000000000000     
   9.3000000000000007        1.0567479376950089E-002   0.0000000000000000     
   9.4000000000000004       -1.0743976905354578E-002   0.0000000000000000     
   9.5000000000000000        1.0885862109623364E-002   0.0000000000000000     
   9.6000000000000014       -1.0990202132619191E-002   0.0000000000000000     
   9.7000000000000011        1.1054200275371221E-002   0.0000000000000000     
   9.8000000000000007       -1.1075233530350370E-002   0.0000000000000000     
   9.9000000000000004        1.1050890300285008E-002   0.0000000000000000     
   10.000000000000000       -1.0979007764311408E-002   0.0000000000000000     
   10.100000000000001        1.0857708324022502E-002   0.0000000000000000     
   10.200000000000001       -1.0685434541521981E-002   0.0000000000000000     
   10.300000000000001        1.0460981970673048E-002   0.0000000000000000     
   10.400000000000000       -1.0183529282483268E-002   0.0000000000000000     
   10.500000000000000        9.8526650966143294E-003   0.0000000000000000     
   10.600000000000001       -9.4684109536036717E-003   0.0000000000000000     
   10.700000000000001        9.0312398970487026E-003   0.0000000000000000     
   10.800000000000001       -8.5420901815729585E-003   0.0000000000000000     
   10.900000000000000        8.0023736804261947E-003   0.0000000000000000     
   11.000000000000000       -7.4139786357125797E-003   0.0000000000000000     
   11.100000000000001        6.7792664734567763E-003   0.0000000000000000     
   11.200000000000001       -6.1010624938351212E-003   0.0000000000000000     
   11.300000000000001        5.3826403426039714E-003   0.0000000000000000     
   11.400000000000000       -4.6277002712405164E-003   0.0000000000000000     
   11.500000000000000        3.8403412987868474E-003   0.0000000000000000     
   11.600000000000001       -3.0250274957653164E-003   0.0000000000000000     
   11.700000000000001        2.1865487175517758E-003   0.0000000000000000     
   11.800000000000001       -1.3299762191289633E-003   0.0000000000000000     
   11.900000000000000        4.6061368271113206E-004   0.0000000000000000     
   12.000000000000000        4.1605571786719714E-004   0.0000000000000000     
   12.100000000000001       -1.2944255089638189E-003   0.0000000000000000     
   12.200000000000001        2.1688245864635749E-003   0.0000000000000000     
   12.300000000000001       -3.0335775255199114E-003   0.0000000000000000     
   12.400000000000000        3.8830656499110371E-003   0.0000000000000000     
   12.500000000000000       -4.7117879527177496E-003   0.0000000000000000     
   12.600000000000001        5.5144209495020515E-003   0.0000000000000000     
   12.700000000000001       -6.2858765522290786E-003   0.0000000000000000     
   12.800000000000001        7.0213570769605315E-003   0.0000000000000000     
   12.900000000000000       -7.7164065405561080E-003   0.0000000000000000     
   13.000000000000000        8.3669574606873767E-003   0.0000000000000000     
   13.100000000000001       -8.9693724481510664E-003   0.0000000000000000     
   13.200000000000001        9.5204799693316307E-003   0.0000000000000000     
   13.300000000000001       -1.0017603758032088E-002   0.0000000000000000     
   13.400000000000000        1.0458585467411291E-002   0.0000000000000000     
   13.500000000000000       -1.0841800272181750E-002   0.0000000000000000     
   13.600000000000001        1.1166165255951375E-002   0.0000000000000000     
   13.700000000000001       -1.1431140545818419E-002   0.0000000000000000     
   13.800000000000001        1.1636723283413414E-002   0.0000000000000000     
   13.900000000000000       -1.1783434645646705E-002   0.0000000000000000     
   14.000000000000000        1.1872300246831315E-002   0.0000000000000000     
   14.100000000000001       -1.1904824364151684E-002   0.0000000000000000     
   14.200000000000001        1.1882958528130818E-002   0.0000000000000000     
   14.300000000000001       -1.1809065107019023E-002   0.0000000000000000     
   14.400000000000000        1.1685876587100750E-002   0.0000000000000000     
   14.500000000000000       -1.1516451308281238E-002   0.0000000000000000     
   14.600000000000001        1.1304126455376871E-002   0.0000000000000000     
   14.700000000000001       -1.1052469129518931E-002   0.0000000000000000     
   14.800000000000001        1.0765226330863804E-002   0.0000000000000000     
   14.900000000000000       -1.0446274674016775E-002   0.0000000000000000     
   15.000000000000000        1.0099570631552189E-002   0.0000000000000000     
   15.100000000000001       -9.7291020600507854E-003   0.0000000000000000     
   15.200000000000001        9.3388417087381138E-003   0.0000000000000000     
   15.300000000000001       -8.9327033443401972E-003   0.0000000000000000     
   15.400000000000000        8.5145010495843131E-003   0.0000000000000000     
   15.500000000000000       -8.0879121688928555E-003   0.0000000000000000     
   15.600000000000001        7.6564442849966939E-003   0.0000000000000000     
   15.700000000000001       -7.2234065173414274E-003   0.0000000000000000     
   15.800000000000001        6.7918853392527631E-003   0.0000000000000000     
   15.900000000000000       -6.3647250176656006E-003   0.0000000000000000     
   16.000000000000000        5.9445126894764350E-003   0.0000000000000000     
   16.100000000000001       -5.5335680037909719E-003   0.0000000000000000     
   16.199999999999999        5.1339371808929724E-003   0.0000000000000000     
   16.300000000000001       -4.7473912685284140E-003   0.0000000000000000     
   16.400000000000002        4.3754283149311556E-003   0.0000000000000000     
   16.500000000000000       -4.0192791265905407E-003   0.0000000000000000     
   16.600000000000001        3.6799162378483609E-003   0.0000000000000000     
   16.699999999999999       -3.3580656891326003E-003   0.0000000000000000     
   16.800000000000001        3.0542211908738716E-003   0.0000000000000000     
   16.900000000000002       -2.7686602406283081E-003   0.0000000000000000     
   17.000000000000000        2.5014617611378563E-003   0.0000000000000000     
   17.100000000000001       -2.2525248362054418E-003   0.0000000000000000     
   17.199999999999999        2.0215881383513390E-003   0.0000000000000000     
   17.300000000000001       -1.8082496663146248E-003   0.0000000000000000     
   17.400000000000002        1.6119864403806548E-003   0.0000000000000000     
   17.500000000000000       -1.4321738379880391E-003   0.0000000000000000     
   17.600000000000001        1.2681042900010927E-003   0.0000000000000000     
   17.699999999999999       -1.1190050981404887E-003   0.0000000000000000     
   17.800000000000001        9.8405517520153054E-004   0.0000000000000000     
   17.900000000000002       -8.6240055090756797E-004   0.0000000000000000     
   18.000000000000000        7.5316852648052478E-004   0.0000000000000000     
   18.100000000000001       -6.5548039938689081E-004   0.0000000000000000     
   18.199999999999999        5.6846271561881078E-004   0.0000000000000000     
   18.300000000000001       -4.9125703972415305E-004   0.0000000000000000     
   18.400000000000002        4.2302826206966484E-004   0.0000000000000000     
   18.500000000000000       -3.6297148824599411E-004   0.0000000000000000     
   18.600000000000001        3.1031757705524653E-004   0.0000000000000000     
   18.699999999999999       -2.6433741096549163E-004   0.0000000000000000     
   18.800000000000001        2.2434499635066982E-004   0.0000000000000000     
   18.900000000000002       -1.8969950056140977E-004   0.0000000000000000     
   19.000000000000000        1.5980633898272003E-004   0.0000000000000000     
   19.100000000000001       -1.3411742809145465E-004   0.0000000000000000     
   19.200000000000003        1.1213072051827353E-004   0.0000000000000000     
   19.300000000000001       -9.3389135531632544E-005   0.0000000000000000     
   19.400000000000002        7.7478993740083026E-005   0.0000000000000000     
   19.500000000000000       -6.4028058429842539E-005   0.0000000000000000     
   19.600000000000001        5.2703278212482356E-005   0.0000000000000000     
   19.700000000000003       -4.3208317103868781E-005   0.0000000000000000     
   19.800000000000001        3.5280948887393404E-005   0.0000000000000000     
   19.900000000000002       -2.8690383078865611E-005   0.0000000000000000     
   20.000000000000000        2.3234580374112262E-005   0.0000000000000000     
   20.100000000000001       -1.8737606101752599E-005   0.0000000000000000     
   20.200000000000003        1.5047061364996709E-005   0.0000000000000000     
   20.300000000000001       -1.2031623302703095E-005   0.0000000000000000     
   20.400000000000002        9.5787182187554281E-006   0.0000000000000000     
   20.500000000000000       -7.5923445637799684E-006   0.0000000000000000     
   20.600000000000001        5.9910566778370197E-006   0.0000000000000000     
   20.700000000000003       -4.7061149290792425E-006   0.0000000000000000     
   20.800000000000001        3.6798035734888643E-006   0.0000000000000000     
   20.900000000000002       -2.8639139442965047E-006   0.0000000000000000     
   21.000000000000000        2.2183876593848511E-006   0.0000000000000000     
   21.100000000000001       -1.7101123405638320E-006   0.0000000000000000     
   21.200000000000003        1.3118606338685411E-006   0.0000000000000000     
   21.300000000000001       -1.0013622731492244E-006   0.0000000000000000     
   21.400000000000002        7.6049822516710772E-007   0.0000000000000000     
   21.500000000000000       -5.7460565719461233E-007   0.0000000000000000     
   21.600000000000001        4.3188260993555479E-007   0.0000000000000000     
   21.700000000000003       -3.2288146066744290E-007   0.0000000000000000     
   21.800000000000001        2.4008078872655698E-007   0.0000000000000000     
   21.900000000000002       -1.7752589678224315E-007   0.0000000000000000     
   22.000000000000000        1.3052889759405334E-007   0.0000000000000000     
   22.100000000000001       -9.5420193798059437E-008   0.0000000000000000     
   22.200000000000003        6.9343840263939097E-008   0.0000000000000000     
   22.300000000000001       -5.0090067066110775E-008   0.0000000000000000     
   22.400000000000002        3.5959223117673866E-008   0.0000000000000000     
   22.500000000000000       -2.5651894580276209E-008   0.0000000000000000     
   22.600000000000001        1.8180692897461967E-008   0.0000000000000000     
   22.700000000000003       -1.2800013123805703E-008   0.0000000000000000     
   22.800000000000001        8.9503967443043956E-009   0.0000000000000000     
   22.900000000000002       -6.2147462742205290E-009   0.0000000000000000     
   23.000000000000000        4.2841605308690524E-009   0.0000000000000000     
   23.100000000000001       -2.9314037446757275E-009   0.0000000000000000     
   23.200000000000003        1.9904557189205423E-009   0.0000000000000000     
   23.300000000000001       -1.3408727812436145E-009   0.0000000000000000     
   23.400000000000002        8.9590777011471408E-010   0.0000000000000000     
   23.500000000000000       -5.9354881836200496E-010   0.0000000000000000     
   23.600000000000001        3.8978968613081799E-010   0.0000000000000000     
   23.700000000000003       -2.5365066019530829E-010   0.0000000000000000     
   23.800000000000001        1.6349904399801422E-010   0.0000000000000000     
   23.900000000000002       -1.0434618190153289E-010   0.0000000000000000     
   24.000000000000000        6.5911450064875638E-011   0.0000000000000000     
   24.100000000000001       -4.1188335395181916E-011   0.0000000000000000     
   24.200000000000003        2.5441893828092733E-011   0.0000000000000000     
   24.300000000000001       -1.5529862447239256E-011   0.0000000000000000     
   24.400000000000002        9.3633141124205409E-012   0.0000000000000000     
   24.500000000000000       -5.5665608598937976E-012   0.0000000000000000     
   24.600000000000001        3.2635135495889059E-012   0.0000000000000000     
   24.700000000000003       -1.8851437842298133E-012   0.0000000000000000     
   24.800000000000001        1.0716267605489829E-012   0.0000000000000000     
   24.900000000000002       -5.9980650346083043E-013   0.0000000000000000     
   25.000000000000000        3.2684264181074761E-013   0.0000000000000000     
   25.100000000000001       -1.7585841879851552E-013   0.0000000000000000     
   25.200000000000003        9.4387935199075425E-014   0.0000000000000000     
   25.300000000000001       -4.8437468089406265E-014   0.0000000000000000     
   25.400000000000002        2.5744947215413864E-014   0.0000000000000000     
   25.500000000000000       -1.0816356727783139E-014   0.0000000000000000     
   25.600000000000001        4.0637864971034924E-015   0.0000000000000000     
   25.700000000000003       -6.9559471036806186E-015   0.0000000000000000     
   25.800000000000001        3.4979512102741246E-015   0.0000000000000000     
   25.900000000000002        1.3457973050417658E-015   0.0000000000000000     
   26.000000000000000        2.0247440974905204E-016   0.0000000000000000     
   26.100000000000001       -8.6566604015281473E-016   0.0000000000000000     
   26.200000000000003        5.1416502471938023E-016   0.0000000000000000     
   26.300000000000001        4.4020617121019063E-016   0.0000000000000000     
   26.400000000000002       -2.2418901300445784E-017   0.0000000000000000     
   26.500000000000000       -1.1914957377887688E-015   0.0000000000000000     
   26.600000000000001        7.7978352474169704E-016   0.0000000000000000     
   26.700000000000003       -2.1584354217973155E-015   0.0000000000000000     
   26.800000000000001        8.7707674072426280E-016   0.0000000000000000     
   26.900000000000002       -6.3412762815383064E-016   0.0000000000000000     
   27.000000000000000        2.4545019624019852E-015   0.0000000000000000     
   27.100000000000001        2.2934067464423021E-015   0.0000000000000000     
   27.200000000000003       -1.7540063020502224E-015   0.0000000000000000     
   27.300000000000001       -4.2487214966966992E-016   0.0000000000000000     
   27.400000000000002       -2.7128715183064588E-015   0.0000000000000000     
   27.500000000000000        1.1178543014575890E-015   0.0000000000000000     
   27.600000000000001       -4.9573601172084442E-015   0.0000000000000000     
   27.700000000000003        5.2724589186079649E-015   0.0000000000000000     
   27.800000000000001        9.4937809501249438E-016   0.0000000000000000     
   27.900000000000002        5.3243546203095685E-015   0.0000000000000000     
   28.000000000000000       -5.4540244594184551E-015   0.0000000000000000     
   28.100000000000001        1.7765647705287267E-015   0.0000000000000000     
   28.200000000000003       -4.5339568919298289E-015   0.0000000000000000     
   28.300000000000001        1.0565365697485581E-015   0.0000000000000000     
   28.400000000000002       -4.6544471832580376E-015   0.0000000000000000     
   28.500000000000000        5.3722323927541782E-015   0.0000000000000000     
   28.600000000000001        9.1445047994870906E-016   0.0000000000000000     
   28.700000000000003        4.2552122304164582E-015   0.0000000000000000     
   28.800000000000001       -3.9762462470868634E-015   0.0000000000000000     
   28.900000000000002        2.4986883397473672E-015   0.0000000000000000     
   29.000000000000000       -5.0059600259327174E-015   0.0000000000000000     
   29.100000000000001        1.0178671252749628E-015   0.0000000000000000     
   29.200000000000003       -4.0055918557649120E-015   0.0000000000000000     
   29.300000000000001        5.9917599210749904E-015   0.0000000000000000     
   29.400000000000002       -2.9005520811680906E-015   0.0000000000000000     
   29.500000000000000        3.5188322871990468E-015   0.0000000000000000     
   29.600000000000001       -2.1647113059060050E-015   0.0000000000000000     
   29.700000000000003        3.0269186724066534E-015   0.0000000000000000     
   29.800000000000001       -2.1464010440080659E-015   0.0000000000000000     
   29.900000000000002       -3.7495453466348198E-016   0.0000000000000000     
   30.000000000000000       -1.4210990885511265E-015   0.0000000000000000     
   30.100000000000001        1.1650929032254661E-015   0.0000000000000000     
   30.200000000000003        9.0695053434800176E-018   0.0000000000000000     
   30.300000000000001       -3.4638890543050535E-015   0.0000000000000000     
   30.400000000000002        2.5573115473889306E-015   0.0000000000000000     
   30.500000000000000        2.4210287825461342E-015   0.0000000000000000     
   30.600000000000001        2.1340927248741024E-015   0.0000000000000000     
   30.700000000000003       -3.0910829378001612E-015   0.0000000000000000     
   30.800000000000001       -4.1591876319620918E-016   0.0000000000000000     
   30.900000000000002       -1.9564630701277336E-015   0.0000000000000000     
   31.000000000000000        3.1995885389178243E-015   0.0000000000000000     
   31.100000000000001       -4.3440463599918857E-015   0.0000000000000000     
   31.200000000000003        3.6413961601254102E-015   0.0000000000000000     
   31.300000000000001       -1.4750614459372388E-015   0.0000000000000000     
   31.400000000000002        1.1906513325941293E-015   0.0000000000000000     
   31.500000000000000        7.6672874744189977E-016   0.0000000000000000     
   31.600000000000001       -1.0620165281582741E-015   0.0000000000000000     
   31.700000000000003        1.9171890301845008E-015   0.0000000000000000     
   31.800000000000001       -2.4391674423550608E-015   0.0000000000000000     
   31.900000000000002       -1.8545232896841020E-015   0.0000000000000000     
   32.000000000000000        1.5525288012981693E-015   0.0000000000000000     
   32.100000000000001        2.5200029636972741E-015   0.0000000000000000     
   32.200000000000003       -2.4872968516085041E-015   0.0000000000000000     
   32.300000000000004        3.0616790850170968E-015   0.0000000000000000     
   32.399999999999999       -3.7654482044868278E-015   0.0000000000000000     
   32.500000000000000        7.2192442266457660E-016   0.0000000000000000     
   32.600000000000001       -1.8851823614129418E-015   0.0000000000000000     
   32.700000000000003        3.6762421623295027E-015   0.0000000000000000     
   32.800000000000004        2.1471718505613698E-015   0.0000000000000000     
   32.899999999999999       -3.0167227873688169E-015   0.0000000000000000     
   33.000000000000000       -7.3999077313989979E-016   0.0000000000000000     
   33.100000000000001       -1.5249169186293000E-015   0.0000000000000000     
   33.200000000000003        4.5567063477734043E-015   0.0000000000000000     
   33.300000000000004       -4.4994010650929873E-015   0.0000000000000000     
   33.399999999999999        1.5188219086906772E-015   0.0000000000000000     
   33.500000000000000       -8.3991645416178450E-016   0.0000000000000000     
   33.600000000000001        3.1331330923709841E-015   0.0000000000000000     
   33.700000000000003       -1.1362422242507652E-015   0.0000000000000000     
   33.800000000000004       -9.0195980244615709E-016   0.0000000000000000     
   33.899999999999999        7.6127593438543126E-016   0.0000000000000000     
   34.000000000000000       -1.1434847217245211E-015   0.0000000000000000     
   34.100000000000001        1.7998364560459131E-015   0.0000000000000000     
   34.200000000000003       -1.8916813669176398E-015   0.0000000000000000     
   34.300000000000004       -2.9858881233196450E-016   0.0000000000000000     
   34.399999999999999        7.3427404831899535E-016   0.0000000000000000     
   34.500000000000000       -1.6895825268763499E-016   0.0000000000000000     
   34.600000000000001        3.0164634219777467E-016   0.0000000000000000     
   34.700000000000003        1.0438368264716216E-015   0.0000000000000000     
   34.800000000000004       -3.2052662803915366E-016   0.0000000000000000     
   34.899999999999999       -6.8681831547777636E-016   0.0000000000000000     
   35.000000000000000        2.0751494262366755E-015   0.0000000000000000     
   35.100000000000001       -3.9833023602339417E-015   0.0000000000000000     
   35.200000000000003        1.7993877910239543E-015   0.0000000000000000     
   35.300000000000004       -1.8683235577133211E-015   0.0000000000000000     
   35.399999999999999        3.5101903331385646E-015   0.0000000000000000     
   35.500000000000000        3.5212980859464962E-016   0.0000000000000000     
   35.600000000000001       -2.5885128830596868E-015   0.0000000000000000     
   35.700000000000003       -1.6350267981845927E-016   0.0000000000000000     
   35.800000000000004       -6.5341658726784287E-016   0.0000000000000000     
   35.899999999999999        3.2991001298910152E-015   0.0000000000000000     
   36.000000000000000       -1.0432668034969124E-015   0.0000000000000000     
   36.100000000000001        1.5655543626629414E-015   0.0000000000000000     
   36.200000000000003       -2.6781280423769617E-015   0.0000000000000000     
   36.300000000000004       -1.6675968098239753E-015   0.0000000000000000     
   36.399999999999999        9.6954069190842556E-016   0.0000000000000000     
   36.500000000000000       -6.6973606356041299E-016   0.0000000000000000     
   36.600000000000001        4.7555256571864994E-015   0.0000000000000000     
   36.700000000000003       -3.0185529029435059E-015   0.0000000000000000     
   36.800000000000004        1.7745012435925101E-015   0.0000000000000000     
   36.899999999999999       -1.4370659182318009E-015   0.0000000000000000     
   37.000000000000000       -6.4258055660023539E-016   0.0000000000000000     
   37.100000000000001       -8.5126294428425074E-016   0.0000000000000000     
   37.200000000000003       -6.3431755050040895E-016   0.0000000000000000     
   37.300000000000004        1.6230180563517953E-015   0.0000000000000000     
   37.399999999999999        5.8177570996897533E-016   0.0000000000000000     
   37.500000000000000        3.0562265663597298E-015   0.0000000000000000     
   37.600000000000001       -1.9209914903778275E-015   0.0000000000000000     
   37.700000000000003       -2.2152536792225361E-015   0.0000000000000000     
   37.800000000000004       -1.1725929117008942E-015   0.0000000000000000     
   37.899999999999999       -1.4177174672196270E-016   0.0000000000000000     
   38.000000000000000        5.0228772491389133E-016   0.0000000000000000     
   38.100000000000001        3.4881888480733293E-015   0.0000000000000000     
   38.200000000000003       -1.5931425315202131E-015   0.0000000000000000     
   38.300000000000004        1.5331947492470550E-015   0.0000000000000000     
   38.400000000000006        1.5716148536914830E-016   0.0000000000000000     
   38.500000000000000       -1.5257558886034309E-015   0.0000000000000000     
   38.600000000000001       -1.9872949075413122E-015   0.0000000000000000     
   38.700000000000003       -2.1479777931802023E-015   0.0000000000000000     
   38.800000000000004        2.2960886680321301E-015   0.0000000000000000     
   38.900000000000006        2.5032413682887301E-015   0.0000000000000000     
   39.000000000000000       -9.1406719516241265E-016   0.0000000000000000     
   39.100000000000001        3.5388618540830570E-015   0.0000000000000000     
   39.200000000000003       -3.9690975584265508E-015   0.0000000000000000     
   39.300000000000004        1.0408634406217031E-015   0.0000000000000000     
   39.400000000000006       -2.6960910494816156E-015   0.0000000000000000     
   39.500000000000000       -3.8802451347555634E-016   0.0000000000000000     
   39.600000000000001        1.0779938509274739E-015   0.0000000000000000     
   39.700000000000003        1.7858850737129068E-015   0.0000000000000000     
   39.800000000000004        1.9718071584970244E-015   0.0000000000000000     
   39.900000000000006       -2.2435184445695897E-015   0.0000000000000000     
   40.000000000000000       -2.3482864728100458E-016   0.0000000000000000     
   40.100000000000001       -1.7473223341027583E-017   0.0000000000000000     
   40.200000000000003       -2.8793703381031408E-016   0.0000000000000000     
   40.300000000000004        7.2040388871456796E-017   0.0000000000000000     
   40.400000000000006       -1.1537842154301799E-015   0.0000000000000000     
   40.500000000000000        1.4857879679882398E-015   0.0000000000000000     
   40.600000000000001       -3.1189634780258668E-015   0.0000000000000000     
   40.700000000000003        3.3132146550436216E-015   0.0000000000000000     
   40.800000000000004       -9.0698153017030552E-016   0.0000000000000000     
   40.900000000000006        2.7071939486197263E-015   0.0000000000000000     
   41.000000000000000        1.0492003780876405E-015   0.0000000000000000     
   41.100000000000001        4.9821177413820115E-016   0.0000000000000000     
   41.200000000000003       -3.2910643122924699E-015   0.0000000000000000     
   41.300000000000004       -5.5777980553830397E-015   0.0000000000000000     
   41.400000000000006        1.0877190509729385E-015   0.0000000000000000     
   41.500000000000000        1.7559152251660801E-015   0.0000000000000000     
   41.600000000000001        7.5648462460198987E-016   0.0000000000000000     
   41.700000000000003        4.3416100760163912E-015   0.0000000000000000     
   41.800000000000004       -1.5638950691310536E-016   0.0000000000000000     
   41.900000000000006        1.4066129596387779E-015   0.0000000000000000     
   42.000000000000000       -1.7550997746672672E-015   0.0000000000000000     
   42.100000000000001       -4.9723196148363717E-015   0.0000000000000000     
   42.200000000000003       -3.0419938801441526E-016   0.0000000000000000     
   42.300000000000004        9.4444890478360322E-016   0.0000000000000000     
   42.400000000000006        2.6665917493931375E-015   0.0000000000000000     
   42.500000000000000       -5.6111985508498868E-016   0.0000000000000000     
   42.600000000000001        4.4053281905946586E-016   0.0000000000000000     
   42.700000000000003        1.3842242855333660E-016   0.0000000000000000     
   42.800000000000004        4.6316266873975056E-016   0.0000000000000000     
   42.900000000000006       -1.6793149624187725E-015   0.0000000000000000     
   43.000000000000000       -1.0890545322787590E-016   0.0000000000000000     
   43.100000000000001        1.1098989065624518E-015   0.0000000000000000     
   43.200000000000003       -1.1744748190278307E-015   0.0000000000000000     
   43.300000000000004        4.9749878961972082E-017   0.0000000000000000     
   43.400000000000006       -5.0782570454536930E-016   0.0000000000000000     
   43.500000000000000        3.4261191968721597E-016   0.0000000000000000     
   43.600000000000001        3.1983683634511247E-015   0.0000000000000000     
   43.700000000000003       -1.1560115563202155E-015   0.0000000000000000     
   43.800000000000004        1.3670585976773287E-015   0.0000000000000000     
   43.900000000000006       -2.9281886210460582E-015   0.0000000000000000     
   44.000000000000000       -9.2884468043237867E-016   0.0000000000000000     
   44.100000000000001        1.6046964731651108E-015   0.0000000000000000     
   44.200000000000003       -3.1347357577079127E-015   0.0000000000000000     
   44.300000000000004        6.8964437790995346E-016   0.0000000000000000     
   44.400000000000006        1.0828381790712027E-015   0.0000000000000000     
   44.500000000000000        2.1514130800943732E-015   0.0000000000000000     
   44.600000000000001        1.3279897840982280E-015   0.0000000000000000     
   44.700000000000003       -7.4497851293350638E-016   0.0000000000000000     
   44.800000000000004       -1.3878907638823622E-015   0.0000000000000000     
   44.900000000000006       -1.6732598354561686E-015   0.0000000000000000     
   45.000000000000000        1.8727199851780347E-015   0.0000000000000000     
   45.100000000000001       -1.8208276450914200E-015   0.0000000000000000     
   45.200000000000003        1.4242479490268062E-015   0.0000000000000000     
   45.300000000000004        1.0702565407797696E-016   0.0000000000000000     
   45.400000000000006        1.1719074526267709E-015   0.0000000000000000     
   45.500000000000000       -1.0806909937668182E-015   0.0000000000000000     
   45.600000000000001       -1.9020983313967967E-015   0.0000000000000000     
   45.700000000000003        3.4878711837603740E-016   0.0000000000000000     
   45.800000000000004        5.5421003824571729E-016   0.0000000000000000     
   45.900000000000006        1.4852291284030202E-015   0.0000000000000000     
   46.000000000000000        1.5075954478604898E-015   0.0000000000000000     
   46.100000000000001       -2.8626870275454468E-015   0.0000000000000000     
   46.200000000000003       -4.1286042435847183E-016   0.0000000000000000     
   46.300000000000004        2.8658055647138155E-016   0.0000000000000000     
   46.400000000000006       -2.5915190087471548E-016   0.0000000000000000     
   46.500000000000000        1.5872857643237107E-015   0.0000000000000000     
   46.600000000000001       -8.5789256916980116E-017   0.0000000000000000     
   46.700000000000003        1.6308530271991629E-015   0.0000000000000000     
   46.800000000000004       -1.7244608727108746E-015   0.0000000000000000     
   46.900000000000006       -9.3207409896874958E-016   0.0000000000000000     
   47.000000000000000       -1.1076781249333344E-015   0.0000000000000000     
   47.100000000000001        1.5776679492053680E-015   0.0000000000000000     
   47.200000000000003       -1.1479270356446589E-015   0.0000000000000000     
   47.300000000000004        1.9977643271905803E-015   0.0000000000000000     
   47.400000000000006        2.2227063828852120E-016   0.0000000000000000     
   47.500000000000000       -1.9752469397593782E-015   0.0000000000000000     
   47.600000000000001       -1.3120277675468257E-016   0.0000000000000000     
   47.700000000000003        2.2849438748155124E-015   0.0000000000000000     
   47.800000000000004       -7.6211321007254176E-016   0.0000000000000000     
   47.900000000000006       -1.4206794698693616E-015   0.0000000000000000     
   48.000000000000000        3.4035684653902651E-016   0.0000000000000000     
   48.100000000000001        2.2691051273168266E-016   0.0000000000000000     
   48.200000000000003        9.7958645981021846E-016   0.0000000000000000     
   48.300000000000004       -2.5888883269315362E-015   0.0000000000000000     
   48.400000000000006        1.3386009767523203E-015   0.0000000000000000     
   48.500000000000000        3.1612372958565110E-015   0.0000000000000000     
   48.600000000000001        1.2303387675900135E-017   0.0000000000000000     
   48.700000000000003       -1.9827121584051948E-015   0.0000000000000000     
   48.800000000000004       -1.6838013740126445E-015   0.0000000000000000     
   48.900000000000006        1.6389789913262135E-015   0.0000000000000000     
   49.000000000000000        1.8649635239997729E-015   0.0000000000000000     
   49.100000000000001       -2.7753958336532500E-015   0.0000000000000000     
   49.200000000000003       -1.3363411929522785E-015   0.0000000000000000     
   49.300000000000004        5.1015830344303612E-017   0.0000000000000000     
   49.400000000000006       -2.3947465326636957E-015   0.0000000000000000     
   49.500000000000000        9.7225473542255522E-016   0.0000000000000000     
   49.600000000000001        2.9543200737480038E-015   0.0000000000000000     
   49.700000000000003        4.3614282054217604E-015   0.0000000000000000     
   49.800000000000004        5.6208119102179293E-016   0.0000000000000000     
   49.900000000000006        5.0654071924799070E-054   0.0000000000000000     
