   0.0000000000000000       -1.4870177380291139E-015   0.0000000000000000     
  0.10000000000000001       -7.6290306184608467E-016   0.0000000000000000     
  0.20000000000000001        1.5606379682024154E-016   0.0000000000000000     
  0.30000000000000004        6.4597347794969784E-016   0.0000000000000000     
  0.40000000000000002        2.9482453032674660E-015   0.0000000000000000     
  0.50000000000000000        2.7375805535075285E-015   0.0000000000000000     
  0.60000000000000009       -1.7487805002832666E-016   0.0000000000000000     
  0.70000000000000007       -1.9781074498210364E-015   0.0000000000000000     
  0.80000000000000004       -1.1977475152197294E-015   0.0000000000000000     
  0.90000000000000002       -2.4728603602314771E-015   0.0000000000000000     
   1.0000000000000000       -2.3555892851886212E-015   0.0000000000000000     
   1.1000000000000001        2.8860862026413617E-015   0.0000000000000000     
   1.2000000000000002        2.5323736505265492E-015   0.0000000000000000     
   1.3000000000000000       -4.2736293572951948E-017   0.0000000000000000     
   1.4000000000000001        1.6848695127603121E-015   0.0000000000000000     
   1.5000000000000000       -3.2131968099523907E-016   0.0000000000000000     
   1.6000000000000001       -1.5518341412889122E-015   0.0000000000000000     
   1.7000000000000002        7.6336687894538111E-017   0.0000000000000000     
   1.8000000000000000       -2.8050417252420837E-015   0.0000000000000000     
   1.9000000000000001       -2.1752425457781101E-015   0.0000000000000000     
   2.0000000000000000        2.5440687530347031E-015   0.0000000000000000     
   2.1000000000000001        1.7992612014357885E-015   0.0000000000000000     
   2.2000000000000002        6.4268134943092765E-016   0.0000000000000000     
   2.3000000000000003        1.5645973670231404E-015   0.0000000000000000     
   2.4000000000000004        3.1117337736921891E-016   0.0000000000000000     
   2.5000000000000000       -2.0328595376251498E-015   0.0000000000000000     
   2.6000000000000001       -2.0692432644054658E-015   0.0000000000000000     
   2.7000000000000002        8.7819750740590349E-016   0.0000000000000000     
   2.8000000000000003        4.9461292513869262E-016   0.0000000000000000     
   2.9000000000000004       -1.5128560351743460E-015   0.0000000000000000     
   3.0000000000000000        3.7451277268328738E-016   0.0000000000000000     
   3.1000000000000001        8.7461272510540831E-016   0.0000000000000000     
   3.2000000000000002        4.7079381931230114E-016   0.0000000000000000     
   3.3000000000000003        5.4150239574434261E-016   0.0000000000000000     
   3.4000000000000004       -4.0975803598034741E-016   0.0000000000000000     
   3.5000000000000000        2.5131715983257998E-016   0.0000000000000000     
   3.6000000000000001        3.2730597277381566E-016   0.0000000000000000     
   3.7000000000000002       -6.6582101410220866E-018   0.0000000000000000     
   3.8000000000000003       -5.5084317828914570E-016   0.0000000000000000     
   3.9000000000000004       -1.4324170377196722E-015   0.0000000000000000     
   4.0000000000000000        1.2426596250628819E-015   0.0000000000000000     
   4.1000000000000005        6.0866890052935248E-016   0.0000000000000000     
   4.2000000000000002       -2.6833002663127257E-015   0.0000000000000000     
   4.2999999999999998        1.1325667264141039E-016   0.0000000000000000     
   4.4000000000000004        1.5675430131643379E-015   0.0000000000000000     
   4.5000000000000000        1.3608980557693544E-016   0.0000000000000000     
   4.6000000000000005        5.4095779077965167E-016   0.0000000000000000     
   4.7000000000000002       -1.0391999724386553E-016   0.0000000000000000     
   4.8000000000000007        5.4776457834992043E-016   0.0000000000000000     
   4.9000000000000004        1.6234345235513498E-015   0.0000000000000000     
   5.0000000000000000       -8.5332346439180195E-016   0.0000000000000000     
   5.1000000000000005       -2.6033232040651908E-015   0.0000000000000000     
   5.2000000000000002       -9.9539027455291736E-016   0.0000000000000000     
   5.3000000000000007        1.1668793814256778E-015   0.0000000000000000     
   5.4000000000000004        1.3121535140963389E-015   0.0000000000000000     
   5.5000000000000000       -4.1566385958893186E-016   0.0000000000000000     
   5.6000000000000005       -1.8326487081647744E-015   0.0000000000000000     
   5.7000000000000002        2.5328963079654706E-016   0.0000000000000000     
   5.8000000000000007        3.0948595165523509E-015   0.0000000000000000     
   5.9000000000000004        2.7217003818065979E-016   0.0000000000000000     
   6.0000000000000000       -1.8743137963259040E-015   0.0000000000000000     
   6.1000000000000005        5.7114206268615744E-016   0.0000000000000000     
   6.2000000000000002       -5.5029879084055385E-017   0.0000000000000000     
   6.3000000000000007       -1.3256640748709518E-015   0.0000000000000000     
   6.4000000000000004        3.7510504670712590E-017   0.0000000000000000     
   6.5000000000000000        3.4785309521388919E-016   0.0000000000000000     
   6.6000000000000005        3.8390787352222159E-016   0.0000000000000000     
   6.7000000000000002        5.7460649640694834E-016   0.0000000000000000     
   6.8000000000000007       -5.5916000686839674E-016   0.0000000000000000     
   6.9000000000000004       -1.2986821319416782E-015   0.0000000000000000     
   7.0000000000000000        4.5607053437518374E-016   0.0000000000000000     
   7.1000000000000005        1.4789441542015767E-015   0.0000000000000000     
   7.2000000000000002       -1.3683751104635664E-016   0.0000000000000000     
   7.3000000000000007       -5.1182044933360721E-016   0.0000000000000000     
   7.4000000000000004       -2.5811315679737396E-016   0.0000000000000000     
   7.5000000000000000       -4.6324700375685770E-016   0.0000000000000000     
   7.6000000000000005       -7.1065930425691871E-017   0.0000000000000000     
   7.7000000000000002       -2.4044343441124026E-016   0.0000000000000000     
   7.8000000000000007        8.0453979525285308E-016   0.0000000000000000     
   7.9000000000000004        1.1702227301462087E-015   0.0000000000000000     
   8.0000000000000000       -1.2219944337831932E-015   0.0000000000000000     
   8.0999999999999996       -3.9212916448039914E-016   0.0000000000000000     
   8.2000000000000011        1.6288588444693449E-015   0.0000000000000000     
   8.3000000000000007       -4.6137399451618531E-016   0.0000000000000000     
   8.4000000000000004       -1.5059684751806558E-015   0.0000000000000000     
   8.5000000000000000       -4.0638726760880490E-016   0.0000000000000000     
   8.5999999999999996       -4.0058861107889234E-017   0.0000000000000000     
   8.7000000000000011        8.2051036176941691E-016   0.0000000000000000     
   8.8000000000000007        7.5953862823563110E-016   0.0000000000000000     
   8.9000000000000004        5.3415490437609328E-016   0.0000000000000000     
   9.0000000000000000        1.0080236072384233E-015   0.0000000000000000     
   9.0999999999999996       -2.7394588798381125E-016   0.0000000000000000     
   9.2000000000000011       -9.9084906877998469E-016   0.0000000000000000     
   9.3000000000000007       -1.8552926883747877E-015   0.0000000000000000     
   9.4000000000000004       -1.8866740567094103E-015   0.0000000000000000     
   9.5000000000000000        2.0241371971492791E-015   0.0000000000000000     
   9.6000000000000014        1.5922177914262630E-015   0.0000000000000000     
   9.7000000000000011       -1.1718305588302254E-015   0.0000000000000000     
   9.8000000000000007        1.7204748527404555E-015   0.0000000000000000     
   9.9000000000000004        2.1608542858149631E-015   0.0000000000000000     
   10.000000000000000       -8.8151775884668406E-016   0.0000000000000000     
   10.100000000000001       -9.5720537885598334E-016   0.0000000000000000     
   10.200000000000001       -5.5889180078837296E-016   0.0000000000000000     
   10.300000000000001       -1.6109735522318691E-015   0.0000000000000000     
   10.400000000000000       -1.5119519551196922E-015   0.0000000000000000     
   10.500000000000000        5.4632575894370393E-016   0.0000000000000000     
   10.600000000000001        6.5514597560470669E-016   0.0000000000000000     
   10.700000000000001        6.4938663380480582E-016   0.0000000000000000     
   10.800000000000001        2.9595051599904792E-015   0.0000000000000000     
   10.900000000000000        2.4880193297008233E-016   0.0000000000000000     
   11.000000000000000       -3.1330942830568721E-015   0.0000000000000000     
   11.100000000000001       -1.6923212306573084E-016   0.0000000000000000     
   11.200000000000001        6.8886355684089337E-016   0.0000000000000000     
   11.300000000000001       -1.8134344017430449E-016   0.0000000000000000     
   11.400000000000000        1.1577685179019350E-015   0.0000000000000000     
   11.500000000000000        1.1249817105162292E-016   0.0000000000000000     
   11.600000000000001        7.4015523102241496E-018   0.0000000000000000     
   11.700000000000001        9.6934417453281619E-016   0.0000000000000000     
   11.800000000000001       -2.2108101325204225E-015   0.0000000000000000     
   11.900000000000000       -2.6067723717525021E-015   0.0000000000000000     
   12.000000000000000        1.2907560049874063E-015   0.0000000000000000     
   12.100000000000001        7.9995450495149954E-016   0.0000000000000000     
   12.200000000000001       -1.1071391384098253E-015   0.0000000000000000     
   12.300000000000001        7.9025453454644328E-016   0.0000000000000000     
   12.400000000000000        2.0203962941498921E-015   0.0000000000000000     
   12.500000000000000        3.4246837646100064E-016   0.0000000000000000     
   12.600000000000001       -2.3937746163115532E-016   0.0000000000000000     
   12.700000000000001        1.0840955000347963E-015   0.0000000000000000     
   12.800000000000001       -1.7895202540129481E-016   0.0000000000000000     
   12.900000000000000       -1.7434722297225705E-015   0.0000000000000000     
   13.000000000000000       -7.3460511914783075E-016   0.0000000000000000     
   13.100000000000001       -1.6188013659717084E-015   0.0000000000000000     
   13.200000000000001       -4.3038237385020503E-016   0.0000000000000000     
   13.300000000000001        2.6546533191926380E-015   0.0000000000000000     
   13.400000000000000        3.0975798164472718E-017   0.0000000000000000     
   13.500000000000000       -9.1199466691550318E-016   0.0000000000000000     
   13.600000000000001        1.6242279854654811E-015   0.0000000000000000     
   13.700000000000001        7.5381572334952901E-016   0.0000000000000000     
   13.800000000000001       -3.7114971513372230E-016   0.0000000000000000     
   13.900000000000000       -1.0961197378772542E-015   0.0000000000000000     
   14.000000000000000       -9.3390342179450397E-016   0.0000000000000000     
   14.100000000000001        9.3509810690615428E-016   0.0000000000000000     
   14.200000000000001        9.1265510492903882E-016   0.0000000000000000     
   14.300000000000001       -1.4047337543902631E-016   0.0000000000000000     
   14.400000000000000       -1.5699837446150649E-015   0.0000000000000000     
   14.500000000000000       -1.7507115609943354E-015   0.0000000000000000     
   14.600000000000001        3.7307259178016412E-016   0.0000000000000000     
   14.700000000000001        1.6687782134996858E-015   0.0000000000000000     
   14.800000000000001        1.8302093839431898E-015   0.0000000000000000     
   14.900000000000000        7.8723167742839743E-016   0.0000000000000000     
   15.000000000000000        6.4597282026557881E-016   0.0000000000000000     
   15.100000000000001        6.0827772193707666E-016   0.0000000000000000     
   15.200000000000001       -2.1709768559815100E-015   0.0000000000000000     
   15.300000000000001       -1.4897883999029174E-015   0.0000000000000000     
   15.400000000000000        4.1806685427255436E-016   0.0000000000000000     
   15.500000000000000       -1.7819898774665377E-015   0.0000000000000000     
   15.600000000000001       -1.8750338784203105E-015   0.0000000000000000     
   15.700000000000001       -2.3990543524441122E-017   0.0000000000000000     
   15.800000000000001        9.6767766002347000E-016   0.0000000000000000     
   15.900000000000000        1.4465066793165922E-015   0.0000000000000000     
   16.000000000000000        5.8472642225825071E-016   0.0000000000000000     
   16.100000000000001        1.4029352413351393E-015   0.0000000000000000     
   16.199999999999999        3.1098869211783281E-015   0.0000000000000000     
   16.300000000000001        1.6909350774628560E-015   0.0000000000000000     
   16.400000000000002       -1.2924798366828427E-015   0.0000000000000000     
   16.500000000000000       -2.8560120298509906E-015   0.0000000000000000     
   16.600000000000001       -2.5785033150130716E-015   0.0000000000000000     
   16.699999999999999       -1.5619038643928089E-015   0.0000000000000000     
   16.800000000000001       -3.2307576080853938E-016   0.0000000000000000     
   16.900000000000002        5.2864584789024178E-016   0.0000000000000000     
   17.000000000000000        5.7179031010596730E-016   0.0000000000000000     
   17.100000000000001        5.9891448794720967E-016   0.0000000000000000     
   17.199999999999999        3.9333694164824401E-016   0.0000000000000000     
   17.300000000000001        9.6313842072803243E-016   0.0000000000000000     
   17.400000000000002        2.0483145363562490E-015   0.0000000000000000     
   17.500000000000000        1.1960787433268865E-015   0.0000000000000000     
   17.600000000000001       -1.1635528377813865E-015   0.0000000000000000     
   17.699999999999999       -1.4840901271834262E-015   0.0000000000000000     
   17.800000000000001       -8.1164273975021460E-016   0.0000000000000000     
   17.900000000000002       -1.3774250852668924E-015   0.0000000000000000     
   18.000000000000000       -1.7799450602344536E-015   0.0000000000000000     
   18.100000000000001        4.5002657092672309E-016   0.0000000000000000     
   18.199999999999999        1.3181427212081070E-015   0.0000000000000000     
   18.300000000000001        2.0682511217783447E-015   0.0000000000000000     
   18.400000000000002        1.2580714063890072E-015   0.0000000000000000     
   18.500000000000000        6.7304533834036555E-016   0.0000000000000000     
   18.600000000000001       -8.9253658232521636E-016   0.0000000000000000     
   18.699999999999999        2.5944536336369412E-017   0.0000000000000000     
   18.800000000000001       -1.1785558248150744E-015   0.0000000000000000     
   18.900000000000002        9.1859970305178437E-016   0.0000000000000000     
   19.000000000000000       -3.4619290865368154E-015   0.0000000000000000     
   19.100000000000001        4.9925425484183773E-016   0.0000000000000000     
   19.200000000000003       -8.5320342766109044E-016   0.0000000000000000     
   19.300000000000001        3.5878503090921829E-015   0.0000000000000000     
   19.400000000000002       -4.1901574713459299E-015   0.0000000000000000     
   19.500000000000000        5.7320796450799241E-015   0.0000000000000000     
   19.600000000000001       -4.5748277963975016E-015   0.0000000000000000     
   19.700000000000003        8.2036577998687100E-015   0.0000000000000000     
   19.800000000000001       -1.2082636479393891E-014   0.0000000000000000     
   19.900000000000002        1.3005826947058912E-014   0.0000000000000000     
   20.000000000000000       -1.5508504468386979E-014   0.0000000000000000     
   20.100000000000001        1.9321159581222333E-014   0.0000000000000000     
   20.200000000000003       -2.7724298497402843E-014   0.0000000000000000     
   20.300000000000001        3.6302681579051140E-014   0.0000000000000000     
   20.400000000000002       -4.2897618975036583E-014   0.0000000000000000     
   20.500000000000000        5.6775869589194516E-014   0.0000000000000000     
   20.600000000000001       -7.1521494177895521E-014   0.0000000000000000     
   20.700000000000003        8.9611481236139000E-014   0.0000000000000000     
   20.800000000000001       -1.1474359992858202E-013   0.0000000000000000     
   20.900000000000002        1.4689867769260823E-013   0.0000000000000000     
   21.000000000000000       -1.8732276103497557E-013   0.0000000000000000     
   21.100000000000001        2.3309194616303234E-013   0.0000000000000000     
   21.200000000000003       -2.9927623821203622E-013   0.0000000000000000     
   21.300000000000001        3.8130949349186773E-013   0.0000000000000000     
   21.400000000000002       -4.7922932188648580E-013   0.0000000000000000     
   21.500000000000000        6.0845665481435999E-013   0.0000000000000000     
   21.600000000000001       -7.7025320727565419E-013   0.0000000000000000     
   21.700000000000003        9.7096695614381949E-013   0.0000000000000000     
   21.800000000000001       -1.2260495802549229E-012   0.0000000000000000     
   21.900000000000002        1.5497413705771265E-012   0.0000000000000000     
   22.000000000000000       -1.9572629244136773E-012   0.0000000000000000     
   22.100000000000001        2.4661754888884741E-012   0.0000000000000000     
   22.200000000000003       -3.1050968634190170E-012   0.0000000000000000     
   22.300000000000001        3.9061742640683148E-012   0.0000000000000000     
   22.400000000000002       -4.9153818468791662E-012   0.0000000000000000     
   22.500000000000000        6.1796183492743422E-012   0.0000000000000000     
   22.600000000000001       -7.7578740362493856E-012   0.0000000000000000     
   22.700000000000003        9.7382458654693087E-012   0.0000000000000000     
   22.800000000000001       -1.2207213055890212E-011   0.0000000000000000     
   22.900000000000002        1.5296305855737060E-011   0.0000000000000000     
   23.000000000000000       -1.9149922976201071E-011   0.0000000000000000     
   23.100000000000001        2.3954753401604830E-011   0.0000000000000000     
   23.200000000000003       -2.9941193781529296E-011   0.0000000000000000     
   23.300000000000001        3.7390224000105110E-011   0.0000000000000000     
   23.400000000000002       -4.6655549024061087E-011   0.0000000000000000     
   23.500000000000000        5.8169153865144248E-011   0.0000000000000000     
   23.600000000000001       -7.2462303183790297E-011   0.0000000000000000     
   23.700000000000003        9.0183057045181231E-011   0.0000000000000000     
   23.800000000000001       -1.1214797593164533E-010   0.0000000000000000     
   23.900000000000002        1.3933792096796895E-010   0.0000000000000000     
   24.000000000000000       -1.7296806124256920E-010   0.0000000000000000     
   24.100000000000001        2.1452443122368598E-010   0.0000000000000000     
   24.200000000000003       -2.6582088317449964E-010   0.0000000000000000     
   24.300000000000001        3.2908466850244620E-010   0.0000000000000000     
   24.400000000000002       -4.0703638132246594E-010   0.0000000000000000     
   24.500000000000000        5.0298767535151528E-010   0.0000000000000000     
   24.600000000000001       -6.2097731686545585E-010   0.0000000000000000     
   24.700000000000003        7.6592809342316251E-010   0.0000000000000000     
   24.800000000000001       -9.4382047789989433E-010   0.0000000000000000     
   24.900000000000002        1.1619214214142077E-009   0.0000000000000000     
   25.000000000000000       -1.4290512446737399E-009   0.0000000000000000     
   25.100000000000001        1.7558927652980413E-009   0.0000000000000000     
   25.200000000000003       -2.1553902657967021E-009   0.0000000000000000     
   25.300000000000001        2.6431831525743045E-009   0.0000000000000000     
   25.400000000000002       -3.2381701717074918E-009   0.0000000000000000     
   25.500000000000000        3.9631433087004113E-009   0.0000000000000000     
   25.600000000000001       -4.8455686934540788E-009   0.0000000000000000     
   25.700000000000003        5.9184961096062625E-009   0.0000000000000000     
   25.800000000000001       -7.2216539333394713E-009   0.0000000000000000     
   25.900000000000002        8.8027464735204826E-009   0.0000000000000000     
   26.000000000000000       -1.0718953858648891E-008   0.0000000000000000     
   26.100000000000001        1.3038774099156909E-008   0.0000000000000000     
   26.200000000000003       -1.5844123919158645E-008   0.0000000000000000     
   26.300000000000001        1.9232868416547826E-008   0.0000000000000000     
   26.400000000000002       -2.3321752574055397E-008   0.0000000000000000     
   26.500000000000000        2.8249895249880941E-008   0.0000000000000000     
   26.600000000000001       -3.4182848055678414E-008   0.0000000000000000     
   26.700000000000003        4.1317352408103351E-008   0.0000000000000000     
   26.800000000000001       -4.9886934663888351E-008   0.0000000000000000     
   26.900000000000002        6.0168383357678415E-008   0.0000000000000000     
   27.000000000000000       -7.2489371459999034E-008   0.0000000000000000     
   27.100000000000001        8.7237245191681138E-008   0.0000000000000000     
   27.200000000000003       -1.0486930165499980E-007   0.0000000000000000     
   27.300000000000001        1.2592468671523415E-007   0.0000000000000000     
   27.400000000000002       -1.5103814921637644E-007   0.0000000000000000     
   27.500000000000000        1.8095597272780877E-007   0.0000000000000000     
   27.600000000000001       -2.1655433961007146E-007   0.0000000000000000     
   27.700000000000003        2.5886050948946791E-007   0.0000000000000000     
   27.800000000000001       -3.0907712561965919E-007   0.0000000000000000     
   27.900000000000002        3.6861016659091145E-007   0.0000000000000000     
   28.000000000000000       -4.3910091812146146E-007   0.0000000000000000     
   28.100000000000001        5.2246258167561103E-007   0.0000000000000000     
   28.200000000000003       -6.2092202260012423E-007   0.0000000000000000     
   28.300000000000001        7.3706732516917350E-007   0.0000000000000000     
   28.400000000000002       -8.7390189102807532E-007   0.0000000000000000     
   28.500000000000000        1.0349057921836385E-006   0.0000000000000000     
   28.600000000000001       -1.2241052358459851E-006   0.0000000000000000     
   28.700000000000003        1.4461510682837785E-006   0.0000000000000000     
   28.800000000000001       -1.7064073136162807E-006   0.0000000000000000     
   28.900000000000002        2.0110507373984240E-006   0.0000000000000000     
   29.000000000000000       -2.3671826503265138E-006   0.0000000000000000     
   29.100000000000001        2.7829541442652001E-006   0.0000000000000000     
   29.200000000000003       -3.2677060064372046E-006   0.0000000000000000     
   29.300000000000001        3.8321247404780481E-006   0.0000000000000000     
   29.400000000000002       -4.4884160063095125E-006   0.0000000000000000     
   29.500000000000000        5.2504971031499546E-006   0.0000000000000000     
   29.600000000000001       -6.1342098564757579E-006   0.0000000000000000     
   29.700000000000003        7.1575555846848114E-006   0.0000000000000000     
   29.800000000000001       -8.3409536343118695E-006   0.0000000000000000     
   29.900000000000002        9.7075250826144470E-006   0.0000000000000000     
   30.000000000000000       -1.1283403154207702E-005   0.0000000000000000     
   30.100000000000001        1.3098071722455675E-005   0.0000000000000000     
   30.200000000000003       -1.5184733436036199E-005   0.0000000000000000     
   30.300000000000001        1.7580708533442418E-005   0.0000000000000000     
   30.400000000000002       -2.0327865576373825E-005   0.0000000000000000     
   30.500000000000000        2.3473084799582643E-005   0.0000000000000000     
   30.600000000000001       -2.7068754718924931E-005   0.0000000000000000     
   30.700000000000003        3.1173302192803592E-005   0.0000000000000000     
   30.800000000000001       -3.5851755692917428E-005   0.0000000000000000     
   30.900000000000002        4.1176341110396677E-005   0.0000000000000000     
   31.000000000000000       -4.7227108842839398E-005   0.0000000000000000     
   31.100000000000001        5.4092590233006130E-005   0.0000000000000000     
   31.200000000000003       -6.1870480652885903E-005   0.0000000000000000     
   31.300000000000001        7.0668345801792727E-005   0.0000000000000000     
   31.400000000000002       -8.0604346692322870E-005   0.0000000000000000     
   31.500000000000000        9.1807977909612063E-005   0.0000000000000000     
   31.600000000000001       -1.0442081247537788E-004   0.0000000000000000     
   31.700000000000003        1.1859724549891447E-004   0.0000000000000000     
   31.800000000000001       -1.3450522740784534E-004   0.0000000000000000     
   31.900000000000002        1.5232697616629148E-004   0.0000000000000000     
   32.000000000000000       -1.7225965643553090E-004   0.0000000000000000     
   32.100000000000001        1.9451601189552869E-004   0.0000000000000000     
   32.200000000000003       -2.1932493565224662E-004   0.0000000000000000     
   32.300000000000004        2.4693196158349174E-004   0.0000000000000000     
   32.399999999999999       -2.7759965827446891E-004   0.0000000000000000     
   32.500000000000000        3.1160790514375843E-004   0.0000000000000000     
   32.600000000000001       -3.4925402906907664E-004   0.0000000000000000     
   32.700000000000003        3.9085277817404313E-004   0.0000000000000000     
   32.800000000000004       -4.3673610802030067E-004   0.0000000000000000     
   32.899999999999999        4.8725275439608822E-004   0.0000000000000000     
   33.000000000000000       -5.4276756568110611E-004   0.0000000000000000     
   33.100000000000001        6.0366056722421866E-004   0.0000000000000000     
   33.200000000000003       -6.7032572963387712E-004   0.0000000000000000     
   33.300000000000004        7.4316941289176051E-004   0.0000000000000000     
   33.399999999999999       -8.2260845866455063E-004   0.0000000000000000     
   33.500000000000000        9.0906790397462405E-004   0.0000000000000000     
   33.600000000000001       -1.0029782910125139E-003   0.0000000000000000     
   33.700000000000003        1.1047725498174188E-003   0.0000000000000000     
   33.800000000000004       -1.2148824334608473E-003   0.0000000000000000     
   33.899999999999999        1.3337344886666074E-003   0.0000000000000000     
   34.000000000000000       -1.4617455492725163E-003   0.0000000000000000     
   34.100000000000001        1.5993177448285340E-003   0.0000000000000000     
   34.200000000000003       -1.7468330225592936E-003   0.0000000000000000     
   34.300000000000004        1.9046471876984531E-003   0.0000000000000000     
   34.399999999999999       -2.0730834747328545E-003   0.0000000000000000     
   34.500000000000000        2.2524256703791872E-003   0.0000000000000000     
   34.600000000000001       -2.4429108185338474E-003   0.0000000000000000     
   34.700000000000003        2.6447215471113441E-003   0.0000000000000000     
   34.800000000000004       -2.8579780672521181E-003   0.0000000000000000     
   34.899999999999999        3.0827299066674254E-003   0.0000000000000000     
   35.000000000000000       -3.3189474501038626E-003   0.0000000000000000     
   35.100000000000001        3.5665133719186659E-003   0.0000000000000000     
   35.200000000000003       -3.8252140574157305E-003   0.0000000000000000     
   35.300000000000004        4.0947311214743001E-003   0.0000000000000000     
   35.399999999999999       -4.3746331442482186E-003   0.0000000000000000     
   35.500000000000000        4.6643677545701910E-003   0.0000000000000000     
   35.600000000000001       -4.9632542015452868E-003   0.0000000000000000     
   35.700000000000003        5.2704765636392798E-003   0.0000000000000000     
   35.800000000000004       -5.5850777518661786E-003   0.0000000000000000     
   35.899999999999999        5.9059544691411016E-003   0.0000000000000000     
   36.000000000000000       -6.2318532915094102E-003   0.0000000000000000     
   36.100000000000001        6.5613680380505789E-003   0.0000000000000000     
   36.200000000000003       -6.8929385947041092E-003   0.0000000000000000     
   36.300000000000004        7.2248513529226416E-003   0.0000000000000000     
   36.399999999999999       -7.5552414165525935E-003   0.0000000000000000     
   36.500000000000000        7.8820967192967800E-003   0.0000000000000000     
   36.600000000000001       -8.2032641808910366E-003   0.0000000000000000     
   36.700000000000003        8.5164580119629404E-003   0.0000000000000000     
   36.800000000000004       -8.8192702560354937E-003   0.0000000000000000     
   36.899999999999999        9.1091836317648799E-003   0.0000000000000000     
   37.000000000000000       -9.3835867098652093E-003   0.0000000000000000     
   37.100000000000001        9.6397914269966255E-003   0.0000000000000000     
   37.200000000000003       -9.8750529038287380E-003   0.0000000000000000     
   37.300000000000004        1.0086591496902581E-002   0.0000000000000000     
   37.399999999999999       -1.0271616973561628E-002   0.0000000000000000     
   37.500000000000000        1.0427354658109792E-002   0.0000000000000000     
   37.600000000000001       -1.0551073354265302E-002   0.0000000000000000     
   37.700000000000003        1.0640114806409079E-002   0.0000000000000000     
   37.800000000000004       -1.0691924419333598E-002   0.0000000000000000     
   37.899999999999999        1.0704082915402660E-002   0.0000000000000000     
   38.000000000000000       -1.0674338568850049E-002   0.0000000000000000     
   38.100000000000001        1.0600639621361227E-002   0.0000000000000000     
   38.200000000000003       -1.0481166451358557E-002   0.0000000000000000     
   38.300000000000004        1.0314363042674407E-002   0.0000000000000000     
   38.400000000000006       -1.0098967277771298E-002   0.0000000000000000     
   38.500000000000000        9.8340395663995654E-003   0.0000000000000000     
   38.600000000000001       -9.5189893144164220E-003   0.0000000000000000     
   38.700000000000003        9.1535987390659167E-003   0.0000000000000000     
   38.800000000000004       -8.7380435476967031E-003   0.0000000000000000     
   38.900000000000006        8.2729100164600517E-003   0.0000000000000000     
   39.000000000000000       -7.7592080347250068E-003   0.0000000000000000     
   39.100000000000001        7.1983797194182146E-003   0.0000000000000000     
   39.200000000000003       -6.5923032514291552E-003   0.0000000000000000     
   39.300000000000004        5.9432916429887827E-003   0.0000000000000000     
   39.400000000000006       -5.2540862101437312E-003   0.0000000000000000     
   39.500000000000000        4.5278445972904676E-003   0.0000000000000000     
   39.600000000000001       -3.7681232801326224E-003   0.0000000000000000     
   39.700000000000003        2.9788545582639585E-003   0.0000000000000000     
   39.800000000000004       -2.1643181374862118E-003   0.0000000000000000     
   39.900000000000006        1.3291074932012179E-003   0.0000000000000000     
   40.000000000000000       -4.7809129843654532E-004   0.0000000000000000     
   40.100000000000001       -3.8362970888777186E-004   0.0000000000000000     
   40.200000000000003        1.2507699566988600E-003   0.0000000000000000     
   40.300000000000004       -2.1179098211939374E-003   0.0000000000000000     
   40.400000000000006        2.9795493381132971E-003   0.0000000000000000     
   40.500000000000000       -3.8301641515023446E-003   0.0000000000000000     
   40.600000000000001        4.6642629508656230E-003   0.0000000000000000     
   40.700000000000003       -5.4764456011401020E-003   0.0000000000000000     
   40.800000000000004        6.2614611370413161E-003   0.0000000000000000     
   40.900000000000006       -7.0142647743239150E-003   0.0000000000000000     
   41.000000000000000        7.7300730871174925E-003   0.0000000000000000     
   41.100000000000001       -8.4044165123391915E-003   0.0000000000000000     
   41.200000000000003        9.0331883702024392E-003   0.0000000000000000     
   41.300000000000004       -9.6126896336780863E-003   0.0000000000000000     
   41.400000000000006        1.0139668738633260E-002   0.0000000000000000     
   41.500000000000000       -1.0611355799861598E-002   0.0000000000000000     
   41.600000000000001        1.1025490684915805E-002   0.0000000000000000     
   41.700000000000003       -1.1380344495858534E-002   0.0000000000000000     
   41.800000000000004        1.1674734117380275E-002   0.0000000000000000     
   41.900000000000006       -1.1908029605436146E-002   0.0000000000000000     
   42.000000000000000        1.2080154312079821E-002   0.0000000000000000     
   42.100000000000001       -1.2191577766254713E-002   0.0000000000000000     
   42.200000000000003        1.2243301455006652E-002   0.0000000000000000     
   42.300000000000004       -1.2236837771829684E-002   0.0000000000000000     
   42.400000000000006        1.2174182516056561E-002   0.0000000000000000     
   42.500000000000000       -1.2057781437614497E-002   0.0000000000000000     
   42.600000000000001        1.1890491420685914E-002   0.0000000000000000     
   42.700000000000003       -1.1675536989069056E-002   0.0000000000000000     
   42.800000000000004        1.1416462888885785E-002   0.0000000000000000     
   42.900000000000006       -1.1117083564516926E-002   0.0000000000000000     
   43.000000000000000        1.0781430384343146E-002   0.0000000000000000     
   43.100000000000001       -1.0413697498666831E-002   0.0000000000000000     
   43.200000000000003        1.0018187218378183E-002   0.0000000000000000     
   43.300000000000004       -9.5992557917198539E-003   0.0000000000000000     
   43.400000000000006        9.1612604294618611E-003   0.0000000000000000     
   43.500000000000000       -8.7085083812748886E-003   0.0000000000000000     
   43.600000000000001        8.2452088102672062E-003   0.0000000000000000     
   43.700000000000003       -7.7754281335111379E-003   0.0000000000000000     
   43.800000000000004        7.3030494174257691E-003   0.0000000000000000     
   43.900000000000006       -6.8317363159267758E-003   0.0000000000000000     
   44.000000000000000        6.3649019421518366E-003   0.0000000000000000     
   44.100000000000001       -5.9056829564940547E-003   0.0000000000000000     
   44.200000000000003        5.4569190414056213E-003   0.0000000000000000     
   44.300000000000004       -5.0211378362862028E-003   0.0000000000000000     
   44.400000000000006        4.6005452806434192E-003   0.0000000000000000     
   44.500000000000000       -4.1970212435690924E-003   0.0000000000000000     
   44.600000000000001        3.8121201853835792E-003   0.0000000000000000     
   44.700000000000003       -3.4470765607805213E-003   0.0000000000000000     
   44.800000000000004        3.1028145507829997E-003   0.0000000000000000     
   44.900000000000006       -2.7799616934573276E-003   0.0000000000000000     
   45.000000000000000        2.4788659091075959E-003   0.0000000000000000     
   45.100000000000001       -2.1996153763777829E-003   0.0000000000000000     
   45.200000000000003        1.9420607456818813E-003   0.0000000000000000     
   45.300000000000004       -1.7058390556689239E-003   0.0000000000000000     
   45.400000000000006        1.4903989101928605E-003   0.0000000000000000     
   45.500000000000000       -1.2950262233584933E-003   0.0000000000000000     
   45.600000000000001        1.1188702083877690E-003   0.0000000000000000     
   45.700000000000003       -9.6096892965885259E-004   0.0000000000000000     
   45.800000000000004        8.2027418591979102E-004   0.0000000000000000     
   45.900000000000006       -6.9567519502707607E-004   0.0000000000000000     
   46.000000000000000        5.8602080879910389E-004   0.0000000000000000     
   46.100000000000001       -4.9014010251051583E-004   0.0000000000000000     
   46.200000000000003        4.0686079599705450E-004   0.0000000000000000     
   46.300000000000004       -3.3502599251986488E-004   0.0000000000000000     
   46.400000000000006        2.7350817102512337E-004   0.0000000000000000     
   46.500000000000000       -2.2122173912973283E-004   0.0000000000000000     
   46.600000000000001        1.7713248533403434E-004   0.0000000000000000     
   46.700000000000003       -1.4026590817553650E-004   0.0000000000000000     
   46.800000000000004        1.0971255536773927E-004   0.0000000000000000     
   46.900000000000006       -8.4632228014224159E-005   0.0000000000000000     
   47.000000000000000        6.4256145579358304E-005   0.0000000000000000     
   47.100000000000001       -4.7887125247476104E-005   0.0000000000000000     
   47.200000000000003        3.4899905802018799E-005   0.0000000000000000     
   47.300000000000004       -2.4737385073581746E-005   0.0000000000000000     
   47.400000000000006        1.6910545909195130E-005   0.0000000000000000     
   47.500000000000000       -1.0991019090289215E-005   0.0000000000000000     
   47.600000000000001        6.6116417588797305E-006   0.0000000000000000     
   47.700000000000003       -3.4562901003690183E-006   0.0000000000000000     
   47.800000000000004        1.2609114370746409E-006   0.0000000000000000     
   47.900000000000006        1.9700103947576309E-007   0.0000000000000000     
   48.000000000000000       -1.0991558056976340E-006   0.0000000000000000     
   48.100000000000001        1.5927609141229332E-006   0.0000000000000000     
   48.200000000000003       -1.7980785574098956E-006   0.0000000000000000     
   48.300000000000004        1.8033779486936531E-006   0.0000000000000000     
   48.400000000000006       -1.6869058481393983E-006   0.0000000000000000     
   48.500000000000000        1.4917882881836345E-006   0.0000000000000000     
   48.600000000000001       -1.2706317352556343E-006   0.0000000000000000     
   48.700000000000003        1.0332838304408295E-006   0.0000000000000000     
   48.800000000000004       -8.1813764651646715E-007   0.0000000000000000     
   48.900000000000006        6.1363987312736416E-007   0.0000000000000000     
   49.000000000000000       -4.4806632917025710E-007   0.0000000000000000     
   49.100000000000001        3.0340203134293170E-007   0.0000000000000000     
   49.200000000000003       -1.9186720402357743E-007   0.0000000000000000     
   49.300000000000004        1.1044220375305802E-007   0.0000000000000000     
   49.400000000000006       -3.7248297904899362E-008   0.0000000000000000     
   49.500000000000000        1.2868419104479747E-008   0.0000000000000000     
   49.600000000000001        3.7897864464218203E-008   0.0000000000000000     
   49.700000000000003       -2.3080644951531960E-008   0.0000000000000000     
   49.800000000000004        5.8990886258569803E-008   0.0000000000000000     
   49.900000000000006        5.0654071924799070E-054   0.0000000000000000     
