   0.0000000000000000       -1.1865301279115627E-015   0.0000000000000000     
  0.10000000000000001       -1.4189505494847486E-015   0.0000000000000000     
  0.20000000000000001       -6.9920297564663624E-016   0.0000000000000000     
  0.30000000000000004        7.7450343648902814E-016   0.0000000000000000     
  0.40000000000000002        3.2248052090176972E-017   0.0000000000000000     
  0.50000000000000000       -1.7600757091366081E-015   0.0000000000000000     
  0.60000000000000009       -1.4417599837683005E-016   0.0000000000000000     
  0.70000000000000007        1.0020673099448247E-015   0.0000000000000000     
  0.80000000000000004        2.8430403722138529E-016   0.0000000000000000     
  0.90000000000000002        1.0938017842778330E-015   0.0000000000000000     
   1.0000000000000000       -1.2426907544163635E-016   0.0000000000000000     
   1.1000000000000001       -5.9971094866308465E-016   0.0000000000000000     
   1.2000000000000002        1.3010424215885680E-015   0.0000000000000000     
   1.3000000000000000       -9.8930803476650275E-016   0.0000000000000000     
   1.4000000000000001       -1.7289191422734102E-015   0.0000000000000000     
   1.5000000000000000        1.9786833984738495E-016   0.0000000000000000     
   1.6000000000000001       -6.8785292462781078E-016   0.0000000000000000     
   1.7000000000000002        3.5622533981887209E-016   0.0000000000000000     
   1.8000000000000000        1.5700089104905913E-015   0.0000000000000000     
   1.9000000000000001        1.2990687130746982E-015   0.0000000000000000     
   2.0000000000000000        1.4281449526174254E-015   0.0000000000000000     
   2.1000000000000001       -1.1601753843086515E-015   0.0000000000000000     
   2.2000000000000002       -2.4926479747836817E-015   0.0000000000000000     
   2.3000000000000003       -1.0742617351552176E-015   0.0000000000000000     
   2.4000000000000004        8.5177962853617262E-017   0.0000000000000000     
   2.5000000000000000        1.0690502420422816E-015   0.0000000000000000     
   2.6000000000000001       -3.3138472079547078E-016   0.0000000000000000     
   2.7000000000000002        1.8212802250064122E-016   0.0000000000000000     
   2.8000000000000003        2.9226610980504370E-015   0.0000000000000000     
   2.9000000000000004        3.0117011881683446E-016   0.0000000000000000     
   3.0000000000000000       -1.7665697790382660E-015   0.0000000000000000     
   3.1000000000000001       -1.9308091234957814E-016   0.0000000000000000     
   3.2000000000000002       -1.8067027213669491E-015   0.0000000000000000     
   3.3000000000000003       -1.9205684817854366E-015   0.0000000000000000     
   3.4000000000000004        1.6614498688573565E-015   0.0000000000000000     
   3.5000000000000000        1.4497015084809574E-015   0.0000000000000000     
   3.6000000000000001        2.9654847015643130E-016   0.0000000000000000     
   3.7000000000000002        1.5529590735927767E-015   0.0000000000000000     
   3.8000000000000003       -8.1505884330490613E-017   0.0000000000000000     
   3.9000000000000004       -1.7763345817424117E-015   0.0000000000000000     
   4.0000000000000000       -1.9571660808463305E-016   0.0000000000000000     
   4.1000000000000005       -4.5367371016181525E-016   0.0000000000000000     
   4.2000000000000002       -9.2801092709121573E-016   0.0000000000000000     
   4.2999999999999998        2.8748736746573291E-016   0.0000000000000000     
   4.4000000000000004        2.8554057243396953E-016   0.0000000000000000     
   4.5000000000000000        1.4956952733726418E-015   0.0000000000000000     
   4.6000000000000005        1.6919760523751255E-015   0.0000000000000000     
   4.7000000000000002       -1.5168441100044713E-015   0.0000000000000000     
   4.8000000000000007       -1.7035166443063784E-015   0.0000000000000000     
   4.9000000000000004        1.9666591838358549E-016   0.0000000000000000     
   5.0000000000000000        5.3269983829590858E-016   0.0000000000000000     
   5.1000000000000005        7.8251451320879354E-016   0.0000000000000000     
   5.2000000000000002        1.7451539655961530E-016   0.0000000000000000     
   5.3000000000000007       -4.5500529902717637E-016   0.0000000000000000     
   5.4000000000000004       -5.8947566128931915E-016   0.0000000000000000     
   5.5000000000000000       -7.6825106515851205E-016   0.0000000000000000     
   5.6000000000000005       -5.3377582382429362E-017   0.0000000000000000     
   5.7000000000000002        5.7601882309553344E-016   0.0000000000000000     
   5.8000000000000007        1.4224127858701022E-015   0.0000000000000000     
   5.9000000000000004        6.3039020254643762E-016   0.0000000000000000     
   6.0000000000000000       -1.1483706720079246E-015   0.0000000000000000     
   6.1000000000000005        3.0697025458204575E-016   0.0000000000000000     
   6.2000000000000002        2.7455370623095928E-016   0.0000000000000000     
   6.3000000000000007       -1.1281103829647006E-015   0.0000000000000000     
   6.4000000000000004       -4.1828462516843272E-016   0.0000000000000000     
   6.5000000000000000       -1.0632932226379106E-015   0.0000000000000000     
   6.6000000000000005       -1.4853885768106143E-016   0.0000000000000000     
   6.7000000000000002        1.8532389360185385E-015   0.0000000000000000     
   6.8000000000000007        9.5521976265074857E-016   0.0000000000000000     
   6.9000000000000004        6.3236397409839338E-016   0.0000000000000000     
   7.0000000000000000        3.6846301611386117E-016   0.0000000000000000     
   7.1000000000000005       -7.9929371039816890E-016   0.0000000000000000     
   7.2000000000000002       -1.7996224987993918E-015   0.0000000000000000     
   7.3000000000000007       -1.7592316974437291E-015   0.0000000000000000     
   7.4000000000000004        6.4496058915252705E-016   0.0000000000000000     
   7.5000000000000000        1.2895581113667569E-015   0.0000000000000000     
   7.6000000000000005        6.7529287028431242E-016   0.0000000000000000     
   7.7000000000000002        9.6431883692675280E-016   0.0000000000000000     
   7.8000000000000007       -6.5197412192172174E-016   0.0000000000000000     
   7.9000000000000004       -7.3419092368232583E-016   0.0000000000000000     
   8.0000000000000000        2.5760791651901936E-016   0.0000000000000000     
   8.0999999999999996       -1.0453860773985885E-015   0.0000000000000000     
   8.2000000000000011       -8.0743342547429728E-017   0.0000000000000000     
   8.3000000000000007        1.2492773383321202E-015   0.0000000000000000     
   8.4000000000000004       -1.1714261171167733E-016   0.0000000000000000     
   8.5000000000000000        4.0408748323085994E-016   0.0000000000000000     
   8.5999999999999996        4.9845771201666782E-016   0.0000000000000000     
   8.7000000000000011       -1.9258108103132214E-015   0.0000000000000000     
   8.8000000000000007       -8.0571899061176823E-016   0.0000000000000000     
   8.9000000000000004        1.1026564005878662E-015   0.0000000000000000     
   9.0000000000000000       -3.8982850459685238E-016   0.0000000000000000     
   9.0999999999999996        7.5585760034769139E-016   0.0000000000000000     
   9.2000000000000011        2.0791220346103885E-015   0.0000000000000000     
   9.3000000000000007       -9.5495060911661202E-016   0.0000000000000000     
   9.4000000000000004       -1.3162913551308376E-015   0.0000000000000000     
   9.5000000000000000        3.5930553436456646E-016   0.0000000000000000     
   9.6000000000000014       -1.1218020953360771E-015   0.0000000000000000     
   9.7000000000000011       -1.0786251087654010E-015   0.0000000000000000     
   9.8000000000000007        1.2351507853813279E-015   0.0000000000000000     
   9.9000000000000004        1.4395995161219462E-015   0.0000000000000000     
   10.000000000000000        6.1855958402189424E-016   0.0000000000000000     
   10.100000000000001        7.1096184768033802E-016   0.0000000000000000     
   10.200000000000001       -3.7783400553240364E-016   0.0000000000000000     
   10.300000000000001       -2.4112771474051368E-015   0.0000000000000000     
   10.400000000000000       -2.4612457735938821E-015   0.0000000000000000     
   10.500000000000000        1.1321584457785913E-017   0.0000000000000000     
   10.600000000000001        1.8496161407384588E-015   0.0000000000000000     
   10.700000000000001        2.9045711955338876E-015   0.0000000000000000     
   10.800000000000001        1.8313196351835451E-015   0.0000000000000000     
   10.900000000000000       -5.3731376353876806E-016   0.0000000000000000     
   11.000000000000000       -1.6689684093107425E-015   0.0000000000000000     
   11.100000000000001       -8.6036436961647796E-016   0.0000000000000000     
   11.200000000000001       -2.2811821812568110E-015   0.0000000000000000     
   11.300000000000001       -7.6624681460262821E-017   0.0000000000000000     
   11.400000000000000       -8.1311226704946349E-017   0.0000000000000000     
   11.500000000000000        6.1196018107802424E-016   0.0000000000000000     
   11.600000000000001        1.3931190972811621E-015   0.0000000000000000     
   11.700000000000001        3.2949707321718136E-015   0.0000000000000000     
   11.800000000000001       -2.6659892641508026E-015   0.0000000000000000     
   11.900000000000000        1.7202128773501483E-015   0.0000000000000000     
   12.000000000000000       -2.3934715291506172E-015   0.0000000000000000     
   12.100000000000001        2.0232237132077990E-015   0.0000000000000000     
   12.200000000000001       -5.5869828136328956E-015   0.0000000000000000     
   12.300000000000001        4.7224930400246971E-015   0.0000000000000000     
   12.400000000000000       -6.0327852012306175E-015   0.0000000000000000     
   12.500000000000000        1.0060423820921433E-014   0.0000000000000000     
   12.600000000000001       -1.0728279977925252E-014   0.0000000000000000     
   12.700000000000001        1.4818350951910049E-014   0.0000000000000000     
   12.800000000000001       -1.9457689182972610E-014   0.0000000000000000     
   12.900000000000000        2.4606108659090026E-014   0.0000000000000000     
   13.000000000000000       -2.9876099657497020E-014   0.0000000000000000     
   13.100000000000001        3.7032637392806825E-014   0.0000000000000000     
   13.200000000000001       -5.0820982166275115E-014   0.0000000000000000     
   13.300000000000001        6.4080123740703774E-014   0.0000000000000000     
   13.400000000000000       -8.1599032660955463E-014   0.0000000000000000     
   13.500000000000000        1.0585924625578175E-013   0.0000000000000000     
   13.600000000000001       -1.3044361736552217E-013   0.0000000000000000     
   13.700000000000001        1.6676844352495282E-013   0.0000000000000000     
   13.800000000000001       -2.1659816740806415E-013   0.0000000000000000     
   13.900000000000000        2.7472629508990321E-013   0.0000000000000000     
   14.000000000000000       -3.4739227834103394E-013   0.0000000000000000     
   14.100000000000001        4.4101398891901394E-013   0.0000000000000000     
   14.200000000000001       -5.6250506685571639E-013   0.0000000000000000     
   14.300000000000001        7.1238912272066349E-013   0.0000000000000000     
   14.400000000000000       -9.0398058732023441E-013   0.0000000000000000     
   14.500000000000000        1.1497734787736115E-012   0.0000000000000000     
   14.600000000000001       -1.4532807524515477E-012   0.0000000000000000     
   14.700000000000001        1.8392156145077267E-012   0.0000000000000000     
   14.800000000000001       -2.3310021679281071E-012   0.0000000000000000     
   14.900000000000000        2.9449728224156286E-012   0.0000000000000000     
   15.000000000000000       -3.7190745660122198E-012   0.0000000000000000     
   15.100000000000001        4.6989015744559985E-012   0.0000000000000000     
   15.200000000000001       -5.9270715835366641E-012   0.0000000000000000     
   15.300000000000001        7.4727391152507312E-012   0.0000000000000000     
   15.400000000000000       -9.4149895529694938E-012   0.0000000000000000     
   15.500000000000000        1.1846235000149776E-011   0.0000000000000000     
   15.600000000000001       -1.4904230521834965E-011   0.0000000000000000     
   15.700000000000001        1.8730377266561215E-011   0.0000000000000000     
   15.800000000000001       -2.3516880609265550E-011   0.0000000000000000     
   15.900000000000000        2.9510706292069329E-011   0.0000000000000000     
   16.000000000000000       -3.6993266487673375E-011   0.0000000000000000     
   16.100000000000001        4.6341759692605312E-011   0.0000000000000000     
   16.199999999999999       -5.7996910127309171E-011   0.0000000000000000     
   16.300000000000001        7.2521371248714568E-011   0.0000000000000000     
   16.400000000000002       -9.0614796270859736E-011   0.0000000000000000     
   16.500000000000000        1.1310697156177329E-010   0.0000000000000000     
   16.600000000000001       -1.4106591220918196E-010   0.0000000000000000     
   16.699999999999999        1.7578048532121228E-010   0.0000000000000000     
   16.800000000000001       -2.1883225707563661E-010   0.0000000000000000     
   16.900000000000002        2.7218788578222082E-010   0.0000000000000000     
   17.000000000000000       -3.3822942257402521E-010   0.0000000000000000     
   17.100000000000001        4.1990712380235400E-010   0.0000000000000000     
   17.199999999999999       -5.2082290436137767E-010   0.0000000000000000     
   17.300000000000001        6.4536846491912914E-010   0.0000000000000000     
   17.400000000000002       -7.9893598808873846E-010   0.0000000000000000     
   17.500000000000000        9.8808345664240428E-010   0.0000000000000000     
   17.600000000000001       -1.2208158094132052E-009   0.0000000000000000     
   17.699999999999999        1.5068881620421489E-009   0.0000000000000000     
   17.800000000000001       -1.8581405405853942E-009   0.0000000000000000     
   17.900000000000002        2.2889747075918947E-009   0.0000000000000000     
   18.000000000000000       -2.8168566645949777E-009   0.0000000000000000     
   18.100000000000001        3.4629440686126640E-009   0.0000000000000000     
   18.199999999999999       -4.2528600224367234E-009   0.0000000000000000     
   18.300000000000001        5.2175555432797032E-009   0.0000000000000000     
   18.400000000000002       -6.3944021201377848E-009   0.0000000000000000     
   18.500000000000000        7.8284685483650084E-009   0.0000000000000000     
   18.600000000000001       -9.5740128085507556E-009   0.0000000000000000     
   18.699999999999999        1.1696300707794370E-008   0.0000000000000000     
   18.800000000000001       -1.4273703830412012E-008   0.0000000000000000     
   18.900000000000002        1.7400234002981634E-008   0.0000000000000000     
   19.000000000000000       -2.1188535100959392E-008   0.0000000000000000     
   19.100000000000001        2.5773334980133520E-008   0.0000000000000000     
   19.200000000000003       -3.1315615344025542E-008   0.0000000000000000     
   19.300000000000001        3.8007461224412362E-008   0.0000000000000000     
   19.400000000000002       -4.6077722755684449E-008   0.0000000000000000     
   19.500000000000000        5.5798727910401961E-008   0.0000000000000000     
   19.600000000000001       -6.7494061259676034E-008   0.0000000000000000     
   19.700000000000003        8.1547682954922612E-008   0.0000000000000000     
   19.800000000000001       -9.8414570938096440E-008   0.0000000000000000     
   19.900000000000002        1.1863306174817038E-007   0.0000000000000000     
   20.000000000000000       -1.4283924022227825E-007   0.0000000000000000     
   20.100000000000001        1.7178360129958309E-007   0.0000000000000000     
   20.200000000000003       -2.0635032589058418E-007   0.0000000000000000     
   20.300000000000001        2.4757957759224713E-007   0.0000000000000000     
   20.400000000000002       -2.9669320893041506E-007   0.0000000000000000     
   20.500000000000000        3.5512435597878632E-007   0.0000000000000000     
   20.600000000000001       -4.2455143246117543E-007   0.0000000000000000     
   20.700000000000003        5.0693712398778108E-007   0.0000000000000000     
   20.800000000000001       -6.0457302566690110E-007   0.0000000000000000     
   20.900000000000002        7.2013058504467483E-007   0.0000000000000000     
   21.000000000000000       -8.5671921194710291E-007   0.0000000000000000     
   21.100000000000001        1.0179523695063687E-006   0.0000000000000000     
   21.200000000000003       -1.2080225496029696E-006   0.0000000000000000     
   21.300000000000001        1.4317862559383852E-006   0.0000000000000000     
   21.400000000000002       -1.6948599826123103E-006   0.0000000000000000     
   21.500000000000000        2.0037284510045273E-006   0.0000000000000000     
   21.600000000000001       -2.3658663997816723E-006   0.0000000000000000     
   21.700000000000003        2.7898752137676257E-006   0.0000000000000000     
   21.800000000000001       -3.2856359088932807E-006   0.0000000000000000     
   21.900000000000002        3.8644799892703782E-006   0.0000000000000000     
   22.000000000000000       -4.5393797726534173E-006   0.0000000000000000     
   22.100000000000001        5.3251598030921862E-006   0.0000000000000000     
   22.200000000000003       -6.2387311354277661E-006   0.0000000000000000     
   22.300000000000001        7.2993501879684532E-006   0.0000000000000000     
   22.400000000000002       -8.5289039085494948E-006   0.0000000000000000     
   22.500000000000000        9.9522230571096419E-006   0.0000000000000000     
   22.600000000000001       -1.1597425201962243E-005   0.0000000000000000     
   22.700000000000003        1.3496289171582212E-005   0.0000000000000000     
   22.800000000000001       -1.5684662396217044E-005   0.0000000000000000     
   22.900000000000002        1.8202902470564600E-005   0.0000000000000000     
   23.000000000000000       -2.1096354108018210E-005   0.0000000000000000     
   23.100000000000001        2.4415862283336719E-005   0.0000000000000000     
   23.200000000000003       -2.8218322112316295E-005   0.0000000000000000     
   23.300000000000001        3.2567265468993557E-005   0.0000000000000000     
   23.400000000000002       -3.7533483998804815E-005   0.0000000000000000     
   23.500000000000000        4.3195687476937678E-005   0.0000000000000000     
   23.600000000000001       -4.9641195772320814E-005   0.0000000000000000     
   23.700000000000003        5.6966662015760797E-005   0.0000000000000000     
   23.800000000000001       -6.5278823534578850E-005   0.0000000000000000     
   23.900000000000002        7.4695276199136725E-005   0.0000000000000000     
   24.000000000000000       -8.5345266689018014E-005   0.0000000000000000     
   24.100000000000001        9.7370495964092913E-005   0.0000000000000000     
   24.200000000000003       -1.1092592590675647E-004   0.0000000000000000     
   24.300000000000001        1.2618057956646401E-004   0.0000000000000000     
   24.400000000000002       -1.4331832401049419E-004   0.0000000000000000     
   24.500000000000000        1.6253862308130692E-004   0.0000000000000000     
   24.600000000000001       -1.8405724557032105E-004   0.0000000000000000     
   24.700000000000003        2.0810691264962509E-004   0.0000000000000000     
   24.800000000000001       -2.3493786647727741E-004   0.0000000000000000     
   24.900000000000002        2.6481834004249600E-004   0.0000000000000000     
   25.000000000000000       -2.9803490653648284E-004   0.0000000000000000     
   25.100000000000001        3.3489268468491406E-004   0.0000000000000000     
   25.200000000000003       -3.7571537472281272E-004   0.0000000000000000     
   25.300000000000001        4.2084509822134906E-004   0.0000000000000000     
   25.400000000000002       -4.7064201352053345E-004   0.0000000000000000     
   25.500000000000000        5.2548367728825541E-004   0.0000000000000000     
   25.600000000000001       -5.8576412195608890E-004   0.0000000000000000     
   25.700000000000003        6.5189261821644608E-004   0.0000000000000000     
   25.800000000000001       -7.2429209169942732E-004   0.0000000000000000     
   25.900000000000002        8.0339716322287800E-004   0.0000000000000000     
   26.000000000000000       -8.8965178318020828E-004   0.0000000000000000     
   26.100000000000001        9.8350643200188965E-004   0.0000000000000000     
   26.200000000000003       -1.0854148609282395E-003   0.0000000000000000     
   26.300000000000001        1.1958303505837263E-003   0.0000000000000000     
   26.400000000000002       -1.3152014682349367E-003   0.0000000000000000     
   26.500000000000000        1.4439673097907486E-003   0.0000000000000000     
   26.600000000000001       -1.5825522179061839E-003   0.0000000000000000     
   26.700000000000003        1.7313599740853539E-003   0.0000000000000000     
   26.800000000000001       -1.8907674703878012E-003   0.0000000000000000     
   26.900000000000002        2.0611178743981857E-003   0.0000000000000000     
   27.000000000000000       -2.2427133107738111E-003   0.0000000000000000     
   27.100000000000001        2.4358070926078267E-003   0.0000000000000000     
   27.200000000000003       -2.6405955470179027E-003   0.0000000000000000     
   27.300000000000001        2.8572094909949238E-003   0.0000000000000000     
   27.400000000000002       -3.0857054256732347E-003   0.0000000000000000     
   27.500000000000000        3.3260565301864646E-003   0.0000000000000000     
   27.600000000000001       -3.5781435489260129E-003   0.0000000000000000     
   27.700000000000003        3.8417456791704579E-003   0.0000000000000000     
   27.800000000000001       -4.1165315787745462E-003   0.0000000000000000     
   27.900000000000002        4.4020506259727088E-003   0.0000000000000000     
   28.000000000000000       -4.6977245749811334E-003   0.0000000000000000     
   28.100000000000001        5.0028397615204476E-003   0.0000000000000000     
   28.200000000000003       -5.3165400216578906E-003   0.0000000000000000     
   28.300000000000001        5.6378204947262322E-003   0.0000000000000000     
   28.400000000000002       -5.9655224866039308E-003   0.0000000000000000     
   28.500000000000000        6.2983295725370422E-003   0.0000000000000000     
   28.600000000000001       -6.6347651190749989E-003   0.0000000000000000     
   28.700000000000003        6.9731914019880627E-003   0.0000000000000000     
   28.800000000000001       -7.3118104908654977E-003   0.0000000000000000     
   28.900000000000002        7.6486670618043590E-003   0.0000000000000000     
   29.000000000000000       -7.9816532859267753E-003   0.0000000000000000     
   29.100000000000001        8.3085159244833378E-003   0.0000000000000000     
   29.200000000000003       -8.6268657401032851E-003   0.0000000000000000     
   29.300000000000001        8.9341893083555619E-003   0.0000000000000000     
   29.400000000000002       -9.2278632850927404E-003   0.0000000000000000     
   29.500000000000000        9.5051711518901912E-003   0.0000000000000000     
   29.600000000000001       -9.7633224259757283E-003   0.0000000000000000     
   29.700000000000003        9.9994742815522654E-003   0.0000000000000000     
   29.800000000000001       -1.0210755487443162E-002   0.0000000000000000     
   29.900000000000002        1.0394292522214963E-002   0.0000000000000000     
   30.000000000000000       -1.0547237682190373E-002   0.0000000000000000     
   30.100000000000001        1.0666798952054498E-002   0.0000000000000000     
   30.200000000000003       -1.0750271361715788E-002   0.0000000000000000     
   30.300000000000001        1.0795069508378984E-002   0.0000000000000000     
   30.400000000000002       -1.0798760880182716E-002   0.0000000000000000     
   30.500000000000000        1.0759099577967982E-002   0.0000000000000000     
   30.600000000000001       -1.0674059996409253E-002   0.0000000000000000     
   30.700000000000003        1.0541869995155585E-002   0.0000000000000000     
   30.800000000000001       -1.0361043066224642E-002   0.0000000000000000     
   30.900000000000002        1.0130408986735263E-002   0.0000000000000000     
   31.000000000000000       -9.8491424363778661E-003   0.0000000000000000     
   31.100000000000001        9.5167890583472674E-003   0.0000000000000000     
   31.200000000000003       -9.1332884506969067E-003   0.0000000000000000     
   31.300000000000001        8.6989935933170105E-003   0.0000000000000000     
   31.400000000000002       -8.2146862437727543E-003   0.0000000000000000     
   31.500000000000000        7.6815878733574499E-003   0.0000000000000000     
   31.600000000000001       -7.1013657630216139E-003   0.0000000000000000     
   31.700000000000003        6.4761339363618381E-003   0.0000000000000000     
   31.800000000000001       -5.8084486738033706E-003   0.0000000000000000     
   31.900000000000002        5.1012984269675054E-003   0.0000000000000000     
   32.000000000000000       -4.3580880344145246E-003   0.0000000000000000     
   32.100000000000001        3.5826172279180548E-003   0.0000000000000000     
   32.200000000000003       -2.7790535109370362E-003   0.0000000000000000     
   32.300000000000004        1.9518995861596412E-003   0.0000000000000000     
   32.399999999999999       -1.1059556052640306E-003   0.0000000000000000     
   32.500000000000000        2.4627660929899930E-004   0.0000000000000000     
   32.600000000000001        6.2187437933650818E-004   0.0000000000000000     
   32.700000000000003       -1.4930770649827182E-003   0.0000000000000000     
   32.800000000000004        2.3618077577120095E-003   0.0000000000000000     
   32.899999999999999       -3.2224957222770339E-003   0.0000000000000000     
   33.000000000000000        4.0695812349217141E-003   0.0000000000000000     
   33.100000000000001       -4.8975745367753161E-003   0.0000000000000000     
   33.200000000000003        5.7011148374819668E-003   0.0000000000000000     
   33.300000000000004       -6.4750285020714754E-003   0.0000000000000000     
   33.399999999999999        7.2143855494272288E-003   0.0000000000000000     
   33.500000000000000       -7.9145536022390654E-003   0.0000000000000000     
   33.600000000000001        8.5712484562562204E-003   0.0000000000000000     
   33.700000000000003       -9.1805804809834603E-003   0.0000000000000000     
   33.800000000000004        9.7390961237531892E-003   0.0000000000000000     
   33.899999999999999       -1.0243813864159693E-002   0.0000000000000000     
   34.000000000000000        1.0692254053826344E-002   0.0000000000000000     
   34.100000000000001       -1.1082462176603559E-002   0.0000000000000000     
   34.200000000000003        1.1413025174583756E-002   0.0000000000000000     
   34.300000000000004       -1.1683080602734793E-002   0.0000000000000000     
   34.399999999999999        1.1892318498303741E-002   0.0000000000000000     
   34.500000000000000       -1.2040975976772093E-002   0.0000000000000000     
   34.600000000000001        1.2129824692136278E-002   0.0000000000000000     
   34.700000000000003       -1.2160151422461496E-002   0.0000000000000000     
   34.800000000000004        1.2133732159677908E-002   0.0000000000000000     
   34.899999999999999       -1.2052800192764775E-002   0.0000000000000000     
   35.000000000000000        1.1920008773294735E-002   0.0000000000000000     
   35.100000000000001       -1.1738389040112736E-002   0.0000000000000000     
   35.200000000000003        1.1511303953201775E-002   0.0000000000000000     
   35.300000000000004       -1.1242399044617706E-002   0.0000000000000000     
   35.399999999999999        1.0935550835300397E-002   0.0000000000000000     
   35.500000000000000       -1.0594813790064580E-002   0.0000000000000000     
   35.600000000000001        1.0224366688572023E-002   0.0000000000000000     
   35.700000000000003       -9.8284592781219590E-003   0.0000000000000000     
   35.800000000000004        9.4113600450039803E-003   0.0000000000000000     
   35.899999999999999       -8.9773058957568225E-003   0.0000000000000000     
   36.000000000000000        8.5304544797647625E-003   0.0000000000000000     
   36.100000000000001       -8.0748398113850983E-003   0.0000000000000000     
   36.200000000000003        7.6143317657490677E-003   0.0000000000000000     
   36.300000000000004       -7.1525999289163058E-003   0.0000000000000000     
   36.399999999999999        6.6930821836693657E-003   0.0000000000000000     
   36.500000000000000       -6.2389583082526371E-003   0.0000000000000000     
   36.600000000000001        5.7931287600330407E-003   0.0000000000000000     
   36.700000000000003       -5.3581987115882178E-003   0.0000000000000000     
   36.800000000000004        4.9364673053467660E-003   0.0000000000000000     
   36.899999999999999       -4.5299219972014778E-003   0.0000000000000000     
   37.000000000000000        4.1402377708716562E-003   0.0000000000000000     
   37.100000000000001       -3.7687809255584261E-003   0.0000000000000000     
   37.200000000000003        3.4166170705348413E-003   0.0000000000000000     
   37.300000000000004       -3.0845229030809487E-003   0.0000000000000000     
   37.399999999999999        2.7730013012540831E-003   0.0000000000000000     
   37.500000000000000       -2.4822992307534371E-003   0.0000000000000000     
   37.600000000000001        2.2124279458079644E-003   0.0000000000000000     
   37.700000000000003       -1.9631849568457829E-003   0.0000000000000000     
   37.800000000000004        1.7341772428324275E-003   0.0000000000000000     
   37.899999999999999       -1.5248452018516280E-003   0.0000000000000000     
   38.000000000000000        1.3344868593742915E-003   0.0000000000000000     
   38.100000000000001       -1.1622818880934014E-003   0.0000000000000000     
   38.200000000000003        1.0073150345304056E-003   0.0000000000000000     
   38.300000000000004       -8.6859859500955665E-004   0.0000000000000000     
   38.400000000000006        7.4509363457298948E-004   0.0000000000000000     
   38.500000000000000       -6.3572969625959124E-004   0.0000000000000000     
   38.600000000000001        5.3942280258569052E-004   0.0000000000000000     
   38.700000000000003       -4.5509160547517881E-004   0.0000000000000000     
   38.800000000000004        3.8167159296046788E-004   0.0000000000000000     
   38.900000000000006       -3.1812731063964104E-004   0.0000000000000000     
   39.000000000000000        2.6346260134911770E-004   0.0000000000000000     
   39.100000000000001       -2.1672890719516438E-004   0.0000000000000000     
   39.200000000000003        1.7703171391613440E-004   0.0000000000000000     
   39.300000000000004       -1.4353524727322902E-004   0.0000000000000000     
   39.400000000000006        1.1546555528963022E-004   0.0000000000000000     
   39.500000000000000       -9.2112128307893541E-005   0.0000000000000000     
   39.600000000000001        7.2828221454220468E-005   0.0000000000000000     
   39.700000000000003       -5.7030051038719733E-005   0.0000000000000000     
   39.800000000000004        4.4195038623309059E-005   0.0000000000000000     
   39.900000000000006       -3.3859274145294670E-005   0.0000000000000000     
   40.000000000000000        2.5614363133273948E-005   0.0000000000000000     
   40.100000000000001       -1.9103813874997320E-005   0.0000000000000000     
   40.200000000000003        1.4019107971109513E-005   0.0000000000000000     
   40.300000000000004       -1.0095584139240204E-005   0.0000000000000000     
   40.400000000000006        7.1082495621706288E-006   0.0000000000000000     
   40.500000000000000       -4.8676173954608642E-006   0.0000000000000000     
   40.600000000000001        3.2156526579069983E-006   0.0000000000000000     
   40.700000000000003       -2.0218931289243761E-006   0.0000000000000000     
   40.800000000000004        1.1797966684616644E-006   0.0000000000000000     
   40.900000000000006       -6.0335229851746099E-007   0.0000000000000000     
   41.000000000000000        2.2397964086846374E-007   0.0000000000000000     
   41.100000000000001        1.2270169467618602E-008   0.0000000000000000     
   41.200000000000003       -1.4720856824734434E-007   0.0000000000000000     
   41.300000000000004        2.1270356044056904E-007   0.0000000000000000     
   41.400000000000006       -2.3258502892782709E-007   0.0000000000000000     
   41.500000000000000        2.2427788288941047E-007   0.0000000000000000     
   41.600000000000001       -2.0018342070666818E-007   0.0000000000000000     
   41.700000000000003        1.6883158116608368E-007   0.0000000000000000     
   41.800000000000004       -1.3582819528371298E-007   0.0000000000000000     
   41.900000000000006        1.0462165608339915E-007   0.0000000000000000     
   42.000000000000000       -7.7113077344743215E-008   0.0000000000000000     
   42.100000000000001        5.4132843594317278E-008   0.0000000000000000     
   42.200000000000003       -3.5805127061036889E-008   0.0000000000000000     
   42.300000000000004        2.1819877049115136E-008   0.0000000000000000     
   42.400000000000006       -1.1629920664158425E-008   0.0000000000000000     
   42.500000000000000        4.5885796809075008E-009   0.0000000000000000     
   42.600000000000001       -4.1089922519662304E-011   0.0000000000000000     
   42.700000000000003       -2.6189104994398579E-009   0.0000000000000000     
   42.800000000000004        3.9186034093041775E-009   0.0000000000000000     
   42.900000000000006       -4.2932970439846677E-009   0.0000000000000000     
   43.000000000000000        4.0859851664401100E-009   0.0000000000000000     
   43.100000000000001       -3.5544247018874215E-009   0.0000000000000000     
   43.200000000000003        2.8824877811277318E-009   0.0000000000000000     
   43.300000000000004       -2.1931750245671076E-009   0.0000000000000000     
   43.400000000000006        1.5616893545155972E-009   0.0000000000000000     
   43.500000000000000       -1.0275478341150017E-009   0.0000000000000000     
   43.600000000000001        6.0503586677406987E-010   0.0000000000000000     
   43.700000000000003       -2.9185801397343232E-010   0.0000000000000000     
   43.800000000000004        7.5872959226394953E-011   0.0000000000000000     
   43.900000000000006        5.9867012524513924E-011   0.0000000000000000     
   44.000000000000000       -1.3359941035390206E-010   0.0000000000000000     
   44.100000000000001        1.6257943440985359E-010   0.0000000000000000     
   44.200000000000003       -1.6176992598631086E-010   0.0000000000000000     
   44.300000000000004        1.4326036182978158E-010   0.0000000000000000     
   44.400000000000006       -1.1618399354528674E-010   0.0000000000000000     
   44.500000000000000        8.6944585490766092E-011   0.0000000000000000     
   44.600000000000001       -5.9642908555517244E-011   0.0000000000000000     
   44.700000000000003        3.6539717280558592E-011   0.0000000000000000     
   44.800000000000004       -1.8543759209499210E-011   0.0000000000000000     
   44.900000000000006        5.6563497355482072E-012   0.0000000000000000     
   45.000000000000000        2.6972956965156751E-012   0.0000000000000000     
   45.100000000000001       -7.3574447797572903E-012   0.0000000000000000     
   45.200000000000003        9.2670478498030673E-012   0.0000000000000000     
   45.300000000000004       -9.2886564119173616E-012   0.0000000000000000     
   45.400000000000006        8.1773911597693625E-012   0.0000000000000000     
   45.500000000000000       -6.5080411428303608E-012   0.0000000000000000     
   45.600000000000001        4.7071512795638439E-012   0.0000000000000000     
   45.700000000000003       -3.0453222728205401E-012   0.0000000000000000     
   45.800000000000004        1.6640988047442359E-012   0.0000000000000000     
   45.900000000000006       -6.2313521843849923E-013   0.0000000000000000     
   46.000000000000000       -7.9380736511398625E-014   0.0000000000000000     
   46.100000000000001        4.9066486456445836E-013   0.0000000000000000     
   46.200000000000003       -6.7713482019386034E-013   0.0000000000000000     
   46.300000000000004        7.0138453417198207E-013   0.0000000000000000     
   46.400000000000006       -6.2767905714005257E-013   0.0000000000000000     
   46.500000000000000        4.9248395102417925E-013   0.0000000000000000     
   46.600000000000001       -3.5287641990546035E-013   0.0000000000000000     
   46.700000000000003        2.2011536833871948E-013   0.0000000000000000     
   46.800000000000004       -1.1007738708926328E-013   0.0000000000000000     
   46.900000000000006        2.4530982230350174E-014   0.0000000000000000     
   47.000000000000000        2.8055236835277107E-014   0.0000000000000000     
   47.100000000000001       -5.2580993599422900E-014   0.0000000000000000     
   47.200000000000003        6.3407928481896269E-014   0.0000000000000000     
   47.300000000000004       -5.9544819809655772E-014   0.0000000000000000     
   47.400000000000006        5.4164598836185143E-014   0.0000000000000000     
   47.500000000000000       -3.5667198705936693E-014   0.0000000000000000     
   47.600000000000001        2.3094414104683057E-014   0.0000000000000000     
   47.700000000000003       -1.2055596303761119E-014   0.0000000000000000     
   47.800000000000004        1.6454053568796255E-015   0.0000000000000000     
   47.900000000000006        2.7433616898256367E-015   0.0000000000000000     
   48.000000000000000       -4.4439301574218318E-015   0.0000000000000000     
   48.100000000000001        7.1125004863750865E-015   0.0000000000000000     
   48.200000000000003       -7.5042114987131977E-015   0.0000000000000000     
   48.300000000000004        8.2525194161115677E-015   0.0000000000000000     
   48.400000000000006       -4.6469272409518211E-015   0.0000000000000000     
   48.500000000000000        5.2780379153120659E-015   0.0000000000000000     
   48.600000000000001       -3.5153749774431595E-015   0.0000000000000000     
   48.700000000000003        5.0983592893246566E-015   0.0000000000000000     
   48.800000000000004       -2.3301770561802586E-015   0.0000000000000000     
   48.900000000000006        4.3594252273527769E-015   0.0000000000000000     
   49.000000000000000       -5.0103622939509420E-015   0.0000000000000000     
   49.100000000000001        2.4208291915039591E-015   0.0000000000000000     
   49.200000000000003       -3.7859841610709655E-015   0.0000000000000000     
   49.300000000000004        3.7770921392474800E-015   0.0000000000000000     
   49.400000000000006       -4.2415323123855577E-015   0.0000000000000000     
   49.500000000000000        1.4489343169726905E-015   0.0000000000000000     
   49.600000000000001       -4.3990194082020230E-015   0.0000000000000000     
   49.700000000000003        1.8267049914219993E-015   0.0000000000000000     
   49.800000000000004       -2.0632664656702777E-015   0.0000000000000000     
   49.900000000000006        5.0654071924799070E-054   0.0000000000000000     
