   0.0000000000000000        2.9949315396523467E-016   0.0000000000000000     
  0.10000000000000001        8.8393789359637201E-016   0.0000000000000000     
  0.20000000000000001        6.8190152829760554E-016   0.0000000000000000     
  0.30000000000000004        1.5372817757362465E-015   0.0000000000000000     
  0.40000000000000002       -3.5575826008884517E-016   0.0000000000000000     
  0.50000000000000000        5.7902680672862543E-016   0.0000000000000000     
  0.60000000000000009       -2.2313587895064877E-015   0.0000000000000000     
  0.70000000000000007        5.7074836356007183E-016   0.0000000000000000     
  0.80000000000000004       -1.0537007246201367E-015   0.0000000000000000     
  0.90000000000000002        3.3042897474369972E-015   0.0000000000000000     
   1.0000000000000000       -3.1204208946092253E-015   0.0000000000000000     
   1.1000000000000001        4.2738197946865648E-015   0.0000000000000000     
   1.2000000000000002       -6.0427382673044035E-015   0.0000000000000000     
   1.3000000000000000        7.0210975642134852E-015   0.0000000000000000     
   1.4000000000000001       -7.9970392948147735E-015   0.0000000000000000     
   1.5000000000000000        1.0642954711125456E-014   0.0000000000000000     
   1.6000000000000001       -1.4780403386401879E-014   0.0000000000000000     
   1.7000000000000002        1.8780638710536795E-014   0.0000000000000000     
   1.8000000000000000       -2.4885612471280149E-014   0.0000000000000000     
   1.9000000000000001        3.0995847485706977E-014   0.0000000000000000     
   2.0000000000000000       -3.9178822409200732E-014   0.0000000000000000     
   2.1000000000000001        5.2133406155724494E-014   0.0000000000000000     
   2.2000000000000002       -6.4077877488257721E-014   0.0000000000000000     
   2.3000000000000003        8.2722769685916715E-014   0.0000000000000000     
   2.4000000000000004       -1.0899333208931072E-013   0.0000000000000000     
   2.5000000000000000        1.3617254228791552E-013   0.0000000000000000     
   2.6000000000000001       -1.7707334329464069E-013   0.0000000000000000     
   2.7000000000000002        2.2771291706902356E-013   0.0000000000000000     
   2.8000000000000003       -2.8574065312218810E-013   0.0000000000000000     
   2.9000000000000004        3.6814486523112214E-013   0.0000000000000000     
   3.0000000000000000       -4.7077229514570869E-013   0.0000000000000000     
   3.1000000000000001        6.0013400759308946E-013   0.0000000000000000     
   3.2000000000000002       -7.6988057409526492E-013   0.0000000000000000     
   3.3000000000000003        9.7715701350340173E-013   0.0000000000000000     
   3.4000000000000004       -1.2452161613029748E-012   0.0000000000000000     
   3.5000000000000000        1.5903161267243527E-012   0.0000000000000000     
   3.6000000000000001       -2.0201728273617407E-012   0.0000000000000000     
   3.7000000000000002        2.5711898870993869E-012   0.0000000000000000     
   3.8000000000000003       -3.2700774385151165E-012   0.0000000000000000     
   3.9000000000000004        4.1522419286768937E-012   0.0000000000000000     
   4.0000000000000000       -5.2738691071758297E-012   0.0000000000000000     
   4.1000000000000005        6.6873860704317222E-012   0.0000000000000000     
   4.2000000000000002       -8.4765659259051878E-012   0.0000000000000000     
   4.2999999999999998        1.0740911655333146E-011   0.0000000000000000     
   4.4000000000000004       -1.3593027160709035E-011   0.0000000000000000     
   4.5000000000000000        1.7192632983860733E-011   0.0000000000000000     
   4.6000000000000005       -2.1727671735049858E-011   0.0000000000000000     
   4.7000000000000002        2.7434486958036088E-011   0.0000000000000000     
   4.8000000000000007       -3.4616931563589175E-011   0.0000000000000000     
   4.9000000000000004        4.3641268007221195E-011   0.0000000000000000     
   5.0000000000000000       -5.4972026036694247E-011   0.0000000000000000     
   5.1000000000000005        6.9184986433491958E-011   0.0000000000000000     
   5.2000000000000002       -8.6996527926750115E-011   0.0000000000000000     
   5.3000000000000007        1.0930197432211014E-010   0.0000000000000000     
   5.4000000000000004       -1.3719879892069795E-010   0.0000000000000000     
   5.5000000000000000        1.7206013996244135E-010   0.0000000000000000     
   5.6000000000000005       -2.1558693252709990E-010   0.0000000000000000     
   5.7000000000000002        2.6987143085001507E-010   0.0000000000000000     
   5.8000000000000007       -3.3750899281176640E-010   0.0000000000000000     
   5.9000000000000004        4.2169220908303781E-010   0.0000000000000000     
   6.0000000000000000       -5.2636456267880940E-010   0.0000000000000000     
   6.1000000000000005        6.5638732450426437E-010   0.0000000000000000     
   6.2000000000000002       -8.1771399689131412E-010   0.0000000000000000     
   6.3000000000000007        1.0176738424751444E-009   0.0000000000000000     
   6.4000000000000004       -1.2652592895522856E-009   0.0000000000000000     
   6.5000000000000000        1.5714687852206312E-009   0.0000000000000000     
   6.6000000000000005       -1.9497764943517101E-009   0.0000000000000000     
   6.7000000000000002        2.4166369856758597E-009   0.0000000000000000     
   6.8000000000000007       -2.9921287649983083E-009   0.0000000000000000     
   6.9000000000000004        3.7007354646938085E-009   0.0000000000000000     
   7.0000000000000000       -4.5722455185821087E-009   0.0000000000000000     
   7.1000000000000005        5.6428756914992805E-009   0.0000000000000000     
   7.2000000000000002       -6.9565888634663485E-009   0.0000000000000000     
   7.3000000000000007        8.5666802563039068E-009   0.0000000000000000     
   7.4000000000000004       -1.0537689740238266E-008   0.0000000000000000     
   7.5000000000000000        1.2947632683683244E-008   0.0000000000000000     
   7.6000000000000005       -1.5890706266191230E-008   0.0000000000000000     
   7.7000000000000002        1.9480484656781024E-008   0.0000000000000000     
   7.8000000000000007       -2.3853703399215142E-008   0.0000000000000000     
   7.9000000000000004        2.9174778391293213E-008   0.0000000000000000     
   8.0000000000000000       -3.5641080291054570E-008   0.0000000000000000     
   8.0999999999999996        4.3489216744702674E-008   0.0000000000000000     
   8.2000000000000011       -5.3002449687691526E-008   0.0000000000000000     
   8.3000000000000007        6.4519344954702284E-008   0.0000000000000000     
   8.4000000000000004       -7.8443995885356840E-008   0.0000000000000000     
   8.5000000000000000        9.5257985419123063E-008   0.0000000000000000     
   8.5999999999999996       -1.1553435928014212E-007   0.0000000000000000     
   8.7000000000000011        1.3995397448965076E-007   0.0000000000000000     
   8.8000000000000007       -1.6932450994735972E-007   0.0000000000000000     
   8.9000000000000004        2.0460262629754908E-007   0.0000000000000000     
   9.0000000000000000       -2.4691965899174722E-007   0.0000000000000000     
   9.0999999999999996        2.9761135809183879E-007   0.0000000000000000     
   9.2000000000000011       -3.5825234133717792E-007   0.0000000000000000     
   9.3000000000000007        4.3069578879371321E-007   0.0000000000000000     
   9.4000000000000004       -5.1711915619414707E-007   0.0000000000000000     
   9.5000000000000000        6.2007671433120261E-007   0.0000000000000000     
   9.6000000000000014       -7.4255975320840844E-007   0.0000000000000000     
   9.7000000000000011        8.8806547819936873E-007   0.0000000000000000     
   9.8000000000000007       -1.0606756067480424E-006   0.0000000000000000     
   9.9000000000000004        1.2651459022860037E-006   0.0000000000000000     
   10.000000000000000       -1.5070078810494699E-006   0.0000000000000000     
   10.100000000000001        1.7926840283153742E-006   0.0000000000000000     
   10.200000000000001       -2.1296181377369101E-006   0.0000000000000000     
   10.300000000000001        2.5264222360920041E-006   0.0000000000000000     
   10.400000000000000       -2.9930418541099592E-006   0.0000000000000000     
   10.500000000000000        3.5409415011024761E-006   0.0000000000000000     
   10.600000000000001       -4.1833120783274217E-006   0.0000000000000000     
   10.700000000000001        4.9353023887089206E-006   0.0000000000000000     
   10.800000000000001       -5.8142767041839397E-006   0.0000000000000000     
   10.900000000000000        6.8401003893554756E-006   0.0000000000000000     
   11.000000000000000       -8.0354558942082556E-006   0.0000000000000000     
   11.100000000000001        9.4261910599188803E-006   0.0000000000000000     
   11.200000000000001       -1.1041701821518283E-005   0.0000000000000000     
   11.300000000000001        1.2915351372196551E-005   0.0000000000000000     
   11.400000000000000       -1.5084927498853507E-005   0.0000000000000000     
   11.500000000000000        1.7593139829030905E-005   0.0000000000000000     
   11.600000000000001       -2.0488158338987251E-005   0.0000000000000000     
   11.700000000000001        2.3824194105690814E-005   0.0000000000000000     
   11.800000000000001       -2.7662123018280018E-005   0.0000000000000000     
   11.900000000000000        3.2070152484448458E-005   0.0000000000000000     
   12.000000000000000       -3.7124530604628539E-005   0.0000000000000000     
   12.100000000000001        4.2910296627662409E-005   0.0000000000000000     
   12.200000000000001       -4.9522070556860326E-005   0.0000000000000000     
   12.300000000000001        5.7064878805056078E-005   0.0000000000000000     
   12.400000000000000       -6.5655011764797382E-005   0.0000000000000000     
   12.500000000000000        7.5420907875283516E-005   0.0000000000000000     
   12.600000000000001       -8.6504057319139626E-005   0.0000000000000000     
   12.700000000000001        9.9059917059830406E-005   0.0000000000000000     
   12.800000000000001       -1.1325882720072065E-004   0.0000000000000000     
   12.900000000000000        1.2928691686303463E-004   0.0000000000000000     
   13.000000000000000       -1.4734698589040504E-004   0.0000000000000000     
   13.100000000000001        1.6765934656788584E-004   0.0000000000000000     
   13.200000000000001       -1.9046260757676794E-004   0.0000000000000000     
   13.300000000000001        2.1601438009289940E-004   0.0000000000000000     
   13.400000000000000       -2.4459188370368098E-004   0.0000000000000000     
   13.500000000000000        2.7649242777350546E-004   0.0000000000000000     
   13.600000000000001       -3.1203374145571017E-004   0.0000000000000000     
   13.700000000000001        3.5155412361921828E-004   0.0000000000000000     
   13.800000000000001       -3.9541238202986189E-004   0.0000000000000000     
   13.900000000000000        4.4398752914893188E-004   0.0000000000000000     
   14.000000000000000       -4.9767820072599517E-004   0.0000000000000000     
   14.100000000000001        5.5690176207015031E-004   0.0000000000000000     
   14.200000000000001       -6.2209306606307254E-004   0.0000000000000000     
   14.300000000000001        6.9370282701940221E-004   0.0000000000000000     
   14.400000000000000       -7.7219557464272830E-004   0.0000000000000000     
   14.500000000000000        8.5804715337886096E-004   0.0000000000000000     
   14.600000000000001       -9.5174173441268158E-004   0.0000000000000000     
   14.700000000000001        1.0537683099859001E-003   0.0000000000000000     
   14.800000000000001       -1.1646166432971810E-003   0.0000000000000000     
   14.900000000000000        1.2847726518254638E-003   0.0000000000000000     
   15.000000000000000       -1.4147132073483025E-003   0.0000000000000000     
   15.100000000000001        1.5549003426362153E-003   0.0000000000000000     
   15.200000000000001       -1.7057748625588388E-003   0.0000000000000000     
   15.300000000000001        1.8677493660756847E-003   0.0000000000000000     
   15.400000000000000       -2.0412006957593555E-003   0.0000000000000000     
   15.500000000000000        2.2264618425014704E-003   0.0000000000000000     
   15.600000000000001       -2.4238133449780192E-003   0.0000000000000000     
   15.700000000000001        2.6334742366903997E-003   0.0000000000000000     
   15.800000000000001       -2.8555926070899557E-003   0.0000000000000000     
   15.900000000000000        3.0902358576156081E-003   0.0000000000000000     
   16.000000000000000       -3.3373807485202718E-003   0.0000000000000000     
   16.100000000000001        3.5969033473141664E-003   0.0000000000000000     
   16.199999999999999       -3.8685690046433869E-003   0.0000000000000000     
   16.300000000000001        4.1520224981115642E-003   0.0000000000000000     
   16.400000000000002       -4.4467784984668565E-003   0.0000000000000000     
   16.500000000000000        4.7522125254729087E-003   0.0000000000000000     
   16.600000000000001       -5.0675525722200547E-003   0.0000000000000000     
   16.699999999999999        5.3918715863140810E-003   0.0000000000000000     
   16.800000000000001       -5.7240810037337353E-003   0.0000000000000000     
   16.900000000000002        6.0629255359810688E-003   0.0000000000000000     
   17.000000000000000       -6.4069794128989331E-003   0.0000000000000000     
   17.100000000000001        6.7546442818138749E-003   0.0000000000000000     
   17.199999999999999       -7.1041489584217805E-003   0.0000000000000000     
   17.300000000000001        7.4535512153086096E-003   0.0000000000000000     
   17.400000000000002       -7.8007417803287616E-003   0.0000000000000000     
   17.500000000000000        8.1434506989720955E-003   0.0000000000000000     
   17.600000000000001       -8.4792561919877080E-003   0.0000000000000000     
   17.699999999999999        8.8055961124150345E-003   0.0000000000000000     
   17.800000000000001       -9.1197820742650801E-003   0.0000000000000000     
   17.900000000000002        9.4190162889799343E-003   0.0000000000000000     
   18.000000000000000       -9.7004111059337105E-003   0.0000000000000000     
   18.100000000000001        9.9610112093511862E-003   0.0000000000000000     
   18.199999999999999       -1.0197818377476905E-002   0.0000000000000000     
   18.300000000000001        1.0407818660880967E-002   0.0000000000000000     
   18.400000000000002       -1.0588011785945836E-002   0.0000000000000000     
   18.500000000000000        1.0735442538402867E-002   0.0000000000000000     
   18.600000000000001       -1.0847233830627178E-002   0.0000000000000000     
   18.699999999999999        1.0920621106551493E-002   0.0000000000000000     
   18.800000000000001       -1.0952987690751941E-002   0.0000000000000000     
   18.900000000000002        1.0941900644266844E-002   0.0000000000000000     
   19.000000000000000       -1.0885146650660591E-002   0.0000000000000000     
   19.100000000000001        1.0780767422553282E-002   0.0000000000000000     
   19.200000000000003       -1.0627094092435644E-002   0.0000000000000000     
   19.300000000000001        1.0422780033358760E-002   0.0000000000000000     
   19.400000000000002       -1.0166831545636352E-002   0.0000000000000000     
   19.500000000000000        9.8586358460803387E-003   0.0000000000000000     
   19.600000000000001       -9.4979858070361120E-003   0.0000000000000000     
   19.700000000000003        9.0851009139751391E-003   0.0000000000000000     
   19.800000000000001       -8.6206439431569994E-003   0.0000000000000000     
   19.900000000000002        8.1057329044956078E-003   0.0000000000000000     
   20.000000000000000       -7.5419478492951353E-003   0.0000000000000000     
   20.100000000000001        6.9313322075264267E-003   0.0000000000000000     
   20.200000000000003       -6.2763883936279531E-003   0.0000000000000000     
   20.300000000000001        5.5800675028956854E-003   0.0000000000000000     
   20.400000000000002       -4.8457530108395545E-003   0.0000000000000000     
   20.500000000000000        4.0772384837951250E-003   0.0000000000000000     
   20.600000000000001       -3.2786994093615268E-003   0.0000000000000000     
   20.700000000000003        2.4546593574081479E-003   0.0000000000000000     
   20.800000000000001       -1.6099507847631912E-003   0.0000000000000000     
   20.900000000000002        7.4967089728212438E-004   0.0000000000000000     
   21.000000000000000        1.2086692091385313E-004   0.0000000000000000     
   21.100000000000001       -9.9618551120903573E-004   0.0000000000000000     
   21.200000000000003        1.8706994959207116E-003   0.0000000000000000     
   21.300000000000001       -2.7387732330525706E-003   0.0000000000000000     
   21.400000000000002        3.5947803590954132E-003   0.0000000000000000     
   21.500000000000000       -4.4331640637305016E-003   0.0000000000000000     
   21.600000000000001        5.2484972104641517E-003   0.0000000000000000     
   21.700000000000003       -6.0355414036737994E-003   0.0000000000000000     
   21.800000000000001        6.7893041059393731E-003   0.0000000000000000     
   21.900000000000002       -7.5050929299821803E-003   0.0000000000000000     
   22.000000000000000        8.1785662673272801E-003   0.0000000000000000     
   22.100000000000001       -8.8057794699613386E-003   0.0000000000000000     
   22.200000000000003        9.3832258713117175E-003   0.0000000000000000     
   22.300000000000001       -9.9078720174596742E-003   0.0000000000000000     
   22.400000000000002        1.0377186576554663E-002   0.0000000000000000     
   22.500000000000000       -1.0789162502828048E-002   0.0000000000000000     
   22.600000000000001        1.1142332148349128E-002   0.0000000000000000     
   22.700000000000003       -1.1435775138497027E-002   0.0000000000000000     
   22.800000000000001        1.1669118953973585E-002   0.0000000000000000     
   22.900000000000002       -1.1842532289317136E-002   0.0000000000000000     
   23.000000000000000        1.1956711383395564E-002   0.0000000000000000     
   23.100000000000001       -1.2012859638257057E-002   0.0000000000000000     
   23.200000000000003        1.2012660956052124E-002   0.0000000000000000     
   23.300000000000001       -1.1958247327881328E-002   0.0000000000000000     
   23.400000000000002        1.1852161300262627E-002   0.0000000000000000     
   23.500000000000000       -1.1697314023155698E-002   0.0000000000000000     
   23.600000000000001        1.1496939646692388E-002   0.0000000000000000     
   23.700000000000003       -1.1254546880027843E-002   0.0000000000000000     
   23.800000000000001        1.0973868555280972E-002   0.0000000000000000     
   23.900000000000002       -1.0658810051375586E-002   0.0000000000000000     
   24.000000000000000        1.0313397426896581E-002   0.0000000000000000     
   24.100000000000001       -9.9417260889316465E-003   0.0000000000000000     
   24.200000000000003        9.5479107863332066E-003   0.0000000000000000     
   24.300000000000001       -9.1360376629313692E-003   0.0000000000000000     
   24.400000000000002        8.7101190403553637E-003   0.0000000000000000     
   24.500000000000000       -8.2740515228292271E-003   0.0000000000000000     
   24.600000000000001        7.8315779303650534E-003   0.0000000000000000     
   24.700000000000003       -7.3862534738654510E-003   0.0000000000000000     
   24.800000000000001        6.9414164883877250E-003   0.0000000000000000     
   24.900000000000002       -6.5001639416257225E-003   0.0000000000000000     
   25.000000000000000        6.0653318356798632E-003   0.0000000000000000     
   25.100000000000001       -5.6394805239007939E-003   0.0000000000000000     
   25.200000000000003        5.2248848727499955E-003   0.0000000000000000     
   25.300000000000001       -4.8235291134518660E-003   0.0000000000000000     
   25.400000000000002        4.4371061510276684E-003   0.0000000000000000     
   25.500000000000000       -4.0670210305311007E-003   0.0000000000000000     
   25.600000000000001        3.7143982031853590E-003   0.0000000000000000     
   25.700000000000003       -3.3800921887841484E-003   0.0000000000000000     
   25.800000000000001        3.0647011962937733E-003   0.0000000000000000     
   25.900000000000002       -2.7685832415940636E-003   0.0000000000000000     
   26.000000000000000        2.4918742894798345E-003   0.0000000000000000     
   26.100000000000001       -2.2345079465258275E-003   0.0000000000000000     
   26.200000000000003        1.9962362405294338E-003   0.0000000000000000     
   26.300000000000001       -1.7766510407504202E-003   0.0000000000000000     
   26.400000000000002        1.5752056997071899E-003   0.0000000000000000     
   26.500000000000000       -1.3912365303221984E-003   0.0000000000000000     
   26.600000000000001        1.2239837710445517E-003   0.0000000000000000     
   26.700000000000003       -1.0726117341274398E-003   0.0000000000000000     
   26.800000000000001        9.3622787762000605E-004   0.0000000000000000     
   26.900000000000002       -8.1390058845944285E-004   0.0000000000000000     
   27.000000000000000        7.0467551076871875E-004   0.0000000000000000     
   27.100000000000001       -6.0759029941978061E-004   0.0000000000000000     
   27.200000000000003        5.2168772265074475E-004   0.0000000000000000     
   27.300000000000001       -4.4602707842376124E-004   0.0000000000000000     
   27.400000000000002        3.7969392660655116E-004   0.0000000000000000     
   27.500000000000000       -3.2180817216137623E-004   0.0000000000000000     
   27.600000000000001        2.7153056319941606E-004   0.0000000000000000     
   27.700000000000003       -2.2806769174372606E-004   0.0000000000000000     
   27.800000000000001        1.9067560421820706E-004   0.0000000000000000     
   27.900000000000002       -1.5866214307287444E-004   0.0000000000000000     
   28.000000000000000        1.3138815090576883E-004   0.0000000000000000     
   28.100000000000001       -1.0826767416971082E-004   0.0000000000000000     
   28.200000000000003        8.8767305358560566E-005   0.0000000000000000     
   28.300000000000001       -7.2404801005701309E-005   0.0000000000000000     
   28.400000000000002        5.8747108307016898E-005   0.0000000000000000     
   28.500000000000000       -4.7407926235762861E-005   0.0000000000000000     
   28.600000000000001        3.8044918128386154E-005   0.0000000000000000     
   28.700000000000003       -3.0356682341499691E-005   0.0000000000000000     
   28.800000000000001        2.4079576302073911E-005   0.0000000000000000     
   28.900000000000002       -1.8984477432869379E-005   0.0000000000000000     
   29.000000000000000        1.4873552328118834E-005   0.0000000000000000     
   29.100000000000001       -1.1577093788840329E-005   0.0000000000000000     
   29.200000000000003        8.9504739361672420E-006   0.0000000000000000     
   29.300000000000001       -6.8712508638767315E-006   0.0000000000000000     
   29.400000000000002        5.2364565603085459E-006   0.0000000000000000     
   29.500000000000000       -3.9600849041616265E-006   0.0000000000000000     
   29.600000000000001        2.9707907994376642E-006   0.0000000000000000     
   29.700000000000003       -2.2098048215488376E-006   0.0000000000000000     
   29.800000000000001        1.6290621033377417E-006   0.0000000000000000     
   29.900000000000002       -1.1895397455732654E-006   0.0000000000000000     
   30.000000000000000        8.5979334328838814E-007   0.0000000000000000     
   30.100000000000001       -6.1468062500421445E-007   0.0000000000000000     
   30.200000000000003        4.3425841925053764E-007   0.0000000000000000     
   30.300000000000001       -3.0283792703985060E-007   0.0000000000000000     
   30.400000000000002        2.0818282129543465E-007   0.0000000000000000     
   30.500000000000000       -1.4083472453275512E-007   0.0000000000000000     
   30.600000000000001        9.3550916377122482E-008   0.0000000000000000     
   30.700000000000003       -6.0839844695167044E-008   0.0000000000000000     
   30.800000000000001        3.8581065419023835E-008   0.0000000000000000     
   30.900000000000002       -2.3717146004227965E-008   0.0000000000000000     
   31.000000000000000        1.4006325724207253E-008   0.0000000000000000     
   31.100000000000001       -7.8259925633095017E-009   0.0000000000000000     
   31.200000000000003        4.0180871704653910E-009   0.0000000000000000     
   31.300000000000001       -1.7688610766356710E-009   0.0000000000000000     
   31.400000000000002        5.1637836264959378E-010   0.0000000000000000     
   31.500000000000000        1.1979256285067445E-010   0.0000000000000000     
   31.600000000000001       -3.9129014092888258E-010   0.0000000000000000     
   31.700000000000003        4.6002131215621747E-010   0.0000000000000000     
   31.800000000000001       -4.2661070953344035E-010   0.0000000000000000     
   31.900000000000002        3.5079690736923629E-010   0.0000000000000000     
   32.000000000000000       -2.6584226026176670E-010   0.0000000000000000     
   32.100000000000001        1.8841500036939329E-010   0.0000000000000000     
   32.200000000000003       -1.2527865716102839E-010   0.0000000000000000     
   32.300000000000004        7.7689996418619438E-011   0.0000000000000000     
   32.399999999999999       -4.4108799516241677E-011   0.0000000000000000     
   32.500000000000000        2.1889299818996281E-011   0.0000000000000000     
   32.600000000000001       -8.2179047646424417E-012   0.0000000000000000     
   32.700000000000003        5.5608673259138669E-013   0.0000000000000000     
   32.800000000000004        3.1348722494838434E-012   0.0000000000000000     
   32.899999999999999       -4.4013074258339387E-012   0.0000000000000000     
   33.000000000000000        4.3337520085341586E-012   0.0000000000000000     
   33.100000000000001       -3.6299974022752574E-012   0.0000000000000000     
   33.200000000000003        2.7294730431837497E-012   0.0000000000000000     
   33.300000000000004       -1.8728866191833691E-012   0.0000000000000000     
   33.399999999999999        1.1667723729261783E-012   0.0000000000000000     
   33.500000000000000       -6.4282228275915507E-013   0.0000000000000000     
   33.600000000000001        2.8943491204378376E-013   0.0000000000000000     
   33.700000000000003       -7.2327115494785602E-014   0.0000000000000000     
   33.800000000000004       -4.4585085869658876E-014   0.0000000000000000     
   33.899999999999999        9.2878345376723976E-014   0.0000000000000000     
   34.000000000000000       -1.0507836528996768E-013   0.0000000000000000     
   34.100000000000001        9.0187727418320068E-014   0.0000000000000000     
   34.200000000000003       -6.6338496312378724E-014   0.0000000000000000     
   34.300000000000004        4.7475013874829470E-014   0.0000000000000000     
   34.399999999999999       -2.6525978119935178E-014   0.0000000000000000     
   34.500000000000000        1.5945624846792887E-014   0.0000000000000000     
   34.600000000000001       -7.8557365930891209E-015   0.0000000000000000     
   34.700000000000003       -8.9770641080978130E-016   0.0000000000000000     
   34.800000000000004        1.1266235431787877E-015   0.0000000000000000     
   34.899999999999999       -4.8383811383077042E-015   0.0000000000000000     
   35.000000000000000        4.6342648027020951E-015   0.0000000000000000     
   35.100000000000001       -3.8901224407693916E-015   0.0000000000000000     
   35.200000000000003        4.8895483176976852E-015   0.0000000000000000     
   35.300000000000004       -1.2374535039307799E-015   0.0000000000000000     
   35.399999999999999        3.7672404124676878E-015   0.0000000000000000     
   35.500000000000000       -2.4389462850540829E-015   0.0000000000000000     
   35.600000000000001        7.5789899626445897E-016   0.0000000000000000     
   35.700000000000003       -3.5695690383195170E-016   0.0000000000000000     
   35.800000000000004       -3.3126116308569535E-015   0.0000000000000000     
   35.899999999999999       -3.4181238534483688E-016   0.0000000000000000     
   36.000000000000000       -1.0591988031668397E-015   0.0000000000000000     
   36.100000000000001        2.5669532784401792E-015   0.0000000000000000     
   36.200000000000003       -2.0832730694723867E-016   0.0000000000000000     
   36.300000000000004        1.5895086466065796E-015   0.0000000000000000     
   36.399999999999999        6.4901379724475092E-016   0.0000000000000000     
   36.500000000000000       -2.3825796379021221E-016   0.0000000000000000     
   36.600000000000001       -3.1308298878346392E-015   0.0000000000000000     
   36.700000000000003        1.1805211362438856E-015   0.0000000000000000     
   36.800000000000004       -7.3522922687692537E-016   0.0000000000000000     
   36.899999999999999        3.7801653632908383E-015   0.0000000000000000     
   37.000000000000000       -2.8367203805534325E-015   0.0000000000000000     
   37.100000000000001        4.6831156467502751E-015   0.0000000000000000     
   37.200000000000003       -3.9272101596328169E-015   0.0000000000000000     
   37.300000000000004        1.6352427342157041E-015   0.0000000000000000     
   37.399999999999999       -6.7941761595989812E-015   0.0000000000000000     
   37.500000000000000        4.0142312049610921E-015   0.0000000000000000     
   37.600000000000001       -2.0732158291712951E-015   0.0000000000000000     
   37.700000000000003        5.4066252700306931E-015   0.0000000000000000     
   37.800000000000004       -3.9184722322273633E-015   0.0000000000000000     
   37.899999999999999        4.4647700997694895E-015   0.0000000000000000     
   38.000000000000000       -4.6475237885237615E-015   0.0000000000000000     
   38.100000000000001        2.3900210238612650E-015   0.0000000000000000     
   38.200000000000003       -3.3897443428020416E-015   0.0000000000000000     
   38.300000000000004        2.5235544819826868E-015   0.0000000000000000     
   38.400000000000006       -1.3526924952619342E-015   0.0000000000000000     
   38.500000000000000        2.4087154846781150E-015   0.0000000000000000     
   38.600000000000001       -1.6819301497786060E-016   0.0000000000000000     
   38.700000000000003        3.2483230837090939E-015   0.0000000000000000     
   38.800000000000004       -1.0534289915287115E-015   0.0000000000000000     
   38.900000000000006       -1.8953875998211852E-015   0.0000000000000000     
   39.000000000000000       -5.6689559800796478E-015   0.0000000000000000     
   39.100000000000001        3.0604385080738481E-015   0.0000000000000000     
   39.200000000000003        1.5022748797015115E-016   0.0000000000000000     
   39.300000000000004        9.7056207980430842E-016   0.0000000000000000     
   39.400000000000006       -1.0040073959897424E-015   0.0000000000000000     
   39.500000000000000        1.7041239117988784E-015   0.0000000000000000     
   39.600000000000001        3.0243300696391971E-015   0.0000000000000000     
   39.700000000000003       -2.2420084119243767E-015   0.0000000000000000     
   39.800000000000004        2.8942914984067643E-016   0.0000000000000000     
   39.900000000000006       -4.0600504816122779E-015   0.0000000000000000     
   40.000000000000000        2.2824808534082556E-015   0.0000000000000000     
   40.100000000000001       -3.3589163996087345E-015   0.0000000000000000     
   40.200000000000003        3.0781745138698030E-015   0.0000000000000000     
   40.300000000000004        4.0508848069237116E-016   0.0000000000000000     
   40.400000000000006        3.9842158952238470E-015   0.0000000000000000     
   40.500000000000000       -2.8626477973281243E-015   0.0000000000000000     
   40.600000000000001       -4.5314149695371050E-016   0.0000000000000000     
   40.700000000000003        7.3383538960838928E-017   0.0000000000000000     
   40.800000000000004        2.5817537838059624E-016   0.0000000000000000     
   40.900000000000006       -1.1487720674054571E-015   0.0000000000000000     
   41.000000000000000        1.4893937787221255E-016   0.0000000000000000     
   41.100000000000001        1.9360019191743624E-015   0.0000000000000000     
   41.200000000000003       -2.9509302810885077E-015   0.0000000000000000     
   41.300000000000004        1.4545606935575344E-016   0.0000000000000000     
   41.400000000000006       -1.1575346798431331E-015   0.0000000000000000     
   41.500000000000000        1.6018684538408638E-015   0.0000000000000000     
   41.600000000000001       -1.9343561759936185E-015   0.0000000000000000     
   41.700000000000003        1.7921996645697346E-015   0.0000000000000000     
   41.800000000000004       -1.4696653576819136E-015   0.0000000000000000     
   41.900000000000006        1.9940968939136348E-015   0.0000000000000000     
   42.000000000000000        1.1868457742270673E-015   0.0000000000000000     
   42.100000000000001        2.6218353991108876E-015   0.0000000000000000     
   42.200000000000003        1.5391073439232180E-015   0.0000000000000000     
   42.300000000000004       -1.6500931042266871E-015   0.0000000000000000     
   42.400000000000006       -2.6291934692289817E-015   0.0000000000000000     
   42.500000000000000       -2.8226897648036988E-015   0.0000000000000000     
   42.600000000000001        3.1617019990356543E-015   0.0000000000000000     
   42.700000000000003       -2.9057632703078765E-015   0.0000000000000000     
   42.800000000000004        6.3610585335142453E-016   0.0000000000000000     
   42.900000000000006       -1.2640847495937958E-015   0.0000000000000000     
   43.000000000000000        5.6406589698577493E-015   0.0000000000000000     
   43.100000000000001       -1.1618060464559141E-016   0.0000000000000000     
   43.200000000000003        2.0182208538486714E-015   0.0000000000000000     
   43.300000000000004       -1.3585000820240710E-015   0.0000000000000000     
   43.400000000000006       -1.9491874005070294E-015   0.0000000000000000     
   43.500000000000000       -4.0780887877160254E-015   0.0000000000000000     
   43.600000000000001       -2.5937059926023295E-015   0.0000000000000000     
   43.700000000000003        3.6838728405210702E-015   0.0000000000000000     
   43.800000000000004        9.4933091329164245E-016   0.0000000000000000     
   43.900000000000006        1.1318384732819863E-015   0.0000000000000000     
   44.000000000000000       -4.6614518464847480E-015   0.0000000000000000     
   44.100000000000001       -5.9805013337796531E-016   0.0000000000000000     
   44.200000000000003        7.9340541945061000E-016   0.0000000000000000     
   44.300000000000004       -1.6676012207062136E-015   0.0000000000000000     
   44.400000000000006       -2.4415939599559928E-016   0.0000000000000000     
   44.500000000000000        1.2250994371749822E-015   0.0000000000000000     
   44.600000000000001        5.1986841257761764E-015   0.0000000000000000     
   44.700000000000003        2.8054730234177179E-016   0.0000000000000000     
   44.800000000000004        1.1652940856210084E-015   0.0000000000000000     
   44.900000000000006       -2.9565629366163878E-015   0.0000000000000000     
   45.000000000000000        5.4471061279938474E-017   0.0000000000000000     
   45.100000000000001       -3.8907565660960244E-015   0.0000000000000000     
   45.200000000000003       -1.4582826990223844E-015   0.0000000000000000     
   45.300000000000004        2.6976042569302933E-016   0.0000000000000000     
   45.400000000000006        3.2515081338888080E-015   0.0000000000000000     
   45.500000000000000        3.5007576564769580E-015   0.0000000000000000     
   45.600000000000001       -6.0061532085779644E-016   0.0000000000000000     
   45.700000000000003        3.5844497003067377E-015   0.0000000000000000     
   45.800000000000004       -3.2896220677058099E-015   0.0000000000000000     
   45.900000000000006       -1.0359281872785681E-015   0.0000000000000000     
   46.000000000000000        6.5072907887283668E-016   0.0000000000000000     
   46.100000000000001       -2.4975572386217939E-017   0.0000000000000000     
   46.200000000000003       -5.5080647394453193E-016   0.0000000000000000     
   46.300000000000004       -2.3097759958732230E-015   0.0000000000000000     
   46.400000000000006        1.8782553333010862E-015   0.0000000000000000     
   46.500000000000000       -3.0871130685358663E-015   0.0000000000000000     
   46.600000000000001        1.6370887618949636E-015   0.0000000000000000     
   46.700000000000003       -7.2125634298420990E-016   0.0000000000000000     
   46.800000000000004        2.2048183598868609E-015   0.0000000000000000     
   46.900000000000006        2.2699385929730288E-015   0.0000000000000000     
   47.000000000000000       -5.9701292813436578E-017   0.0000000000000000     
   47.100000000000001        3.2695423248302776E-015   0.0000000000000000     
   47.200000000000003       -1.5340572473930423E-015   0.0000000000000000     
   47.300000000000004        4.0647525481691704E-016   0.0000000000000000     
   47.400000000000006       -6.0449651774200811E-015   0.0000000000000000     
   47.500000000000000       -7.1311670275407035E-016   0.0000000000000000     
   47.600000000000001       -6.2057371454160670E-016   0.0000000000000000     
   47.700000000000003        2.4705646521422800E-015   0.0000000000000000     
   47.800000000000004       -7.2970825466111590E-016   0.0000000000000000     
   47.900000000000006        3.5201676380633266E-015   0.0000000000000000     
   48.000000000000000        1.6965419642135071E-015   0.0000000000000000     
   48.100000000000001        2.3533529594813986E-016   0.0000000000000000     
   48.200000000000003       -1.8228768306741206E-015   0.0000000000000000     
   48.300000000000004       -6.4155995059310746E-016   0.0000000000000000     
   48.400000000000006        2.6937823544776930E-015   0.0000000000000000     
   48.500000000000000       -9.4051866742616340E-016   0.0000000000000000     
   48.600000000000001        3.0614131926337632E-016   0.0000000000000000     
   48.700000000000003        5.6589159907599442E-016   0.0000000000000000     
   48.800000000000004       -6.6218365587691837E-016   0.0000000000000000     
   48.900000000000006        2.8450110541610822E-015   0.0000000000000000     
   49.000000000000000       -4.1776462994183691E-015   0.0000000000000000     
   49.100000000000001        2.2273988079071458E-015   0.0000000000000000     
   49.200000000000003       -2.3197191248789812E-015   0.0000000000000000     
   49.300000000000004       -9.5138286351230612E-016   0.0000000000000000     
   49.400000000000006       -9.8365858158819784E-016   0.0000000000000000     
   49.500000000000000        2.3065311995128724E-016   0.0000000000000000     
   49.600000000000001        1.5389163947544089E-015   0.0000000000000000     
   49.700000000000003       -3.1802201144305519E-015   0.0000000000000000     
   49.800000000000004       -1.7734199843675654E-015   0.0000000000000000     
   49.900000000000006        5.0654071924799070E-054   0.0000000000000000     
