   0.0000000000000000        2.5702912070392689E-012   0.0000000000000000     
  0.10000000000000001        2.1679212927717059E-012   0.0000000000000000     
  0.20000000000000001        7.4024437174934295E-013   0.0000000000000000     
  0.30000000000000004        2.9565463479341530E-012   0.0000000000000000     
  0.40000000000000002       -4.9821246206469748E-013   0.0000000000000000     
  0.50000000000000000        3.2168790521707426E-012   0.0000000000000000     
  0.60000000000000009       -2.1469919411047831E-012   0.0000000000000000     
  0.70000000000000007        4.1962777464516754E-012   0.0000000000000000     
  0.80000000000000004       -4.2455036285828736E-012   0.0000000000000000     
  0.90000000000000002        6.2107457153506162E-012   0.0000000000000000     
   1.0000000000000000       -7.2787253358858129E-012   0.0000000000000000     
   1.1000000000000001        9.6954972283155391E-012   0.0000000000000000     
   1.2000000000000002       -1.1963105709980757E-011   0.0000000000000000     
   1.3000000000000000        1.5410215937357125E-011   0.0000000000000000     
   1.4000000000000001       -1.9330816752815026E-011   0.0000000000000000     
   1.5000000000000000        2.4601478398740638E-011   0.0000000000000000     
   1.6000000000000001       -3.1005876534579826E-011   0.0000000000000000     
   1.7000000000000002        3.9249813855689724E-011   0.0000000000000000     
   1.8000000000000000       -4.9493955554458793E-011   0.0000000000000000     
   1.9000000000000001        6.2471224479086869E-011   0.0000000000000000     
   2.0000000000000000       -7.8702780247828506E-011   0.0000000000000000     
   2.1000000000000001        9.9121803249769153E-011   0.0000000000000000     
   2.2000000000000002       -1.2468343130290224E-010   0.0000000000000000     
   2.3000000000000003        1.5673143198576366E-010   0.0000000000000000     
   2.4000000000000004       -1.9681660309294489E-010   0.0000000000000000     
   2.5000000000000000        2.4694311248202721E-010   0.0000000000000000     
   2.6000000000000001       -3.0952972610571753E-010   0.0000000000000000     
   2.7000000000000002        3.8761762152638656E-010   0.0000000000000000     
   2.8000000000000003       -4.8493499525347153E-010   0.0000000000000000     
   2.9000000000000004        6.0610112090356922E-010   0.0000000000000000     
   3.0000000000000000       -7.5679006827218455E-010   0.0000000000000000     
   3.1000000000000001        9.4400139655735213E-010   0.0000000000000000     
   3.2000000000000002       -1.1763288077404582E-009   0.0000000000000000     
   3.3000000000000003        1.4643346012266624E-009   0.0000000000000000     
   3.4000000000000004       -1.8209728553856582E-009   0.0000000000000000     
   3.5000000000000000        2.2620988358317679E-009   0.0000000000000000     
   3.6000000000000001       -2.8071041551608092E-009   0.0000000000000000     
   3.7000000000000002        3.4796959651442694E-009   0.0000000000000000     
   3.8000000000000003       -4.3087813625370071E-009   0.0000000000000000     
   3.9000000000000004        5.3295737595127534E-009   0.0000000000000000     
   4.0000000000000000       -6.5849350880301083E-009   0.0000000000000000     
   4.1000000000000005        8.1269295041314127E-009   0.0000000000000000     
   4.2000000000000002       -1.0018723674852935E-008   0.0000000000000000     
   4.2999999999999998        1.2336871334605882E-008   0.0000000000000000     
   4.4000000000000004       -1.5173989506740274E-008   0.0000000000000000     
   4.5000000000000000        1.8641981525483216E-008   0.0000000000000000     
   4.6000000000000005       -2.2875867353853337E-008   0.0000000000000000     
   4.7000000000000002        2.8038307516977912E-008   0.0000000000000000     
   4.8000000000000007       -3.4324989769010279E-008   0.0000000000000000     
   4.9000000000000004        4.1970983976783814E-008   0.0000000000000000     
   5.0000000000000000       -5.1258244967867312E-008   0.0000000000000000     
   5.1000000000000005        6.2524464500995782E-008   0.0000000000000000     
   5.2000000000000002       -7.6173465669497154E-008   0.0000000000000000     
   5.3000000000000007        9.2687422137417593E-008   0.0000000000000000     
   5.4000000000000004       -1.1264117188551185E-007   0.0000000000000000     
   5.5000000000000000        1.3671895260982275E-007   0.0000000000000000     
   5.6000000000000005       -1.6573395393627338E-007   0.0000000000000000     
   5.7000000000000002        2.0065106870672315E-007   0.0000000000000000     
   5.8000000000000007       -2.4261336067092192E-007   0.0000000000000000     
   5.9000000000000004        2.9297279105137432E-007   0.0000000000000000     
   6.0000000000000000       -3.5332576072971558E-007   0.0000000000000000     
   6.1000000000000005        4.2555419830814691E-007   0.0000000000000000     
   6.2000000000000002       -5.1187294573311975E-007   0.0000000000000000     
   6.3000000000000007        6.1488424823210499E-007   0.0000000000000000     
   6.4000000000000004       -7.3764031947781782E-007   0.0000000000000000     
   6.5000000000000000        8.8371500324012580E-007   0.0000000000000000     
   6.6000000000000005       -1.0572856600126147E-006   0.0000000000000000     
   6.7000000000000002        1.2632265159944469E-006   0.0000000000000000     
   6.8000000000000007       -1.5072148325887812E-006   0.0000000000000000     
   6.9000000000000004        1.7958513688484185E-006   0.0000000000000000     
   7.0000000000000000       -2.1367966945746095E-006   0.0000000000000000     
   7.1000000000000005        2.5389250754866767E-006   0.0000000000000000     
   7.2000000000000002       -3.0124977240830640E-006   0.0000000000000000     
   7.3000000000000007        3.5693573047221263E-006   0.0000000000000000     
   7.4000000000000004       -4.2231457767230005E-006   0.0000000000000000     
   7.5000000000000000        4.9895476001558195E-006   0.0000000000000000     
   7.6000000000000005       -5.8865604655648064E-006   0.0000000000000000     
   7.7000000000000002        6.9347958597105340E-006   0.0000000000000000     
   7.8000000000000007       -8.1578115801897558E-006   0.0000000000000000     
   7.9000000000000004        9.5824784501588802E-006   0.0000000000000000     
   8.0000000000000000       -1.1239383496364520E-005   0.0000000000000000     
   8.0999999999999996        1.3163271519130288E-005   0.0000000000000000     
   8.2000000000000011       -1.5393527022625918E-005   0.0000000000000000     
   8.3000000000000007        1.7974698241354703E-005   0.0000000000000000     
   8.4000000000000004       -2.0957064573826822E-005   0.0000000000000000     
   8.5000000000000000        2.4397248505476221E-005   0.0000000000000000     
   8.5999999999999996       -2.8358872544269003E-005   0.0000000000000000     
   8.7000000000000011        3.2913261143345265E-005   0.0000000000000000     
   8.8000000000000007       -3.8140186953393390E-005   0.0000000000000000     
   8.9000000000000004        4.4128659814745987E-005   0.0000000000000000     
   9.0000000000000000       -5.0977756116457216E-005   0.0000000000000000     
   9.0999999999999996        5.8797485026468560E-005   0.0000000000000000     
   9.2000000000000011       -6.7709686771658855E-005   0.0000000000000000     
   9.3000000000000007        7.7848956975996172E-005   0.0000000000000000     
   9.4000000000000004       -8.9363589450425703E-005   0.0000000000000000     
   9.5000000000000000        1.0241652811467347E-004   0.0000000000000000     
   9.6000000000000014       -1.1718631705015433E-004   0.0000000000000000     
   9.7000000000000011        1.3386803565971242E-004   0.0000000000000000     
   9.8000000000000007       -1.5267420385851294E-004   0.0000000000000000     
   9.9000000000000004        1.7383564004620487E-004   0.0000000000000000     
   10.000000000000000       -1.9760225233166249E-004   0.0000000000000000     
   10.100000000000001        2.2424374118759212E-004   0.0000000000000000     
   10.200000000000001       -2.5405018931504392E-004   0.0000000000000000     
   10.300000000000001        2.8733251220602885E-004   0.0000000000000000     
   10.400000000000000       -3.2442274060273630E-004   0.0000000000000000     
   10.500000000000000        3.6567410385995094E-004   0.0000000000000000     
   10.600000000000001       -4.1146088131167679E-004   0.0000000000000000     
   10.700000000000001        4.6217798692457915E-004   0.0000000000000000     
   10.800000000000001       -5.1824025116332690E-004   0.0000000000000000     
   10.900000000000000        5.8008136298032427E-004   0.0000000000000000     
   11.000000000000000       -6.4815243421811137E-004   0.0000000000000000     
   11.100000000000001        7.2292014887692581E-004   0.0000000000000000     
   11.200000000000001       -8.0486446031766373E-004   0.0000000000000000     
   11.300000000000001        8.9447580088207934E-004   0.0000000000000000     
   11.400000000000000       -9.9225177081956853E-004   0.0000000000000000     
   11.500000000000000        1.0986932764757975E-003   0.0000000000000000     
   11.600000000000001       -1.2143000919898478E-003   0.0000000000000000     
   11.700000000000001        1.3395658240295612E-003   0.0000000000000000     
   11.800000000000001       -1.4749722653769706E-003   0.0000000000000000     
   11.900000000000000        1.6209831309191829E-003   0.0000000000000000     
   12.000000000000000       -1.7780371782101525E-003   0.0000000000000000     
   12.100000000000001        1.9465407246878114E-003   0.0000000000000000     
   12.200000000000001       -2.1268595848698852E-003   0.0000000000000000     
   12.300000000000001        2.3193104628367800E-003   0.0000000000000000     
   12.400000000000000       -2.5241518486376529E-003   0.0000000000000000     
   12.500000000000000        2.7415744813762077E-003   0.0000000000000000     
   12.600000000000001       -2.9716914563763259E-003   0.0000000000000000     
   12.700000000000001        3.2145280694296759E-003   0.0000000000000000     
   12.800000000000001       -3.4700115066610727E-003   0.0000000000000000     
   12.900000000000000        3.7379605042111405E-003   0.0000000000000000     
   13.000000000000000       -4.0180751176349741E-003   0.0000000000000000     
   13.100000000000001        4.3099267554997734E-003   0.0000000000000000     
   13.200000000000001       -4.6129486456471542E-003   0.0000000000000000     
   13.300000000000001        4.9264269152436389E-003   0.0000000000000000     
   13.400000000000000       -5.2494924762448748E-003   0.0000000000000000     
   13.500000000000000        5.5811139166689885E-003   0.0000000000000000     
   13.600000000000001       -5.9200916039682623E-003   0.0000000000000000     
   13.700000000000001        6.2650532095640289E-003   0.0000000000000000     
   13.800000000000001       -6.6144508633220614E-003   0.0000000000000000     
   13.900000000000000        6.9665601422391685E-003   0.0000000000000000     
   14.000000000000000       -7.3194810891743997E-003   0.0000000000000000     
   14.100000000000001        7.6711414447534010E-003   0.0000000000000000     
   14.200000000000001       -8.0193022579004951E-003   0.0000000000000000     
   14.300000000000001        8.3615660184019735E-003   0.0000000000000000     
   14.400000000000000       -8.6953874279357482E-003   0.0000000000000000     
   14.500000000000000        9.0180868942301689E-003   0.0000000000000000     
   14.600000000000001       -9.3268667969656962E-003   0.0000000000000000     
   14.700000000000001        9.6188305334932982E-003   0.0000000000000000     
   14.800000000000001       -9.8910043082525902E-003   0.0000000000000000     
   14.900000000000000        1.0140361582279000E-002   0.0000000000000000     
   15.000000000000000       -1.0363850048981892E-002   0.0000000000000000     
   15.100000000000001        1.0558420950522025E-002   0.0000000000000000     
   15.200000000000001       -1.0721060496100695E-002   0.0000000000000000     
   15.300000000000001        1.0848823090709635E-002   0.0000000000000000     
   15.400000000000000       -1.0938866031200646E-002   0.0000000000000000     
   15.500000000000000        1.0988485276929520E-002   0.0000000000000000     
   15.600000000000001       -1.0995151856486812E-002   0.0000000000000000     
   15.700000000000001        1.0956548430554599E-002   0.0000000000000000     
   15.800000000000001       -1.0870605495406480E-002   0.0000000000000000     
   15.900000000000000        1.0735536683371549E-002   0.0000000000000000     
   16.000000000000000       -1.0549872595958344E-002   0.0000000000000000     
   16.100000000000001        1.0312492594180475E-002   0.0000000000000000     
   16.199999999999999       -1.0022653969331847E-002   0.0000000000000000     
   16.300000000000001        9.6800179265103866E-003   0.0000000000000000     
   16.400000000000002       -9.2846718337716884E-003   0.0000000000000000     
   16.500000000000000        8.8371472213120226E-003   0.0000000000000000     
   16.600000000000001       -8.3384330581690383E-003   0.0000000000000000     
   16.699999999999999        7.7899838883499963E-003   0.0000000000000000     
   16.800000000000001       -7.1937224729761162E-003   0.0000000000000000     
   16.900000000000002        6.5520366600025758E-003   0.0000000000000000     
   17.000000000000000       -5.8677702867152414E-003   0.0000000000000000     
   17.100000000000001        5.1442080113818086E-003   0.0000000000000000     
   17.199999999999999       -4.3850540678915320E-003   0.0000000000000000     
   17.300000000000001        3.5944050386244814E-003   0.0000000000000000     
   17.400000000000002       -2.7767168448814715E-003   0.0000000000000000     
   17.500000000000000        1.9367662584493747E-003   0.0000000000000000     
   17.600000000000001       -1.0796073401421501E-003   0.0000000000000000     
   17.699999999999999        2.1052330962881163E-004   0.0000000000000000     
   17.800000000000001        6.6502555733894634E-004   0.0000000000000000     
   17.900000000000002       -1.5414573245771941E-003   0.0000000000000000     
   18.000000000000000        2.4131263312283410E-003   0.0000000000000000     
   18.100000000000001       -3.2743828543693818E-003   0.0000000000000000     
   18.199999999999999        4.1196336383228400E-003   0.0000000000000000     
   18.300000000000001       -4.9434023993838276E-003   0.0000000000000000     
   18.400000000000002        5.7403893997857490E-003   0.0000000000000000     
   18.500000000000000       -6.5055291867770091E-003   0.0000000000000000     
   18.600000000000001        7.2340456124635284E-003   0.0000000000000000     
   18.699999999999999       -7.9215032868102109E-003   0.0000000000000000     
   18.800000000000001        8.5638546699474891E-003   0.0000000000000000     
   18.900000000000002       -9.1574820795895275E-003   0.0000000000000000     
   19.000000000000000        9.6992339734103209E-003   0.0000000000000000     
   19.100000000000001       -1.0186454963555561E-002   0.0000000000000000     
   19.200000000000003        1.0617009128504360E-002   0.0000000000000000     
   19.300000000000001       -1.0989296304307433E-002   0.0000000000000000     
   19.400000000000002        1.1302261160407013E-002   0.0000000000000000     
   19.500000000000000       -1.1555394991805582E-002   0.0000000000000000     
   19.600000000000001        1.1748730286922708E-002   0.0000000000000000     
   19.700000000000003       -1.1882828256032591E-002   0.0000000000000000     
   19.800000000000001        1.1958759626104720E-002   0.0000000000000000     
   19.900000000000002       -1.1978079121632620E-002   0.0000000000000000     
   20.000000000000000        1.1942794154975464E-002   0.0000000000000000     
   20.100000000000001       -1.1855328341957449E-002   0.0000000000000000     
   20.200000000000003        1.1718480537004654E-002   0.0000000000000000     
   20.300000000000001       -1.1535380145305987E-002   0.0000000000000000     
   20.400000000000002        1.1309439516351947E-002   0.0000000000000000     
   20.500000000000000       -1.1044304253085150E-002   0.0000000000000000     
   20.600000000000001        1.0743802283287930E-002   0.0000000000000000     
   20.700000000000003       -1.0411892534974772E-002   0.0000000000000000     
   20.800000000000001        1.0052614036137280E-002   0.0000000000000000     
   20.900000000000002       -9.6700362217747148E-003   0.0000000000000000     
   21.000000000000000        9.2682111794500140E-003   0.0000000000000000     
   21.100000000000001       -8.8511285000989273E-003   0.0000000000000000     
   21.200000000000003        8.4226733250252952E-003   0.0000000000000000     
   21.300000000000001       -7.9865880957935721E-003   0.0000000000000000     
   21.400000000000002        7.5464384226386731E-003   0.0000000000000000     
   21.500000000000000       -7.1055833914204451E-003   0.0000000000000000     
   21.600000000000001        6.6671505320431354E-003   0.0000000000000000     
   21.700000000000003       -6.2340155740736409E-003   0.0000000000000000     
   21.800000000000001        5.8087870206519560E-003   0.0000000000000000     
   21.900000000000002       -5.3937954819183965E-003   0.0000000000000000     
   22.000000000000000        4.9910876252796301E-003   0.0000000000000000     
   22.100000000000001       -4.6024245240400318E-003   0.0000000000000000     
   22.200000000000003        4.2292841193514157E-003   0.0000000000000000     
   22.300000000000001       -3.8728674537492746E-003   0.0000000000000000     
   22.400000000000002        3.5341082889542332E-003   0.0000000000000000     
   22.500000000000000       -3.2136856861853659E-003   0.0000000000000000     
   22.600000000000001        2.9120391038073481E-003   0.0000000000000000     
   22.700000000000003       -2.6293855550311349E-003   0.0000000000000000     
   22.800000000000001        2.3657383666925123E-003   0.0000000000000000     
   22.900000000000002       -2.1209270880162578E-003   0.0000000000000000     
   23.000000000000000        1.8946181153905470E-003   0.0000000000000000     
   23.100000000000001       -1.6863356237901738E-003   0.0000000000000000     
   23.200000000000003        1.4954824266576836E-003   0.0000000000000000     
   23.300000000000001       -1.3213604227986593E-003   0.0000000000000000     
   23.400000000000002        1.1631903291401142E-003   0.0000000000000000     
   23.500000000000000       -1.0201304414985768E-003   0.0000000000000000     
   23.600000000000001        8.9129421020756896E-004   0.0000000000000000     
   23.700000000000003       -7.7576646198195334E-004   0.0000000000000000     
   23.800000000000001        6.7261814357011949E-004   0.0000000000000000     
   23.900000000000002       -5.8091950481005471E-004   0.0000000000000000     
   24.000000000000000        4.9975167799326938E-004   0.0000000000000000     
   24.100000000000001       -4.2821664671826003E-004   0.0000000000000000     
   24.200000000000003        3.6544562954441947E-004   0.0000000000000000     
   24.300000000000001       -3.1060593184500652E-004   0.0000000000000000     
   24.400000000000002        2.6290634285652467E-004   0.0000000000000000     
   24.500000000000000       -2.2160117392642337E-004   0.0000000000000000     
   24.600000000000001        1.8599304876784869E-004   0.0000000000000000     
   24.700000000000003       -1.5543456678830062E-004   0.0000000000000000     
   24.800000000000001        1.2932896690468623E-004   0.0000000000000000     
   24.900000000000002       -1.0712992204621093E-004   0.0000000000000000     
   25.000000000000000        8.8340593859691279E-005   0.0000000000000000     
   25.100000000000001       -7.2512073734873106E-005   0.0000000000000000     
   25.200000000000003        5.9241330493436713E-005   0.0000000000000000     
   25.300000000000001       -4.8168777345895597E-005   0.0000000000000000     
   25.400000000000002        3.8975561557731758E-005   0.0000000000000000     
   25.500000000000000       -3.1380670115197145E-005   0.0000000000000000     
   25.600000000000001        2.5137933867419521E-005   0.0000000000000000     
   25.700000000000003       -2.0033001525704082E-005   0.0000000000000000     
   25.800000000000001        1.5880344040879102E-005   0.0000000000000000     
   25.900000000000002       -1.2520339171284197E-005   0.0000000000000000     
   26.000000000000000        9.8164758952551258E-006   0.0000000000000000     
   26.100000000000001       -7.6527091687558344E-006   0.0000000000000000     
   26.200000000000003        5.9309868960649187E-006   0.0000000000000000     
   26.300000000000001       -4.5689633794766788E-006   0.0000000000000000     
   26.400000000000002        3.4979071477812123E-006   0.0000000000000000     
   26.500000000000000       -2.6608052553329374E-006   0.0000000000000000     
   26.600000000000001        2.0106615544521137E-006   0.0000000000000000     
   26.700000000000003       -1.5089828654585517E-006   0.0000000000000000     
   26.800000000000001        1.1244438557426829E-006   0.0000000000000000     
   26.900000000000002       -8.3171952711220795E-007   0.0000000000000000     
   27.000000000000000        6.1047275840937906E-007   0.0000000000000000     
   27.100000000000001       -4.4448332320127213E-007   0.0000000000000000     
   27.200000000000003        3.2090478891218426E-007   0.0000000000000000     
   27.300000000000001       -2.2963557175108392E-007   0.0000000000000000     
   27.400000000000002        1.6279075071854897E-007   0.0000000000000000     
   27.500000000000000       -1.1426218001361404E-007   0.0000000000000000     
   27.600000000000001        7.9355014364373188E-008   0.0000000000000000     
   27.700000000000003       -5.4489782693900776E-008   0.0000000000000000     
   27.800000000000001        3.6960234957580881E-008   0.0000000000000000     
   27.900000000000002       -2.4738097620529763E-008   0.0000000000000000     
   28.000000000000000        1.6317031575392412E-008   0.0000000000000000     
   28.100000000000001       -1.0588960790894580E-008   0.0000000000000000     
   28.200000000000003        6.7469188500122122E-009   0.0000000000000000     
   28.300000000000001       -4.2094458968598070E-009   0.0000000000000000     
   28.400000000000002        2.5622603553870720E-009   0.0000000000000000     
   28.500000000000000       -1.5137509291339312E-009   0.0000000000000000     
   28.600000000000001        8.6130462475968867E-010   0.0000000000000000     
   28.700000000000003       -4.6610530912960794E-010   0.0000000000000000     
   28.800000000000001        2.3453461646973534E-010   0.0000000000000000     
   28.900000000000002       -1.0452091584272280E-010   0.0000000000000000     
   29.000000000000000        3.5704357436273264E-011   0.0000000000000000     
   29.100000000000001       -2.4345493485448839E-012   0.0000000000000000     
   29.200000000000003       -1.1180951477717046E-011   0.0000000000000000     
   29.300000000000001        1.4658236058755476E-011   0.0000000000000000     
   29.400000000000002       -1.3476278720645752E-011   0.0000000000000000     
   29.500000000000000        1.0619688762265815E-011   0.0000000000000000     
   29.600000000000001       -7.5652486818008859E-012   0.0000000000000000     
   29.700000000000003        4.9631179527519233E-012   0.0000000000000000     
   29.800000000000001       -3.0011600815188498E-012   0.0000000000000000     
   29.900000000000002        1.6422493345044543E-012   0.0000000000000000     
   30.000000000000000       -7.7926186363915202E-013   0.0000000000000000     
   30.100000000000001        2.7348393369606830E-013   0.0000000000000000     
   30.200000000000003       -1.0226553890480444E-014   0.0000000000000000     
   30.300000000000001       -1.0466213510991476E-013   0.0000000000000000     
   30.400000000000002        1.3763928568632636E-013   0.0000000000000000     
   30.500000000000000       -1.1939251428712558E-013   0.0000000000000000     
   30.600000000000001        9.1943724086376062E-014   0.0000000000000000     
   30.700000000000003       -6.5886461521730815E-014   0.0000000000000000     
   30.800000000000001        3.8590328155765187E-014   0.0000000000000000     
   30.900000000000002       -2.1048335870622923E-014   0.0000000000000000     
   31.000000000000000        6.3940018883136266E-015   0.0000000000000000     
   31.100000000000001       -1.7530568908602750E-015   0.0000000000000000     
   31.200000000000003        4.3359676671207836E-016   0.0000000000000000     
   31.300000000000001        3.2622980326565232E-015   0.0000000000000000     
   31.400000000000002        7.0319639535676267E-016   0.0000000000000000     
   31.500000000000000        1.1685920186307386E-015   0.0000000000000000     
   31.600000000000001       -9.9640226274615021E-016   0.0000000000000000     
   31.700000000000003       -2.0910632901629162E-015   0.0000000000000000     
   31.800000000000001       -1.8889956259103638E-015   0.0000000000000000     
   31.900000000000002       -7.8455717711720829E-016   0.0000000000000000     
   32.000000000000000        2.7990926629162115E-015   0.0000000000000000     
   32.100000000000001        5.5652488669494884E-016   0.0000000000000000     
   32.200000000000003       -5.6229006582853933E-016   0.0000000000000000     
   32.300000000000004       -6.0995794564964582E-016   0.0000000000000000     
   32.399999999999999        1.7763635435118747E-016   0.0000000000000000     
   32.500000000000000       -5.5470317445555812E-016   0.0000000000000000     
   32.600000000000001        1.9777442916413092E-015   0.0000000000000000     
   32.700000000000003        1.1759855263639800E-015   0.0000000000000000     
   32.800000000000004       -1.4971950241549959E-015   0.0000000000000000     
   32.899999999999999       -9.9439412473114478E-016   0.0000000000000000     
   33.000000000000000       -1.7633840539565081E-015   0.0000000000000000     
   33.100000000000001        1.7874838155973205E-015   0.0000000000000000     
   33.200000000000003       -3.3080734360650584E-016   0.0000000000000000     
   33.300000000000004        5.0076441700267671E-016   0.0000000000000000     
   33.399999999999999       -9.6063302872622219E-016   0.0000000000000000     
   33.500000000000000        4.3480936015869674E-015   0.0000000000000000     
   33.600000000000001       -2.7100541774544555E-015   0.0000000000000000     
   33.700000000000003       -2.8875361332929229E-016   0.0000000000000000     
   33.800000000000004       -5.0325315077747081E-015   0.0000000000000000     
   33.899999999999999        6.2388331485769398E-015   0.0000000000000000     
   34.000000000000000       -3.5696706932204893E-015   0.0000000000000000     
   34.100000000000001        4.1696007593518194E-015   0.0000000000000000     
   34.200000000000003       -4.0931731785947741E-015   0.0000000000000000     
   34.300000000000004        6.3452199498109702E-015   0.0000000000000000     
   34.399999999999999       -4.6414375936906404E-015   0.0000000000000000     
   34.500000000000000        1.1787389809599754E-015   0.0000000000000000     
   34.600000000000001       -3.4123724068452583E-015   0.0000000000000000     
   34.700000000000003        3.2552999138428123E-015   0.0000000000000000     
   34.800000000000004       -2.0476276422063139E-015   0.0000000000000000     
   34.899999999999999        1.7109595800698199E-015   0.0000000000000000     
   35.000000000000000       -2.6856937275537074E-015   0.0000000000000000     
   35.100000000000001        3.8576287215526863E-015   0.0000000000000000     
   35.200000000000003       -2.0159161935109340E-015   0.0000000000000000     
   35.300000000000004        1.2856437465706515E-015   0.0000000000000000     
   35.399999999999999       -3.4720552392304413E-015   0.0000000000000000     
   35.500000000000000        4.6384959945218981E-015   0.0000000000000000     
   35.600000000000001       -1.7920818732346616E-015   0.0000000000000000     
   35.700000000000003        1.5512388258106648E-015   0.0000000000000000     
   35.800000000000004       -1.4645577804932691E-015   0.0000000000000000     
   35.899999999999999        6.8696156705219644E-017   0.0000000000000000     
   36.000000000000000       -2.0745390285470272E-015   0.0000000000000000     
   36.100000000000001        1.6210742480783199E-018   0.0000000000000000     
   36.200000000000003        1.8052252172026677E-015   0.0000000000000000     
   36.300000000000004       -9.5343443063844720E-016   0.0000000000000000     
   36.399999999999999        2.4019755426374251E-015   0.0000000000000000     
   36.500000000000000       -2.5002020329014635E-015   0.0000000000000000     
   36.600000000000001        2.5816802210871881E-015   0.0000000000000000     
   36.700000000000003       -2.9596510610797696E-015   0.0000000000000000     
   36.800000000000004        7.2631963343756829E-016   0.0000000000000000     
   36.899999999999999       -6.4642895072587453E-016   0.0000000000000000     
   37.000000000000000        4.3783596131272502E-015   0.0000000000000000     
   37.100000000000001       -3.3397351682425995E-015   0.0000000000000000     
   37.200000000000003       -2.0446721068942137E-016   0.0000000000000000     
   37.300000000000004       -4.9273799524420132E-016   0.0000000000000000     
   37.399999999999999        1.5271416051267588E-015   0.0000000000000000     
   37.500000000000000       -2.1628759717052088E-016   0.0000000000000000     
   37.600000000000001       -1.0462681333999961E-015   0.0000000000000000     
   37.700000000000003        9.7851406941426787E-016   0.0000000000000000     
   37.800000000000004       -3.7528690282069843E-016   0.0000000000000000     
   37.899999999999999        7.4284300979839960E-016   0.0000000000000000     
   38.000000000000000       -2.9272040063074928E-015   0.0000000000000000     
   38.100000000000001        1.5848299011711614E-015   0.0000000000000000     
   38.200000000000003        1.1637734097892862E-016   0.0000000000000000     
   38.300000000000004        7.7923712806477327E-016   0.0000000000000000     
   38.400000000000006       -2.4700317546061688E-015   0.0000000000000000     
   38.500000000000000        5.2552708884760885E-015   0.0000000000000000     
   38.600000000000001       -1.1915213630652174E-016   0.0000000000000000     
   38.700000000000003       -1.2752267201297118E-015   0.0000000000000000     
   38.800000000000004       -2.5067603058659485E-015   0.0000000000000000     
   38.900000000000006       -1.3049415486025317E-015   0.0000000000000000     
   39.000000000000000        1.4212994307914753E-015   0.0000000000000000     
   39.100000000000001       -3.1226907884720361E-015   0.0000000000000000     
   39.200000000000003        2.8171830025951848E-015   0.0000000000000000     
   39.300000000000004        1.3087668679253488E-015   0.0000000000000000     
   39.400000000000006        4.5636862428405553E-015   0.0000000000000000     
   39.500000000000000       -3.9844380755827498E-015   0.0000000000000000     
   39.600000000000001        1.0830313917687061E-015   0.0000000000000000     
   39.700000000000003       -2.0479941453487696E-015   0.0000000000000000     
   39.800000000000004       -1.2122894778189279E-015   0.0000000000000000     
   39.900000000000006       -2.0158651689638188E-015   0.0000000000000000     
   40.000000000000000        1.6170396090654290E-015   0.0000000000000000     
   40.100000000000001        1.4788241542635095E-015   0.0000000000000000     
   40.200000000000003       -6.2205207810818488E-016   0.0000000000000000     
   40.300000000000004        2.2949849524200962E-015   0.0000000000000000     
   40.400000000000006       -9.0279815591432641E-016   0.0000000000000000     
   40.500000000000000        7.2536676003018634E-016   0.0000000000000000     
   40.600000000000001       -3.6000509269869015E-016   0.0000000000000000     
   40.700000000000003        5.8845185888450186E-016   0.0000000000000000     
   40.800000000000004       -1.3172602385269405E-015   0.0000000000000000     
   40.900000000000006        1.1140976041743832E-015   0.0000000000000000     
   41.000000000000000        7.0908549417644235E-017   0.0000000000000000     
   41.100000000000001       -4.7192911571631528E-015   0.0000000000000000     
   41.200000000000003        2.1782914086924878E-015   0.0000000000000000     
   41.300000000000004       -2.3831531492047532E-015   0.0000000000000000     
   41.400000000000006        2.0943354082996131E-015   0.0000000000000000     
   41.500000000000000       -1.8661665968214765E-016   0.0000000000000000     
   41.600000000000001        4.8474779378369205E-015   0.0000000000000000     
   41.700000000000003       -6.8948326142662368E-017   0.0000000000000000     
   41.800000000000004       -2.7296198551503226E-015   0.0000000000000000     
   41.900000000000006        1.2917929894317745E-015   0.0000000000000000     
   42.000000000000000       -3.5976322781143988E-015   0.0000000000000000     
   42.100000000000001        4.4671121570588259E-016   0.0000000000000000     
   42.200000000000003        2.5236433057065964E-017   0.0000000000000000     
   42.300000000000004        2.1922791465774595E-015   0.0000000000000000     
   42.400000000000006        1.4030381866693858E-015   0.0000000000000000     
   42.500000000000000       -4.0427965027621807E-016   0.0000000000000000     
   42.600000000000001       -3.6776212744920983E-016   0.0000000000000000     
   42.700000000000003       -1.8137304163461185E-015   0.0000000000000000     
   42.800000000000004        2.5169637733623513E-016   0.0000000000000000     
   42.900000000000006       -3.2262948751004221E-015   0.0000000000000000     
   43.000000000000000        2.4373219743746484E-016   0.0000000000000000     
   43.100000000000001        2.0852355457724790E-015   0.0000000000000000     
   43.200000000000003        3.9441745198095346E-015   0.0000000000000000     
   43.300000000000004       -2.3416429171035092E-015   0.0000000000000000     
   43.400000000000006        3.5410554981870543E-016   0.0000000000000000     
   43.500000000000000       -1.1718292294367465E-015   0.0000000000000000     
   43.600000000000001       -7.8935068394939315E-016   0.0000000000000000     
   43.700000000000003        2.0447633147002698E-015   0.0000000000000000     
   43.800000000000004       -3.5734526689149368E-015   0.0000000000000000     
   43.900000000000006        4.9005646344211797E-015   0.0000000000000000     
   44.000000000000000       -1.6629210802901511E-015   0.0000000000000000     
   44.100000000000001        9.5299112525286949E-016   0.0000000000000000     
   44.200000000000003       -2.5432937587247571E-015   0.0000000000000000     
   44.300000000000004        9.3528992857097006E-016   0.0000000000000000     
   44.400000000000006       -1.9402491212676530E-016   0.0000000000000000     
   44.500000000000000       -2.0098731147268588E-015   0.0000000000000000     
   44.600000000000001        2.7830579801263987E-015   0.0000000000000000     
   44.700000000000003        3.3996414978105752E-016   0.0000000000000000     
   44.800000000000004       -2.3701365302358155E-015   0.0000000000000000     
   44.900000000000006        7.9891598212980583E-016   0.0000000000000000     
   45.000000000000000        1.6379058964622203E-015   0.0000000000000000     
   45.100000000000001        4.4208768656162764E-016   0.0000000000000000     
   45.200000000000003       -3.0709043970089738E-015   0.0000000000000000     
   45.300000000000004        5.0300828415183123E-016   0.0000000000000000     
   45.400000000000006       -3.8914194989610896E-015   0.0000000000000000     
   45.500000000000000        3.4981706071004353E-015   0.0000000000000000     
   45.600000000000001        2.7660245508959980E-015   0.0000000000000000     
   45.700000000000003        2.8511327801842043E-015   0.0000000000000000     
   45.800000000000004        1.3895136203025005E-015   0.0000000000000000     
   45.900000000000006       -1.2930574655884256E-015   0.0000000000000000     
   46.000000000000000       -1.3138626629400534E-015   0.0000000000000000     
   46.100000000000001       -2.0485862166618324E-015   0.0000000000000000     
   46.200000000000003       -2.4026348345515906E-015   0.0000000000000000     
   46.300000000000004        5.9643909627698876E-016   0.0000000000000000     
   46.400000000000006       -9.0648135444120194E-016   0.0000000000000000     
   46.500000000000000        2.4134592261161227E-015   0.0000000000000000     
   46.600000000000001        1.8673449290648882E-015   0.0000000000000000     
   46.700000000000003       -1.1033789890192431E-015   0.0000000000000000     
   46.800000000000004       -1.2178132901471438E-015   0.0000000000000000     
   46.900000000000006       -4.2230678646685884E-016   0.0000000000000000     
   47.000000000000000       -2.9539796297094807E-015   0.0000000000000000     
   47.100000000000001        2.9539191544793150E-015   0.0000000000000000     
   47.200000000000003       -9.0895899518059656E-016   0.0000000000000000     
   47.300000000000004        2.9648795751566085E-015   0.0000000000000000     
   47.400000000000006       -2.2760387706774375E-015   0.0000000000000000     
   47.500000000000000       -2.5978913874218999E-015   0.0000000000000000     
   47.600000000000001       -6.2029880960569996E-016   0.0000000000000000     
   47.700000000000003       -5.9998278830912302E-016   0.0000000000000000     
   47.800000000000004       -6.6604363176968846E-016   0.0000000000000000     
   47.900000000000006       -2.7183704909102295E-015   0.0000000000000000     
   48.000000000000000        3.7946762095596400E-015   0.0000000000000000     
   48.100000000000001        1.5420561989741999E-015   0.0000000000000000     
   48.200000000000003        3.1291465455066374E-015   0.0000000000000000     
   48.300000000000004       -3.3268892526734460E-016   0.0000000000000000     
   48.400000000000006        4.8319869670511198E-016   0.0000000000000000     
   48.500000000000000        2.4058539045413081E-015   0.0000000000000000     
   48.600000000000001       -4.0975970686895150E-015   0.0000000000000000     
   48.700000000000003       -7.8240259627619292E-016   0.0000000000000000     
   48.800000000000004       -7.5473252665187057E-016   0.0000000000000000     
   48.900000000000006       -1.3215509036791642E-015   0.0000000000000000     
   49.000000000000000        2.8466283768101425E-015   0.0000000000000000     
   49.100000000000001       -1.5597619069343938E-015   0.0000000000000000     
   49.200000000000003        3.3261087514141588E-015   0.0000000000000000     
   49.300000000000004       -1.8123838605926482E-017   0.0000000000000000     
   49.400000000000006       -4.3894586175645296E-016   0.0000000000000000     
   49.500000000000000        3.9001430136632959E-016   0.0000000000000000     
   49.600000000000001       -1.5483946524469480E-015   0.0000000000000000     
   49.700000000000003        1.2950382246786172E-015   0.0000000000000000     
   49.800000000000004        9.4365095917223394E-016   0.0000000000000000     
   49.900000000000006        5.0654071924799070E-054   0.0000000000000000     
