   0.0000000000000000       -8.5915766964661937E-016   0.0000000000000000     
  0.10000000000000001       -9.7705491492964117E-016   0.0000000000000000     
  0.20000000000000001       -4.6981575202414469E-016   0.0000000000000000     
  0.30000000000000004        5.6278589310233452E-016   0.0000000000000000     
  0.40000000000000002        8.2519103975364132E-016   0.0000000000000000     
  0.50000000000000000       -6.2405189144021666E-016   0.0000000000000000     
  0.60000000000000009       -2.6845967848327699E-016   0.0000000000000000     
  0.70000000000000007        7.0265280371608704E-016   0.0000000000000000     
  0.80000000000000004        1.7937023908652229E-016   0.0000000000000000     
  0.90000000000000002        6.7613133608483172E-016   0.0000000000000000     
   1.0000000000000000        7.9221840446899887E-016   0.0000000000000000     
   1.1000000000000001       -1.0726218290796470E-015   0.0000000000000000     
   1.2000000000000002       -2.5715669036969235E-015   0.0000000000000000     
   1.3000000000000000       -1.5312085619925600E-015   0.0000000000000000     
   1.4000000000000001        1.1301163174436846E-015   0.0000000000000000     
   1.5000000000000000        2.3377190333355140E-015   0.0000000000000000     
   1.6000000000000001        2.2108919347375720E-015   0.0000000000000000     
   1.7000000000000002        1.0052836779553188E-015   0.0000000000000000     
   1.8000000000000000       -1.1831854780646312E-015   0.0000000000000000     
   1.9000000000000001       -1.8335973568427709E-015   0.0000000000000000     
   2.0000000000000000       -2.3809406406427598E-015   0.0000000000000000     
   2.1000000000000001       -1.7796034144888230E-015   0.0000000000000000     
   2.2000000000000002        1.9518075540999358E-015   0.0000000000000000     
   2.3000000000000003        2.5615048273967758E-015   0.0000000000000000     
   2.4000000000000004        7.1210010595667120E-016   0.0000000000000000     
   2.5000000000000000        5.0649957144183068E-016   0.0000000000000000     
   2.6000000000000001       -7.6494999194737457E-016   0.0000000000000000     
   2.7000000000000002       -9.1806504153366753E-016   0.0000000000000000     
   2.8000000000000003        2.3704684991626858E-016   0.0000000000000000     
   2.9000000000000004       -9.3915913183639603E-016   0.0000000000000000     
   3.0000000000000000       -1.4955582446967787E-015   0.0000000000000000     
   3.1000000000000001        6.1293771228682087E-016   0.0000000000000000     
   3.2000000000000002        2.1503876309364330E-015   0.0000000000000000     
   3.3000000000000003        1.2621933015486799E-016   0.0000000000000000     
   3.4000000000000004       -9.0802373594782390E-016   0.0000000000000000     
   3.5000000000000000        7.6295114958429593E-016   0.0000000000000000     
   3.6000000000000001       -9.0929054148146375E-016   0.0000000000000000     
   3.7000000000000002       -4.2491380318542038E-016   0.0000000000000000     
   3.8000000000000003        2.4973979529927086E-015   0.0000000000000000     
   3.9000000000000004       -7.3224553967237308E-016   0.0000000000000000     
   4.0000000000000000       -2.0534578192346219E-015   0.0000000000000000     
   4.1000000000000005       -3.4827145601302335E-016   0.0000000000000000     
   4.2000000000000002       -1.3231988186003264E-015   0.0000000000000000     
   4.2999999999999998        9.2765425318374383E-016   0.0000000000000000     
   4.4000000000000004        2.9342829451918375E-015   0.0000000000000000     
   4.5000000000000000        8.1332142943855597E-016   0.0000000000000000     
   4.6000000000000005       -3.4023907870652598E-016   0.0000000000000000     
   4.7000000000000002       -1.1045969731219878E-015   0.0000000000000000     
   4.8000000000000007       -1.5015772824034246E-015   0.0000000000000000     
   4.9000000000000004       -5.8561914218608286E-016   0.0000000000000000     
   5.0000000000000000       -3.8499853541155575E-016   0.0000000000000000     
   5.1000000000000005       -2.7320400297635893E-016   0.0000000000000000     
   5.2000000000000002        1.1984590893172939E-015   0.0000000000000000     
   5.3000000000000007        2.0791584798435901E-015   0.0000000000000000     
   5.4000000000000004        3.0705980001694980E-016   0.0000000000000000     
   5.5000000000000000       -6.7534430045724790E-016   0.0000000000000000     
   5.6000000000000005        3.3421675762876071E-016   0.0000000000000000     
   5.7000000000000002       -7.2640740321345199E-016   0.0000000000000000     
   5.8000000000000007       -2.3780059866279617E-015   0.0000000000000000     
   5.9000000000000004       -1.0354629775179163E-015   0.0000000000000000     
   6.0000000000000000        9.9007809524251660E-016   0.0000000000000000     
   6.1000000000000005        1.4132849739569835E-015   0.0000000000000000     
   6.2000000000000002        1.8657959245015559E-015   0.0000000000000000     
   6.3000000000000007        1.0830745750552921E-015   0.0000000000000000     
   6.4000000000000004       -1.6214549092984063E-015   0.0000000000000000     
   6.5000000000000000       -1.0575961847361846E-015   0.0000000000000000     
   6.6000000000000005        4.5821234950093344E-016   0.0000000000000000     
   6.7000000000000002       -1.3716531684609763E-015   0.0000000000000000     
   6.8000000000000007       -7.8011318437176053E-016   0.0000000000000000     
   6.9000000000000004        1.3484873880061894E-015   0.0000000000000000     
   7.0000000000000000        2.9997194604529130E-016   0.0000000000000000     
   7.1000000000000005        1.5325393336203890E-016   0.0000000000000000     
   7.2000000000000002        1.0084116106162006E-015   0.0000000000000000     
   7.3000000000000007        2.2364133561131470E-017   0.0000000000000000     
   7.4000000000000004       -4.8815347383479724E-016   0.0000000000000000     
   7.5000000000000000       -4.5826059107152857E-016   0.0000000000000000     
   7.6000000000000005       -9.1018266323502573E-016   0.0000000000000000     
   7.7000000000000002       -9.9682175207857468E-017   0.0000000000000000     
   7.8000000000000007        1.5796749978329381E-015   0.0000000000000000     
   7.9000000000000004        1.0771755967996679E-015   0.0000000000000000     
   8.0000000000000000       -1.8042813839679959E-015   0.0000000000000000     
   8.0999999999999996       -1.7563620065244325E-015   0.0000000000000000     
   8.2000000000000011        1.1888202356642941E-015   0.0000000000000000     
   8.3000000000000007        4.5084414759437664E-016   0.0000000000000000     
   8.4000000000000004       -4.2204543856402585E-016   0.0000000000000000     
   8.5000000000000000        1.6534444214708815E-015   0.0000000000000000     
   8.5999999999999996        4.5552197427900607E-016   0.0000000000000000     
   8.7000000000000011       -7.7465469348568783E-016   0.0000000000000000     
   8.8000000000000007       -8.8165784696683628E-017   0.0000000000000000     
   8.9000000000000004       -1.2235954662843739E-015   0.0000000000000000     
   9.0000000000000000       -9.2935723250304647E-016   0.0000000000000000     
   9.0999999999999996       -2.2419266126788078E-016   0.0000000000000000     
   9.2000000000000011       -3.0709548384493717E-016   0.0000000000000000     
   9.3000000000000007        1.9336982919591256E-015   0.0000000000000000     
   9.4000000000000004        1.4509672318416168E-015   0.0000000000000000     
   9.5000000000000000        1.6120645914127625E-016   0.0000000000000000     
   9.6000000000000014       -5.2429812355403730E-017   0.0000000000000000     
   9.7000000000000011       -1.5498974232115339E-015   0.0000000000000000     
   9.8000000000000007       -1.7798451587244616E-015   0.0000000000000000     
   9.9000000000000004        1.1024663509869644E-015   0.0000000000000000     
   10.000000000000000        2.5578485766865797E-016   0.0000000000000000     
   10.100000000000001       -5.3541359542315801E-017   0.0000000000000000     
   10.200000000000001       -6.0795366465371410E-016   0.0000000000000000     
   10.300000000000001        1.4713837014014705E-015   0.0000000000000000     
   10.400000000000000       -2.7747482843231735E-016   0.0000000000000000     
   10.500000000000000        1.6073373757857418E-015   0.0000000000000000     
   10.600000000000001       -2.2028628819612781E-015   0.0000000000000000     
   10.700000000000001        3.6428947575917508E-016   0.0000000000000000     
   10.800000000000001       -2.8421925477763400E-015   0.0000000000000000     
   10.900000000000000        4.2381639078310572E-015   0.0000000000000000     
   11.000000000000000       -3.7119829820219912E-015   0.0000000000000000     
   11.100000000000001        6.4210074598025420E-015   0.0000000000000000     
   11.200000000000001       -6.5193839613719663E-015   0.0000000000000000     
   11.300000000000001        7.7181936211880461E-015   0.0000000000000000     
   11.400000000000000       -1.3882780009268509E-014   0.0000000000000000     
   11.500000000000000        1.4880760951076438E-014   0.0000000000000000     
   11.600000000000001       -1.6951808950444675E-014   0.0000000000000000     
   11.700000000000001        2.4563546126007504E-014   0.0000000000000000     
   11.800000000000001       -3.1026047827936171E-014   0.0000000000000000     
   11.900000000000000        4.1024490938580739E-014   0.0000000000000000     
   12.000000000000000       -5.2208532764995854E-014   0.0000000000000000     
   12.100000000000001        6.3252781658874847E-014   0.0000000000000000     
   12.200000000000001       -8.2664841068989765E-014   0.0000000000000000     
   12.300000000000001        1.0687970432660832E-013   0.0000000000000000     
   12.400000000000000       -1.3547146732532487E-013   0.0000000000000000     
   12.500000000000000        1.7325212035405768E-013   0.0000000000000000     
   12.600000000000001       -2.1783951392468931E-013   0.0000000000000000     
   12.700000000000001        2.7944425248743873E-013   0.0000000000000000     
   12.800000000000001       -3.5847603395046897E-013   0.0000000000000000     
   12.900000000000000        4.5254281910440784E-013   0.0000000000000000     
   13.000000000000000       -5.7671459304872371E-013   0.0000000000000000     
   13.100000000000001        7.3013614334161870E-013   0.0000000000000000     
   13.200000000000001       -9.2740708373068529E-013   0.0000000000000000     
   13.300000000000001        1.1807094883800604E-012   0.0000000000000000     
   13.400000000000000       -1.4916585927913331E-012   0.0000000000000000     
   13.500000000000000        1.8924917858566058E-012   0.0000000000000000     
   13.600000000000001       -2.3955779155172202E-012   0.0000000000000000     
   13.700000000000001        3.0279242305285007E-012   0.0000000000000000     
   13.800000000000001       -3.8332950704758207E-012   0.0000000000000000     
   13.900000000000000        4.8379429408912983E-012   0.0000000000000000     
   14.000000000000000       -6.1076966734489511E-012   0.0000000000000000     
   14.100000000000001        7.7064036294373159E-012   0.0000000000000000     
   14.200000000000001       -9.7089418453704958E-012   0.0000000000000000     
   14.300000000000001        1.2230710371262861E-011   0.0000000000000000     
   14.400000000000000       -1.5389663434788306E-011   0.0000000000000000     
   14.500000000000000        1.9351784134306465E-011   0.0000000000000000     
   14.600000000000001       -2.4316417842607763E-011   0.0000000000000000     
   14.700000000000001        3.0521260600792231E-011   0.0000000000000000     
   14.800000000000001       -3.8285107543017335E-011   0.0000000000000000     
   14.900000000000000        4.7983402637560674E-011   0.0000000000000000     
   15.000000000000000       -6.0083438005294830E-011   0.0000000000000000     
   15.100000000000001        7.5172282271428910E-011   0.0000000000000000     
   15.200000000000001       -9.3967173789610136E-011   0.0000000000000000     
   15.300000000000001        1.1735974480563571E-010   0.0000000000000000     
   15.400000000000000       -1.4644470246722982E-010   0.0000000000000000     
   15.500000000000000        1.8257233590889945E-010   0.0000000000000000     
   15.600000000000001       -2.2740633547532849E-010   0.0000000000000000     
   15.700000000000001        2.8298881294656282E-010   0.0000000000000000     
   15.800000000000001       -3.5183218903853292E-010   0.0000000000000000     
   15.900000000000000        4.3700841670307657E-010   0.0000000000000000     
   16.000000000000000       -5.4229330424408031E-010   0.0000000000000000     
   16.100000000000001        6.7230510522015271E-010   0.0000000000000000     
   16.199999999999999       -8.3267693784525042E-010   0.0000000000000000     
   16.300000000000001        1.0303031087463334E-009   0.0000000000000000     
   16.400000000000002       -1.2735809156492045E-009   0.0000000000000000     
   16.500000000000000        1.5727385446717157E-009   0.0000000000000000     
   16.600000000000001       -1.9402278687034778E-009   0.0000000000000000     
   16.699999999999999        2.3911733698016037E-009   0.0000000000000000     
   16.800000000000001       -2.9439336745183899E-009   0.0000000000000000     
   16.900000000000002        3.6207569394584232E-009   0.0000000000000000     
   17.000000000000000       -4.4485871295540703E-009   0.0000000000000000     
   17.100000000000001        5.4600006167505000E-009   0.0000000000000000     
   17.199999999999999       -6.6943320005910679E-009   0.0000000000000000     
   17.300000000000001        8.1990289201677176E-009   0.0000000000000000     
   17.400000000000002       -1.0031244311307894E-008   0.0000000000000000     
   17.500000000000000        1.2259733805130295E-008   0.0000000000000000     
   17.600000000000001       -1.4967100730532611E-008   0.0000000000000000     
   17.699999999999999        1.8252461597207715E-008   0.0000000000000000     
   17.800000000000001       -2.2234573705246372E-008   0.0000000000000000     
   17.900000000000002        2.7055561814613525E-008   0.0000000000000000     
   18.000000000000000       -3.2885269301978465E-008   0.0000000000000000     
   18.100000000000001        3.9926382796299848E-008   0.0000000000000000     
   18.199999999999999       -4.8420483526829795E-008   0.0000000000000000     
   18.300000000000001        5.8655068740739974E-008   0.0000000000000000     
   18.400000000000002       -7.0971841266040053E-008   0.0000000000000000     
   18.500000000000000        8.5776334850977904E-008   0.0000000000000000     
   18.600000000000001       -1.0354914448637393E-007   0.0000000000000000     
   18.699999999999999        1.2485906429660247E-007   0.0000000000000000     
   18.800000000000001       -1.5037822933829184E-007   0.0000000000000000     
   18.900000000000002        1.8089977924131104E-007   0.0000000000000000     
   19.000000000000000       -2.1735826482970079E-007   0.0000000000000000     
   19.100000000000001        2.6085319843651373E-007   0.0000000000000000     
   19.200000000000003       -3.1267629935977723E-007   0.0000000000000000     
   19.300000000000001        3.7434273676036996E-007   0.0000000000000000     
   19.400000000000002       -4.4762711987980595E-007   0.0000000000000000     
   19.500000000000000        5.3460474655770385E-007   0.0000000000000000     
   19.600000000000001       -6.3769871260935565E-007   0.0000000000000000     
   19.700000000000003        7.5973385103817205E-007   0.0000000000000000     
   19.800000000000001       -9.0399810401029404E-007   0.0000000000000000     
   19.900000000000002        1.0743122973935455E-006   0.0000000000000000     
   20.000000000000000       -1.2751094086175710E-006   0.0000000000000000     
   20.100000000000001        1.5115242276591540E-006   0.0000000000000000     
   20.200000000000003       -1.7894946780908900E-006   0.0000000000000000     
   20.300000000000001        2.1158760174133204E-006   0.0000000000000000     
   20.400000000000002       -2.4985692331559135E-006   0.0000000000000000     
   20.500000000000000        2.9466651133213127E-006   0.0000000000000000     
   20.600000000000001       -3.4706053934635797E-006   0.0000000000000000     
   20.700000000000003        4.0823626657415041E-006   0.0000000000000000     
   20.800000000000001       -4.7956406928083948E-006   0.0000000000000000     
   20.900000000000002        5.6260967409831273E-006   0.0000000000000000     
   21.000000000000000       -6.5915878308834797E-006   0.0000000000000000     
   21.100000000000001        7.7124425929212580E-006   0.0000000000000000     
   21.200000000000003       -9.0117605151385482E-006   0.0000000000000000     
   21.300000000000001        1.0515740467053228E-005   0.0000000000000000     
   21.400000000000002       -1.2254040031907785E-005   0.0000000000000000     
   21.500000000000000        1.4260167366746146E-005   0.0000000000000000     
   21.600000000000001       -1.6571907104492626E-005   0.0000000000000000     
   21.700000000000003        1.9231781463060247E-005   0.0000000000000000     
   21.800000000000001       -2.2287547727822403E-005   0.0000000000000000     
   21.900000000000002        2.5792732752256017E-005   0.0000000000000000     
   22.000000000000000       -2.9807204855384800E-005   0.0000000000000000     
   22.100000000000001        3.4397783051631284E-005   0.0000000000000000     
   22.200000000000003       -3.9638882850490897E-005   0.0000000000000000     
   22.300000000000001        4.5613197431067350E-005   0.0000000000000000     
   22.400000000000002       -5.2412412097873328E-005   0.0000000000000000     
   22.500000000000000        6.0137949107011012E-005   0.0000000000000000     
   22.600000000000001       -6.8901739113104511E-005   0.0000000000000000     
   22.700000000000003        7.8827014240964740E-005   0.0000000000000000     
   22.800000000000001       -9.0049116709120143E-005   0.0000000000000000     
   22.900000000000002        1.0271631566323323E-004   0.0000000000000000     
   23.000000000000000       -1.1699062330696705E-004   0.0000000000000000     
   23.100000000000001        1.3304860010030542E-004   0.0000000000000000     
   23.200000000000003       -1.5108213702508028E-004   0.0000000000000000     
   23.300000000000001        1.7129920117959694E-004   0.0000000000000000     
   23.400000000000002       -1.9392452935402868E-004   0.0000000000000000     
   23.500000000000000        2.1920025215885187E-004   0.0000000000000000     
   23.600000000000001       -2.4738642956232499E-004   0.0000000000000000     
   23.700000000000003        2.7876147672800558E-004   0.0000000000000000     
   23.800000000000001       -3.1362245715845145E-004   0.0000000000000000     
   23.900000000000002        3.5228521847686017E-004   0.0000000000000000     
   24.000000000000000       -3.9508434431057276E-004   0.0000000000000000     
   24.100000000000001        4.4237289434314919E-004   0.0000000000000000     
   24.200000000000003       -4.9452190321003285E-004   0.0000000000000000     
   24.300000000000001        5.5191960791961894E-004   0.0000000000000000     
   24.400000000000002       -6.1497037267473141E-004   0.0000000000000000     
   24.500000000000000        6.8409327964996430E-004   0.0000000000000000     
   24.600000000000001       -7.5972035453156716E-004   0.0000000000000000     
   24.700000000000003        8.4229439610442394E-004   0.0000000000000000     
   24.800000000000001       -9.3226638058675391E-004   0.0000000000000000     
   24.900000000000002        1.0300924132819647E-003   0.0000000000000000     
   25.000000000000000       -1.1362302028202569E-003   0.0000000000000000     
   25.100000000000001        1.2511350367370114E-003   0.0000000000000000     
   25.200000000000003       -1.3752552414650688E-003   0.0000000000000000     
   25.300000000000001        1.5090271150920785E-003   0.0000000000000000     
   25.400000000000002       -1.6528693272847004E-003   0.0000000000000000     
   25.500000000000000        1.8071767880882459E-003   0.0000000000000000     
   25.600000000000001       -1.9723139952535999E-003   0.0000000000000000     
   25.700000000000003        2.1486078787735442E-003   0.0000000000000000     
   25.800000000000001       -2.3363401713917620E-003   0.0000000000000000     
   25.900000000000002        2.5357393444293799E-003   0.0000000000000000     
   26.000000000000000       -2.7469721599719782E-003   0.0000000000000000     
   26.100000000000001        2.9701349026714000E-003   0.0000000000000000     
   26.200000000000003       -3.2052443669984506E-003   0.0000000000000000     
   26.300000000000001        3.4522286889867235E-003   0.0000000000000000     
   26.400000000000002       -3.7109181246425273E-003   0.0000000000000000     
   26.500000000000000        3.9810358903182999E-003   0.0000000000000000     
   26.600000000000001       -4.2621891931399723E-003   0.0000000000000000     
   26.700000000000003        4.5538605917194415E-003   0.0000000000000000     
   26.800000000000001       -4.8553998386179492E-003   0.0000000000000000     
   26.900000000000002        5.1660163659889525E-003   0.0000000000000000     
   27.000000000000000       -5.4847725843043538E-003   0.0000000000000000     
   27.100000000000001        5.8105781703766436E-003   0.0000000000000000     
   27.200000000000003       -6.1421855251964181E-003   0.0000000000000000     
   27.300000000000001        6.4781865836869351E-003   0.0000000000000000     
   27.400000000000002       -6.8170111570249855E-003   0.0000000000000000     
   27.500000000000000        7.1569269835892223E-003   0.0000000000000000     
   27.600000000000001       -7.4960416565292304E-003   0.0000000000000000     
   27.700000000000003        7.8323065840860406E-003   0.0000000000000000     
   27.800000000000001       -8.1635231229422386E-003   0.0000000000000000     
   27.900000000000002        8.4873510053238583E-003   0.0000000000000000     
   28.000000000000000       -8.8013191565322734E-003   0.0000000000000000     
   28.100000000000001        9.1028389720052682E-003   0.0000000000000000     
   28.200000000000003       -9.3892200912519350E-003   0.0000000000000000     
   28.300000000000001        9.6576886706454933E-003   0.0000000000000000     
   28.400000000000002       -9.9054081187327763E-003   0.0000000000000000     
   28.500000000000000        1.0129502215935709E-002   0.0000000000000000     
   28.600000000000001       -1.0327080497083405E-002   0.0000000000000000     
   28.700000000000003        1.0495265729510097E-002   0.0000000000000000     
   28.800000000000001       -1.0631223273126472E-002   0.0000000000000000     
   28.900000000000002        1.0732192062394133E-002   0.0000000000000000     
   29.000000000000000       -1.0795516904005709E-002   0.0000000000000000     
   29.100000000000001        1.0818681740384615E-002   0.0000000000000000     
   29.200000000000003       -1.0799343487326359E-002   0.0000000000000000     
   29.300000000000001        1.0735366016620052E-002   0.0000000000000000     
   29.400000000000002       -1.0624853821587453E-002   0.0000000000000000     
   29.500000000000000        1.0466184876172197E-002   0.0000000000000000     
   29.600000000000001       -1.0258042178126882E-002   0.0000000000000000     
   29.700000000000003        9.9994434538133725E-003   0.0000000000000000     
   29.800000000000001       -9.6897684980809425E-003   0.0000000000000000     
   29.900000000000002        9.3287836275041097E-003   0.0000000000000000     
   30.000000000000000       -8.9166627396825883E-003   0.0000000000000000     
   30.100000000000001        8.4540044960510572E-003   0.0000000000000000     
   30.200000000000003       -7.9418451801951343E-003   0.0000000000000000     
   30.300000000000001        7.3816668286216351E-003   0.0000000000000000     
   30.400000000000002       -6.7754002856531530E-003   0.0000000000000000     
   30.500000000000000        6.1254228982165915E-003   0.0000000000000000     
   30.600000000000001       -5.4345506388589135E-003   0.0000000000000000     
   30.700000000000003        4.7060245257429861E-003   0.0000000000000000     
   30.800000000000001       -3.9434912951868675E-003   0.0000000000000000     
   30.900000000000002        3.1509783737504013E-003   0.0000000000000000     
   31.000000000000000       -2.3328632924027584E-003   0.0000000000000000     
   31.100000000000001        1.4938377818363466E-003   0.0000000000000000     
   31.200000000000003       -6.3886688462886753E-004   0.0000000000000000     
   31.300000000000001       -2.2685648568294530E-004   0.0000000000000000     
   31.400000000000002        1.0979610185724543E-003   0.0000000000000000     
   31.500000000000000       -1.9689499094647008E-003   0.0000000000000000     
   31.600000000000001        2.8342565123224838E-003   0.0000000000000000     
   31.700000000000003       -3.6883019966596499E-003   0.0000000000000000     
   31.800000000000001        4.5255542103524735E-003   0.0000000000000000     
   31.900000000000002       -5.3405869092084703E-003   0.0000000000000000     
   32.000000000000000        6.1281384882426026E-003   0.0000000000000000     
   32.100000000000001       -6.8831693397203115E-003   0.0000000000000000     
   32.200000000000003        7.6009169687026217E-003   0.0000000000000000     
   32.300000000000004       -8.2769480194168667E-003   0.0000000000000000     
   32.399999999999999        8.9072064048905403E-003   0.0000000000000000     
   32.500000000000000       -9.4880567869565589E-003   0.0000000000000000     
   32.600000000000001        1.0016322724186316E-002   0.0000000000000000     
   32.700000000000003       -1.0489318889282612E-002   0.0000000000000000     
   32.800000000000004        1.0904876854220912E-002   0.0000000000000000     
   32.899999999999999       -1.1261364048676384E-002   0.0000000000000000     
   33.000000000000000        1.1557695612865765E-002   0.0000000000000000     
   33.100000000000001       -1.1793338988056290E-002   0.0000000000000000     
   33.200000000000003        1.1968311213107988E-002   0.0000000000000000     
   33.300000000000004       -1.2083169022001032E-002   0.0000000000000000     
   33.399999999999999        1.2138991961700122E-002   0.0000000000000000     
   33.500000000000000       -1.2137358869882367E-002   0.0000000000000000     
   33.600000000000001        1.2080318165059381E-002   0.0000000000000000     
   33.700000000000003       -1.1970352505158040E-002   0.0000000000000000     
   33.800000000000004        1.1810338462475435E-002   0.0000000000000000     
   33.899999999999999       -1.1603501941112064E-002   0.0000000000000000     
   34.000000000000000        1.1353370125866012E-002   0.0000000000000000     
   34.100000000000001       -1.1063720798084851E-002   0.0000000000000000     
   34.200000000000003        1.0738529882966327E-002   0.0000000000000000     
   34.300000000000004       -1.0381918104213886E-002   0.0000000000000000     
   34.399999999999999        9.9980976155861941E-003   0.0000000000000000     
   34.500000000000000       -9.5913194551230131E-003   0.0000000000000000     
   34.600000000000001        9.1658226278374302E-003   0.0000000000000000     
   34.700000000000003       -8.7257855672862455E-003   0.0000000000000000     
   34.800000000000004        8.2752806576835269E-003   0.0000000000000000     
   34.899999999999999       -7.8182324174824545E-003   0.0000000000000000     
   35.000000000000000        7.3583798552976131E-003   0.0000000000000000     
   35.100000000000001       -6.8992434116990102E-003   0.0000000000000000     
   35.200000000000003        6.4440967979788096E-003   0.0000000000000000     
   35.300000000000004       -5.9959439386617699E-003   0.0000000000000000     
   35.399999999999999        5.5575011199333032E-003   0.0000000000000000     
   35.500000000000000       -5.1311843443211640E-003   0.0000000000000000     
   35.600000000000001        4.7191017947997094E-003   0.0000000000000000     
   35.700000000000003       -4.3230512209221283E-003   0.0000000000000000     
   35.800000000000004        3.9445219780034858E-003   0.0000000000000000     
   35.899999999999999       -3.5847013782428056E-003   0.0000000000000000     
   36.000000000000000        3.2444849523374391E-003   0.0000000000000000     
   36.100000000000001       -2.9244901713975759E-003   0.0000000000000000     
   36.200000000000003        2.6250731429682548E-003   0.0000000000000000     
   36.300000000000004       -2.3463477716578855E-003   0.0000000000000000     
   36.399999999999999        2.0882068637663054E-003   0.0000000000000000     
   36.500000000000000       -1.8503446565811415E-003   0.0000000000000000     
   36.600000000000001        1.6322802649578424E-003   0.0000000000000000     
   36.700000000000003       -1.4333815603174971E-003   0.0000000000000000     
   36.800000000000004        1.2528890283671438E-003   0.0000000000000000     
   36.899999999999999       -1.0899391906072844E-003   0.0000000000000000     
   37.000000000000000        9.4358721953055071E-004   0.0000000000000000     
   37.100000000000001       -8.1282842663213742E-004   0.0000000000000000     
   37.200000000000003        6.9661835466876569E-004   0.0000000000000000     
   37.300000000000004       -5.9389125908573793E-004   0.0000000000000000     
   37.399999999999999        5.0357681727828502E-004   0.0000000000000000     
   37.500000000000000       -4.2461495649187493E-004   0.0000000000000000     
   37.600000000000001        3.5596874099386996E-004   0.0000000000000000     
   37.700000000000003       -2.9663530515206790E-004   0.0000000000000000     
   37.800000000000004        2.4565486113304756E-004   0.0000000000000000     
   37.899999999999999       -2.0211784648465708E-004   0.0000000000000000     
   38.000000000000000        1.6517030834102656E-004   0.0000000000000000     
   38.100000000000001       -1.3401764674452759E-004   0.0000000000000000     
   38.200000000000003        1.0792685935069493E-004   0.0000000000000000     
   38.300000000000004       -8.6227444189841958E-005   0.0000000000000000     
   38.400000000000006        6.8311125931701851E-005   0.0000000000000000     
   38.500000000000000       -5.3630575095377420E-005   0.0000000000000000     
   38.600000000000001        4.1697288822626830E-005   0.0000000000000000     
   38.700000000000003       -3.2078797260592695E-005   0.0000000000000000     
   38.800000000000004        2.4395351530609159E-005   0.0000000000000000     
   38.900000000000006       -1.8316238404957761E-005   0.0000000000000000     
   39.000000000000000        1.3555854120949279E-005   0.0000000000000000     
   39.100000000000001       -9.8696550997967459E-006   0.0000000000000000     
   39.200000000000003        7.0500882908810025E-006   0.0000000000000000     
   39.300000000000004       -4.9225882042595505E-006   0.0000000000000000     
   39.400000000000006        3.3417121266267301E-006   0.0000000000000000     
   39.500000000000000       -2.1874701337817943E-006   0.0000000000000000     
   39.600000000000001        1.3618923898249655E-006   0.0000000000000000     
   39.700000000000003       -7.8586343303504862E-007   0.0000000000000000     
   39.800000000000004        3.9624128584082410E-007   0.0000000000000000     
   39.900000000000006       -1.4326944952799957E-007   0.0000000000000000     
   40.000000000000000       -1.1719074032062928E-008   0.0000000000000000     
   40.100000000000001        9.8313449563827272E-008   0.0000000000000000     
   40.200000000000003       -1.3876582507026293E-007   0.0000000000000000     
   40.300000000000004        1.4947889619709613E-007   0.0000000000000000     
   40.400000000000006       -1.4226076461381801E-007   0.0000000000000000     
   40.500000000000000        1.2536949145910803E-007   0.0000000000000000     
   40.600000000000001       -1.0437040061384857E-007   0.0000000000000000     
   40.700000000000003        8.2829414955644673E-008   0.0000000000000000     
   40.800000000000004       -6.2864779142367094E-008   0.0000000000000000     
   40.900000000000006        4.5578438555485802E-008   0.0000000000000000     
   41.000000000000000       -3.1386762969116162E-008   0.0000000000000000     
   41.100000000000001        2.0268449211163667E-008   0.0000000000000000     
   41.200000000000003       -1.1945431080717525E-008   0.0000000000000000     
   41.300000000000004        6.0106080194839357E-009   0.0000000000000000     
   41.400000000000006       -2.0144015184958417E-009   0.0000000000000000     
   41.500000000000000       -4.8010712202388969E-010   0.0000000000000000     
   41.600000000000001        1.8650357536299906E-009   0.0000000000000000     
   41.700000000000003       -2.4720716473037029E-009   0.0000000000000000     
   41.800000000000004        2.5679891891772318E-009   0.0000000000000000     
   41.900000000000006       -2.3573902641809412E-009   0.0000000000000000     
   42.000000000000000        1.9895557796395748E-009   0.0000000000000000     
   42.100000000000001       -1.5673234919217821E-009   0.0000000000000000     
   42.200000000000003        1.1564633439474677E-009   0.0000000000000000     
   42.300000000000004       -7.9455195675242094E-010   0.0000000000000000     
   42.400000000000006        4.9886282258008347E-010   0.0000000000000000     
   42.500000000000000       -2.7290494936385105E-010   0.0000000000000000     
   42.600000000000001        1.1167910020347876E-010   0.0000000000000000     
   42.700000000000003       -5.5990108577518921E-012   0.0000000000000000     
   42.800000000000004       -5.6726672391870003E-011   0.0000000000000000     
   42.900000000000006        8.6600917916165727E-011   0.0000000000000000     
   43.000000000000000       -9.4142220094105830E-011   0.0000000000000000     
   43.100000000000001        8.7726093985509823E-011   0.0000000000000000     
   43.200000000000003       -7.3826539257334729E-011   0.0000000000000000     
   43.300000000000004        5.7082269360871691E-011   0.0000000000000000     
   43.400000000000006       -4.0574404044936947E-011   0.0000000000000000     
   43.500000000000000        2.6098339709510474E-011   0.0000000000000000     
   43.600000000000001       -1.4493828889345839E-011   0.0000000000000000     
   43.700000000000003        5.9426081121689125E-012   0.0000000000000000     
   43.800000000000004       -1.9869598361171369E-013   0.0000000000000000     
   43.900000000000006       -3.2002132721262974E-012   0.0000000000000000     
   44.000000000000000        4.8041923653156841E-012   0.0000000000000000     
   44.100000000000001       -5.1528435786156514E-012   0.0000000000000000     
   44.200000000000003        4.7198195381140723E-012   0.0000000000000000     
   44.300000000000004       -3.8609931160514300E-012   0.0000000000000000     
   44.400000000000006        2.8678117073531149E-012   0.0000000000000000     
   44.500000000000000       -1.9166706247768471E-012   0.0000000000000000     
   44.600000000000001        1.1072469950653307E-012   0.0000000000000000     
   44.700000000000003       -4.8313244844989027E-013   0.0000000000000000     
   44.800000000000004        4.7652643919469723E-014   0.0000000000000000     
   44.900000000000006        2.1141997499637428E-013   0.0000000000000000     
   45.000000000000000       -3.3962443247190551E-013   0.0000000000000000     
   45.100000000000001        3.6935011080384934E-013   0.0000000000000000     
   45.200000000000003       -3.3926016995990508E-013   0.0000000000000000     
   45.300000000000004        2.7336126104180622E-013   0.0000000000000000     
   45.400000000000006       -1.9665621339606183E-013   0.0000000000000000     
   45.500000000000000        1.2567194957544677E-013   0.0000000000000000     
   45.600000000000001       -6.5420522733097282E-014   0.0000000000000000     
   45.700000000000003        2.1049793226215229E-014   0.0000000000000000     
   45.800000000000004        1.0637607580092290E-014   0.0000000000000000     
   45.900000000000006       -2.6065324783059760E-014   0.0000000000000000     
   46.000000000000000        3.0534384936031632E-014   0.0000000000000000     
   46.100000000000001       -3.1351300882460154E-014   0.0000000000000000     
   46.200000000000003        2.6143867157235018E-014   0.0000000000000000     
   46.300000000000004       -1.6930723140674747E-014   0.0000000000000000     
   46.400000000000006        1.4459704516425935E-014   0.0000000000000000     
   46.500000000000000       -4.9957129192112451E-015   0.0000000000000000     
   46.600000000000001        4.1420898618662779E-015   0.0000000000000000     
   46.700000000000003        2.3128084485508303E-015   0.0000000000000000     
   46.800000000000004       -3.8273392855889104E-015   0.0000000000000000     
   46.900000000000006        4.3384443104981755E-015   0.0000000000000000     
   47.000000000000000       -3.1203011089795181E-015   0.0000000000000000     
   47.100000000000001        4.7713572937522847E-015   0.0000000000000000     
   47.200000000000003       -6.5065520939826593E-015   0.0000000000000000     
   47.300000000000004        2.3422089685941115E-015   0.0000000000000000     
   47.400000000000006       -4.3371081191805387E-015   0.0000000000000000     
   47.500000000000000        5.2983799652788244E-015   0.0000000000000000     
   47.600000000000001       -5.9538694734644159E-015   0.0000000000000000     
   47.700000000000003        1.8605353348282552E-015   0.0000000000000000     
   47.800000000000004       -3.0584064945667925E-015   0.0000000000000000     
   47.900000000000006        3.3914030358166498E-015   0.0000000000000000     
   48.000000000000000       -5.8639633383938730E-015   0.0000000000000000     
   48.100000000000001        1.4303164030949484E-015   0.0000000000000000     
   48.200000000000003       -3.4661628523327684E-015   0.0000000000000000     
   48.300000000000004        3.7213189419143876E-015   0.0000000000000000     
   48.400000000000006       -3.0820808274868714E-015   0.0000000000000000     
   48.500000000000000        3.3935345626162967E-015   0.0000000000000000     
   48.600000000000001       -6.7177473962282914E-016   0.0000000000000000     
   48.700000000000003        5.1426052982057858E-015   0.0000000000000000     
   48.800000000000004       -2.3911156882589273E-015   0.0000000000000000     
   48.900000000000006        5.1658381035691719E-015   0.0000000000000000     
   49.000000000000000       -1.3872285585066849E-015   0.0000000000000000     
   49.100000000000001        1.6449369049046885E-015   0.0000000000000000     
   49.200000000000003       -2.7752859091435749E-015   0.0000000000000000     
   49.300000000000004        1.0659465337842150E-015   0.0000000000000000     
   49.400000000000006       -3.9414023144354469E-016   0.0000000000000000     
   49.500000000000000        7.5779596580410490E-016   0.0000000000000000     
   49.600000000000001        1.8713949869746681E-016   0.0000000000000000     
   49.700000000000003       -1.4608218303559122E-015   0.0000000000000000     
   49.800000000000004        2.2419300557288689E-015   0.0000000000000000     
   49.900000000000006        5.0654071924799070E-054   0.0000000000000000     
