   0.0000000000000000       -1.0273134421628080E-015   0.0000000000000000     
  0.10000000000000001       -1.4762981631907683E-015   0.0000000000000000     
  0.20000000000000001       -1.1734107675292700E-015   0.0000000000000000     
  0.30000000000000004       -3.3716401586820361E-016   0.0000000000000000     
  0.40000000000000002       -3.2520524056322044E-016   0.0000000000000000     
  0.50000000000000000       -9.4928305108684306E-017   0.0000000000000000     
  0.60000000000000009        1.6554924833804310E-015   0.0000000000000000     
  0.70000000000000007        1.4675401594947456E-015   0.0000000000000000     
  0.80000000000000004       -5.5758368259908301E-016   0.0000000000000000     
  0.90000000000000002        1.0636416601588025E-016   0.0000000000000000     
   1.0000000000000000       -1.8549453998258120E-015   0.0000000000000000     
   1.1000000000000001       -2.5766372851466978E-015   0.0000000000000000     
   1.2000000000000002        1.5076297465110769E-015   0.0000000000000000     
   1.3000000000000000        2.1173200322711836E-015   0.0000000000000000     
   1.4000000000000001       -3.1408661043549289E-016   0.0000000000000000     
   1.5000000000000000        5.2901268070420933E-016   0.0000000000000000     
   1.6000000000000001       -6.0523634882928527E-016   0.0000000000000000     
   1.7000000000000002        1.2111236392895572E-015   0.0000000000000000     
   1.8000000000000000       -8.2872421239979594E-016   0.0000000000000000     
   1.9000000000000001       -2.3551020884540377E-015   0.0000000000000000     
   2.0000000000000000       -1.4928348085292463E-015   0.0000000000000000     
   2.1000000000000001        3.3795347333606692E-015   0.0000000000000000     
   2.2000000000000002       -6.4044387746472540E-016   0.0000000000000000     
   2.3000000000000003        3.1958418391172382E-015   0.0000000000000000     
   2.4000000000000004       -3.4674541330656677E-015   0.0000000000000000     
   2.5000000000000000        2.5722350122044109E-015   0.0000000000000000     
   2.6000000000000001       -4.3216496916407080E-015   0.0000000000000000     
   2.7000000000000002        5.3430744741380735E-015   0.0000000000000000     
   2.8000000000000003       -9.0086964331047582E-015   0.0000000000000000     
   2.9000000000000004        1.0373217402225224E-014   0.0000000000000000     
   3.0000000000000000       -1.2370112563037976E-014   0.0000000000000000     
   3.1000000000000001        1.8022319479072392E-014   0.0000000000000000     
   3.2000000000000002       -2.0164061532005914E-014   0.0000000000000000     
   3.3000000000000003        2.6679112448994019E-014   0.0000000000000000     
   3.4000000000000004       -3.6071394036633589E-014   0.0000000000000000     
   3.5000000000000000        4.4671801820570688E-014   0.0000000000000000     
   3.6000000000000001       -5.9924532591610821E-014   0.0000000000000000     
   3.7000000000000002        7.3694874894907394E-014   0.0000000000000000     
   3.8000000000000003       -9.2760114359974730E-014   0.0000000000000000     
   3.9000000000000004        1.2409530842106556E-013   0.0000000000000000     
   4.0000000000000000       -1.5541898266779954E-013   0.0000000000000000     
   4.1000000000000005        1.9835256979701126E-013   0.0000000000000000     
   4.2000000000000002       -2.5745715900945430E-013   0.0000000000000000     
   4.2999999999999998        3.2606115541144726E-013   0.0000000000000000     
   4.4000000000000004       -4.1573689231677578E-013   0.0000000000000000     
   4.5000000000000000        5.3028104577384685E-013   0.0000000000000000     
   4.6000000000000005       -6.7737885997725750E-013   0.0000000000000000     
   4.7000000000000002        8.6604776464361963E-013   0.0000000000000000     
   4.8000000000000007       -1.1007511873931168E-012   0.0000000000000000     
   4.9000000000000004        1.4018506056861668E-012   0.0000000000000000     
   5.0000000000000000       -1.7851854685754473E-012   0.0000000000000000     
   5.1000000000000005        2.2681618263662061E-012   0.0000000000000000     
   5.2000000000000002       -2.8814998420073864E-012   0.0000000000000000     
   5.3000000000000007        3.6604749758381954E-012   0.0000000000000000     
   5.4000000000000004       -4.6476898927065869E-012   0.0000000000000000     
   5.5000000000000000        5.8896472806711173E-012   0.0000000000000000     
   5.6000000000000005       -7.4634812582000586E-012   0.0000000000000000     
   5.7000000000000002        9.4556448980955882E-012   0.0000000000000000     
   5.8000000000000007       -1.1957763986223851E-011   0.0000000000000000     
   5.9000000000000004        1.5118328594068149E-011   0.0000000000000000     
   6.0000000000000000       -1.9102716994286087E-011   0.0000000000000000     
   6.1000000000000005        2.4108961168512688E-011   0.0000000000000000     
   6.2000000000000002       -3.0411655716235149E-011   0.0000000000000000     
   6.3000000000000007        3.8324375570460743E-011   0.0000000000000000     
   6.4000000000000004       -4.8254990643656654E-011   0.0000000000000000     
   6.5000000000000000        6.0715836600020478E-011   0.0000000000000000     
   6.6000000000000005       -7.6317014095707934E-011   0.0000000000000000     
   6.7000000000000002        9.5848716822024078E-011   0.0000000000000000     
   6.8000000000000007       -1.2027605168347034E-010   0.0000000000000000     
   6.9000000000000004        1.5078741428058933E-010   0.0000000000000000     
   7.0000000000000000       -1.8887381294218727E-010   0.0000000000000000     
   7.1000000000000005        2.3635664975684283E-010   0.0000000000000000     
   7.2000000000000002       -2.9550230669942695E-010   0.0000000000000000     
   7.3000000000000007        3.6910346883986792E-010   0.0000000000000000     
   7.4000000000000004       -4.6058801804009343E-010   0.0000000000000000     
   7.5000000000000000        5.7420205905717542E-010   0.0000000000000000     
   7.6000000000000005       -7.1514136180709106E-010   0.0000000000000000     
   7.7000000000000002        8.8978600434379418E-010   0.0000000000000000     
   7.8000000000000007       -1.1059832096515820E-009   0.0000000000000000     
   7.9000000000000004        1.3733219305496800E-009   0.0000000000000000     
   8.0000000000000000       -1.7035393659773915E-009   0.0000000000000000     
   8.0999999999999996        2.1109831153765355E-009   0.0000000000000000     
   8.2000000000000011       -2.6131544005680956E-009   0.0000000000000000     
   8.3000000000000007        3.2313880032469260E-009   0.0000000000000000     
   8.4000000000000004       -3.9916445924489994E-009   0.0000000000000000     
   8.5000000000000000        4.9254853953040000E-009   0.0000000000000000     
   8.5999999999999996       -6.0712345414433118E-009   0.0000000000000000     
   8.7000000000000011        7.4753440805830878E-009   0.0000000000000000     
   8.8000000000000007       -9.1940530392384355E-009   0.0000000000000000     
   8.9000000000000004        1.1295382029084907E-008   0.0000000000000000     
   9.0000000000000000       -1.3861452975023493E-008   0.0000000000000000     
   9.0999999999999996        1.6991277517297889E-008   0.0000000000000000     
   9.2000000000000011       -2.0804111779443660E-008   0.0000000000000000     
   9.3000000000000007        2.5443339816618135E-008   0.0000000000000000     
   9.4000000000000004       -3.1081125998483757E-008   0.0000000000000000     
   9.5000000000000000        3.7923938033696191E-008   0.0000000000000000     
   9.6000000000000014       -4.6218959765357771E-008   0.0000000000000000     
   9.7000000000000011        5.6261733123890515E-008   0.0000000000000000     
   9.8000000000000007       -6.8405111641557023E-008   0.0000000000000000     
   9.9000000000000004        8.3069702628127889E-008   0.0000000000000000     
   10.000000000000000       -1.0075618898905861E-007   0.0000000000000000     
   10.100000000000001        1.2205964280871696E-007   0.0000000000000000     
   10.200000000000001       -1.4768622869877989E-007   0.0000000000000000     
   10.300000000000001        1.7847271502572845E-007   0.0000000000000000     
   10.400000000000000       -2.1540905427090168E-007   0.0000000000000000     
   10.500000000000000        2.5966460023119208E-007   0.0000000000000000     
   10.600000000000001       -3.1261846137046530E-007   0.0000000000000000     
   10.700000000000001        3.7589452339120440E-007   0.0000000000000000     
   10.800000000000001       -4.5140183967998628E-007   0.0000000000000000     
   10.900000000000000        5.4138105820346093E-007   0.0000000000000000     
   11.000000000000000       -6.4845770931212235E-007   0.0000000000000000     
   11.100000000000001        7.7570325169038657E-007   0.0000000000000000     
   11.200000000000001       -9.2670479891759396E-007   0.0000000000000000     
   11.300000000000001        1.1056446147619740E-006   0.0000000000000000     
   11.400000000000000       -1.3173905614862427E-006   0.0000000000000000     
   11.500000000000000        1.5675987271835207E-006   0.0000000000000000     
   11.600000000000001       -1.8628296056480750E-006   0.0000000000000000     
   11.700000000000001        2.2106793421195486E-006   0.0000000000000000     
   11.800000000000001       -2.6199275652223949E-006   0.0000000000000000     
   11.900000000000000        3.1007035011165713E-006   0.0000000000000000     
   12.000000000000000       -3.6646721808641974E-006   0.0000000000000000     
   12.100000000000001        4.3252425505087493E-006   0.0000000000000000     
   12.200000000000001       -5.0977994544552180E-006   0.0000000000000000     
   12.300000000000001        5.9999614859400635E-006   0.0000000000000000     
   12.400000000000000       -7.0518667368532932E-006   0.0000000000000000     
   12.500000000000000        8.2764885450079661E-006   0.0000000000000000     
   12.600000000000001       -9.6999832442339260E-006   0.0000000000000000     
   12.700000000000001        1.1352071916455834E-005   0.0000000000000000     
   12.800000000000001       -1.3266458092119288E-005   0.0000000000000000     
   12.900000000000000        1.5481283151919473E-005   0.0000000000000000     
   13.000000000000000       -1.8039620959526638E-005   0.0000000000000000     
   13.100000000000001        2.0990013060429332E-005   0.0000000000000000     
   13.200000000000001       -2.4387045424576954E-005   0.0000000000000000     
   13.300000000000001        2.8291967212898129E-005   0.0000000000000000     
   13.400000000000000       -3.2773351655212714E-005   0.0000000000000000     
   13.500000000000000        3.7907798415506630E-005   0.0000000000000000     
   13.600000000000001       -4.3780676108830086E-005   0.0000000000000000     
   13.700000000000001        5.0486902889551384E-005   0.0000000000000000     
   13.800000000000001       -5.8131761902094403E-005   0.0000000000000000     
   13.900000000000000        6.6831747430721710E-005   0.0000000000000000     
   14.000000000000000       -7.6715436334470318E-005   0.0000000000000000     
   14.100000000000001        8.7924377868928808E-005   0.0000000000000000     
   14.200000000000001       -1.0061399370071585E-004   0.0000000000000000     
   14.300000000000001        1.1495447811919977E-004   0.0000000000000000     
   14.400000000000000       -1.3113168672983740E-004   0.0000000000000000     
   14.500000000000000        1.4934800010983862E-004   0.0000000000000000     
   14.600000000000001       -1.6982314678435414E-004   0.0000000000000000     
   14.700000000000001        1.9279496795973492E-004   0.0000000000000000     
   14.800000000000001       -2.1852010420869396E-004   0.0000000000000000     
   14.900000000000000        2.4727458213803707E-004   0.0000000000000000     
   15.000000000000000       -2.7935427699509157E-004   0.0000000000000000     
   15.100000000000001        3.1507522491121742E-004   0.0000000000000000     
   15.200000000000001       -3.5477375655553086E-004   0.0000000000000000     
   15.300000000000001        3.9880642199128797E-004   0.0000000000000000     
   15.400000000000000       -4.4754967483630657E-004   0.0000000000000000     
   15.500000000000000        5.0139928249806425E-004   0.0000000000000000     
   15.600000000000001       -5.6076942795541321E-004   0.0000000000000000     
   15.700000000000001        6.2609146804197286E-004   0.0000000000000000     
   15.800000000000001       -6.9781231297143080E-004   0.0000000000000000     
   15.900000000000000        7.7639239203936114E-004   0.0000000000000000     
   16.000000000000000       -8.6230317167329930E-004   0.0000000000000000     
   16.100000000000001        9.5602419365107931E-004   0.0000000000000000     
   16.199999999999999       -1.0580396038168951E-003   0.0000000000000000     
   16.300000000000001        1.1688341452257762E-003   0.0000000000000000     
   16.400000000000002       -1.2888885939134414E-003   0.0000000000000000     
   16.500000000000000        1.4186746209652597E-003   0.0000000000000000     
   16.600000000000001       -1.5586490710801449E-003   0.0000000000000000     
   16.699999999999999        1.7092476552937994E-003   0.0000000000000000     
   16.800000000000001       -1.8708780642922671E-003   0.0000000000000000     
   16.900000000000002        2.0439125184563514E-003   0.0000000000000000     
   17.000000000000000       -2.2286797815563300E-003   0.0000000000000000     
   17.100000000000001        2.4254566768997523E-003   0.0000000000000000     
   17.199999999999999       -2.6344591573917082E-003   0.0000000000000000     
   17.300000000000001        2.8558329944832011E-003   0.0000000000000000     
   17.400000000000002       -3.0896441650790914E-003   0.0000000000000000     
   17.500000000000000        3.3358690300274037E-003   0.0000000000000000     
   17.600000000000001       -3.5943844126378548E-003   0.0000000000000000     
   17.699999999999999        3.8649577002948161E-003   0.0000000000000000     
   17.800000000000001       -4.1472371066880558E-003   0.0000000000000000     
   17.900000000000002        4.4407422458937196E-003   0.0000000000000000     
   18.000000000000000       -4.7448551822146705E-003   0.0000000000000000     
   18.100000000000001        5.0588121311291642E-003   0.0000000000000000     
   18.199999999999999       -5.3816959961686906E-003   0.0000000000000000     
   18.300000000000001        5.7124299340751963E-003   0.0000000000000000     
   18.400000000000002       -6.0497721454977728E-003   0.0000000000000000     
   18.500000000000000        6.3923120903323681E-003   0.0000000000000000     
   18.600000000000001       -6.7384683256715870E-003   0.0000000000000000     
   18.699999999999999        7.0864881591986605E-003   0.0000000000000000     
   18.800000000000001       -7.4344493020158430E-003   0.0000000000000000     
   18.900000000000002        7.7802636919259158E-003   0.0000000000000000     
   19.000000000000000       -8.1216836405279321E-003   0.0000000000000000     
   19.100000000000001        8.4563104358112776E-003   0.0000000000000000     
   19.200000000000003       -8.7816055053837588E-003   0.0000000000000000     
   19.300000000000001        9.0949042145990807E-003   0.0000000000000000     
   19.400000000000002       -9.3934323390233599E-003   0.0000000000000000     
   19.500000000000000        9.6743252113068133E-003   0.0000000000000000     
   19.600000000000001       -9.9346495001368731E-003   0.0000000000000000     
   19.700000000000003        1.0171427533349660E-002   0.0000000000000000     
   19.800000000000001       -1.0381664028936383E-002   0.0000000000000000     
   19.900000000000002        1.0562375048248638E-002   0.0000000000000000     
   20.000000000000000       -1.0710618934949017E-002   0.0000000000000000     
   20.100000000000001        1.0823528952745864E-002   0.0000000000000000     
   20.200000000000003       -1.0898347285805779E-002   0.0000000000000000     
   20.300000000000001        1.0932460018341642E-002   0.0000000000000000     
   20.400000000000002       -1.0923432666224833E-002   0.0000000000000000     
   20.500000000000000        1.0869045794098369E-002   0.0000000000000000     
   20.600000000000001       -1.0767330217624478E-002   0.0000000000000000     
   20.700000000000003        1.0616601263603975E-002   0.0000000000000000     
   20.800000000000001       -1.0415491541238308E-002   0.0000000000000000     
   20.900000000000002        1.0162981667250761E-002   0.0000000000000000     
   21.000000000000000       -9.8584283864427604E-003   0.0000000000000000     
   21.100000000000001        9.5015895381615201E-003   0.0000000000000000     
   21.200000000000003       -9.0926453388950924E-003   0.0000000000000000     
   21.300000000000001        8.6322154816580298E-003   0.0000000000000000     
   21.400000000000002       -8.1213715943677430E-003   0.0000000000000000     
   21.500000000000000        7.5616446516428093E-003   0.0000000000000000     
   21.600000000000001       -6.9550269970233107E-003   0.0000000000000000     
   21.700000000000003        6.3039687049088258E-003   0.0000000000000000     
   21.800000000000001       -5.6113680921885808E-003   0.0000000000000000     
   21.900000000000002        4.8805562779816432E-003   0.0000000000000000     
   22.000000000000000       -4.1152757842146757E-003   0.0000000000000000     
   22.100000000000001        3.3196532683309825E-003   0.0000000000000000     
   22.200000000000003       -2.4981665807468434E-003   0.0000000000000000     
   22.300000000000001        1.6556064412374845E-003   0.0000000000000000     
   22.400000000000002       -7.9703312875598693E-004   0.0000000000000000     
   22.500000000000000       -7.2271324378970339E-005   0.0000000000000000     
   22.600000000000001        9.4685485248402826E-004   0.0000000000000000     
   22.700000000000003       -1.8211503263058026E-003   0.0000000000000000     
   22.800000000000001        2.6895330357251698E-003   0.0000000000000000     
   22.900000000000002       -3.5463798874870761E-003   0.0000000000000000     
   23.000000000000000        4.3861294724569051E-003   0.0000000000000000     
   23.100000000000001       -5.2033421245013499E-003   0.0000000000000000     
   23.200000000000003        5.9927590761863362E-003   0.0000000000000000     
   23.300000000000001       -6.7493598165483965E-003   0.0000000000000000     
   23.400000000000002        7.4684167732388821E-003   0.0000000000000000     
   23.500000000000000       -8.1455464753889175E-003   0.0000000000000000     
   23.600000000000001        8.7767564044786712E-003   0.0000000000000000     
   23.700000000000003       -9.3584868070283340E-003   0.0000000000000000     
   23.800000000000001        9.8876468244518886E-003   0.0000000000000000     
   23.900000000000002       -1.0361644389955432E-002   0.0000000000000000     
   24.000000000000000        1.0778409448160197E-002   0.0000000000000000     
   24.100000000000001       -1.1136410168284719E-002   0.0000000000000000     
   24.200000000000003        1.1434661943342646E-002   0.0000000000000000     
   24.300000000000001       -1.1672729093732938E-002   0.0000000000000000     
   24.400000000000002        1.1850719320965890E-002   0.0000000000000000     
   24.500000000000000       -1.1969271083292078E-002   0.0000000000000000     
   24.600000000000001        1.2029534186986284E-002   0.0000000000000000     
   24.700000000000003       -1.2033144002386741E-002   0.0000000000000000     
   24.800000000000001        1.1982189820071622E-002   0.0000000000000000     
   24.900000000000002       -1.1879177957263960E-002   0.0000000000000000     
   25.000000000000000        1.1726990306100235E-002   0.0000000000000000     
   25.100000000000001       -1.1528839081916034E-002   0.0000000000000000     
   25.200000000000003        1.1288218579854714E-002   0.0000000000000000     
   25.300000000000001       -1.1008854781385410E-002   0.0000000000000000     
   25.400000000000002        1.0694653667898136E-002   0.0000000000000000     
   25.500000000000000       -1.0349649096676085E-002   0.0000000000000000     
   25.600000000000001        9.9779510756730794E-003   0.0000000000000000     
   25.700000000000003       -9.5836952382226427E-003   0.0000000000000000     
   25.800000000000001        9.1709942686099902E-003   0.0000000000000000     
   25.900000000000002       -8.7438919657513714E-003   0.0000000000000000     
   26.000000000000000        8.3063205567732775E-003   0.0000000000000000     
   26.100000000000001       -7.8620617873936000E-003   0.0000000000000000     
   26.200000000000003        7.4147122236979156E-003   0.0000000000000000     
   26.300000000000001       -6.9676531026220383E-003   0.0000000000000000     
   26.400000000000002        6.5240249687098118E-003   0.0000000000000000     
   26.500000000000000       -6.0867072345727209E-003   0.0000000000000000     
   26.600000000000001        5.6583027045529434E-003   0.0000000000000000     
   26.700000000000003       -5.2411270073560983E-003   0.0000000000000000     
   26.800000000000001        4.8372027957351692E-003   0.0000000000000000     
   26.900000000000002       -4.4482584916353133E-003   0.0000000000000000     
   27.000000000000000        4.0757312846095026E-003   0.0000000000000000     
   27.100000000000001       -3.7207740311910207E-003   0.0000000000000000     
   27.200000000000003        3.3842656539989219E-003   0.0000000000000000     
   27.300000000000001       -3.0668246018824745E-003   0.0000000000000000     
   27.400000000000002        2.7688249068652344E-003   0.0000000000000000     
   27.500000000000000       -2.4904143597128752E-003   0.0000000000000000     
   27.600000000000001        2.2315343230098371E-003   0.0000000000000000     
   27.700000000000003       -1.9919407082719261E-003   0.0000000000000000     
   27.800000000000001        1.7712256607663852E-003   0.0000000000000000     
   27.900000000000002       -1.5688395210838027E-003   0.0000000000000000     
   28.000000000000000        1.3841126653273807E-003   0.0000000000000000     
   28.100000000000001       -1.2162768641385715E-003   0.0000000000000000     
   28.200000000000003        1.0644858435683562E-003   0.0000000000000000     
   28.300000000000001       -9.2783477694865590E-004   0.0000000000000000     
   28.400000000000002        8.0537848415907637E-004   0.0000000000000000     
   28.500000000000000       -6.9614816273613886E-004   0.0000000000000000     
   28.600000000000001        5.9916652243941675E-004   0.0000000000000000     
   28.700000000000003       -5.1346123978284494E-004   0.0000000000000000     
   28.800000000000001        4.3807669170909893E-004   0.0000000000000000     
   28.900000000000002       -3.7208396622215816E-004   0.0000000000000000     
   29.000000000000000        3.1458918239317369E-004   0.0000000000000000     
   29.100000000000001       -2.6474018244744026E-004   0.0000000000000000     
   29.200000000000003        2.2173168364188816E-004   0.0000000000000000     
   29.300000000000001       -1.8480899809975842E-004   0.0000000000000000     
   29.400000000000002        1.5327044429414965E-004   0.0000000000000000     
   29.500000000000000       -1.2646858445331725E-004   0.0000000000000000     
   29.600000000000001        1.0381042866405107E-004   0.0000000000000000     
   29.700000000000003       -8.4756748738498339E-005   0.0000000000000000     
   29.800000000000001        6.8820643547291081E-005   0.0000000000000000     
   29.900000000000002       -5.5565493241887730E-005   0.0000000000000000     
   30.000000000000000        4.4602432724034567E-005   0.0000000000000000     
   30.100000000000001       -3.5587465685761576E-005   0.0000000000000000     
   30.200000000000003        2.8218329956296335E-005   0.0000000000000000     
   30.300000000000001       -2.2231213169598633E-005   0.0000000000000000     
   30.400000000000002        1.7397405504589250E-005   0.0000000000000000     
   30.500000000000000       -1.3519963733643186E-005   0.0000000000000000     
   30.600000000000001        1.0430448492134856E-005   0.0000000000000000     
   30.700000000000003       -7.9857847607361026E-006   0.0000000000000000     
   30.800000000000001        6.0652844495913086E-006   0.0000000000000000     
   30.900000000000002       -4.5678596150214711E-006   0.0000000000000000     
   31.000000000000000        3.4094456005749466E-006   0.0000000000000000     
   31.100000000000001       -2.5206453255677332E-006   0.0000000000000000     
   31.200000000000003        1.8445987633872202E-006   0.0000000000000000     
   31.300000000000001       -1.3350759999829612E-006   0.0000000000000000     
   31.400000000000002        9.5478741084958529E-007   0.0000000000000000     
   31.500000000000000       -6.7390073296872969E-007   0.0000000000000000     
   31.600000000000001        4.6875219502412486E-007   0.0000000000000000     
   31.700000000000003       -3.2073685919031797E-007   0.0000000000000000     
   31.800000000000001        2.1536232318384442E-007   0.0000000000000000     
   31.900000000000002       -1.4144926282472746E-007   0.0000000000000000     
   32.000000000000000        9.0462485298946401E-008   0.0000000000000000     
   32.100000000000001       -5.5956650191484871E-008   0.0000000000000000     
   32.200000000000003        3.3121365487312444E-008   0.0000000000000000     
   32.300000000000004       -1.8411733789151772E-008   0.0000000000000000     
   32.399999999999999        9.2513430296720436E-009   0.0000000000000000     
   32.500000000000000       -3.7960177307204767E-009   0.0000000000000000     
   32.600000000000001        7.4812251276176262E-010   0.0000000000000000     
   32.700000000000003        7.8781388334460628E-010   0.0000000000000000     
   32.800000000000004       -1.4158582678299908E-009   0.0000000000000000     
   32.899999999999999        1.5325388344124776E-009   0.0000000000000000     
   33.000000000000000       -1.3894912162796938E-009   0.0000000000000000     
   33.100000000000001        1.1394026738167111E-009   0.0000000000000000     
   33.200000000000003       -8.6924958459505392E-010   0.0000000000000000     
   33.300000000000004        6.2380813165926835E-010   0.0000000000000000     
   33.399999999999999       -4.2187864441620457E-010   0.0000000000000000     
   33.500000000000000        2.6727722769302129E-010   0.0000000000000000     
   33.600000000000001       -1.5595650274532210E-010   0.0000000000000000     
   33.700000000000003        8.0459275897556106E-011   0.0000000000000000     
   33.800000000000004       -3.2554492123821760E-011   0.0000000000000000     
   33.899999999999999        4.6218444875980748E-012   0.0000000000000000     
   34.000000000000000        9.7086818819049294E-012   0.0000000000000000     
   34.100000000000001       -1.5369255443213102E-011   0.0000000000000000     
   34.200000000000003        1.5965218291461418E-011   0.0000000000000000     
   34.300000000000004       -1.3973174361323875E-011   0.0000000000000000     
   34.399999999999999        1.0966882849620344E-011   0.0000000000000000     
   34.500000000000000       -7.8830778238630111E-012   0.0000000000000000     
   34.600000000000001        5.1966561540446854E-012   0.0000000000000000     
   34.700000000000003       -3.0915709856292798E-012   0.0000000000000000     
   34.800000000000004        1.5845029672241911E-012   0.0000000000000000     
   34.899999999999999       -5.9200318071371223E-013   0.0000000000000000     
   35.000000000000000        7.3623208592661936E-015   0.0000000000000000     
   35.100000000000001        2.8922820807743872E-013   0.0000000000000000     
   35.200000000000003       -3.9336542494105601E-013   0.0000000000000000     
   35.300000000000004        3.8100160533832656E-013   0.0000000000000000     
   35.399999999999999       -3.2157046781201326E-013   0.0000000000000000     
   35.500000000000000        2.4034580904451164E-013   0.0000000000000000     
   35.600000000000001       -1.5731865795977555E-013   0.0000000000000000     
   35.700000000000003        9.5600234730754496E-014   0.0000000000000000     
   35.800000000000004       -4.5158378168826863E-014   0.0000000000000000     
   35.899999999999999        9.6586897042710436E-015   0.0000000000000000     
   36.000000000000000        3.1525982648546472E-015   0.0000000000000000     
   36.100000000000001       -1.2786349976418902E-014   0.0000000000000000     
   36.200000000000003        1.5526140858358685E-014   0.0000000000000000     
   36.300000000000004       -1.3923805198114646E-014   0.0000000000000000     
   36.399999999999999        1.1472826394247200E-014   0.0000000000000000     
   36.500000000000000       -6.6764441783004340E-015   0.0000000000000000     
   36.600000000000001        6.4309704686267805E-015   0.0000000000000000     
   36.700000000000003       -7.8761721920294409E-016   0.0000000000000000     
   36.800000000000004        8.7671613849911174E-016   0.0000000000000000     
   36.899999999999999       -3.8396661809242044E-015   0.0000000000000000     
   37.000000000000000        1.5466354976971960E-016   0.0000000000000000     
   37.100000000000001       -1.6137109168443513E-015   0.0000000000000000     
   37.200000000000003        9.5117051093698368E-016   0.0000000000000000     
   37.300000000000004        5.7243390260972375E-016   0.0000000000000000     
   37.399999999999999        1.3310602200965774E-015   0.0000000000000000     
   37.500000000000000        1.2158440037458825E-015   0.0000000000000000     
   37.600000000000001       -3.7440351017497985E-015   0.0000000000000000     
   37.700000000000003        2.2793609872462079E-015   0.0000000000000000     
   37.800000000000004       -3.4882398396249981E-017   0.0000000000000000     
   37.899999999999999        5.7246619533395766E-016   0.0000000000000000     
   38.000000000000000       -3.5787443018350296E-015   0.0000000000000000     
   38.100000000000001        2.5648384507113569E-015   0.0000000000000000     
   38.200000000000003       -5.7317564791878434E-016   0.0000000000000000     
   38.300000000000004       -6.1557710729403154E-016   0.0000000000000000     
   38.400000000000006       -9.7036763169272103E-016   0.0000000000000000     
   38.500000000000000        4.0797369638265781E-015   0.0000000000000000     
   38.600000000000001       -2.2523181268318366E-015   0.0000000000000000     
   38.700000000000003        3.1244242203201087E-015   0.0000000000000000     
   38.800000000000004       -7.1204509475394527E-015   0.0000000000000000     
   38.900000000000006        4.6221931989025072E-015   0.0000000000000000     
   39.000000000000000       -1.2566751334825385E-015   0.0000000000000000     
   39.100000000000001        5.5743718743384995E-015   0.0000000000000000     
   39.200000000000003       -5.1434414864761776E-015   0.0000000000000000     
   39.300000000000004        4.7114736572629731E-015   0.0000000000000000     
   39.400000000000006       -4.0986665801303370E-015   0.0000000000000000     
   39.500000000000000        1.1855059784198873E-015   0.0000000000000000     
   39.600000000000001       -5.6764673681951803E-015   0.0000000000000000     
   39.700000000000003        6.1728780040627325E-016   0.0000000000000000     
   39.800000000000004       -2.9273314772216740E-015   0.0000000000000000     
   39.900000000000006        5.4543556152096048E-015   0.0000000000000000     
   40.000000000000000       -1.0200933679329503E-015   0.0000000000000000     
   40.100000000000001        4.3417571832227448E-015   0.0000000000000000     
   40.200000000000003        2.5211621672102941E-015   0.0000000000000000     
   40.300000000000004       -2.4669669663049443E-016   0.0000000000000000     
   40.400000000000006       -4.5777317135097014E-015   0.0000000000000000     
   40.500000000000000        1.1799086916493496E-016   0.0000000000000000     
   40.600000000000001       -2.1240767417064799E-015   0.0000000000000000     
   40.700000000000003        4.6656278537017517E-016   0.0000000000000000     
   40.800000000000004        1.2984764802796790E-015   0.0000000000000000     
   40.900000000000006        3.3177294460531278E-015   0.0000000000000000     
   41.000000000000000       -1.1540395208817260E-015   0.0000000000000000     
   41.100000000000001       -2.7805451917220652E-016   0.0000000000000000     
   41.200000000000003       -1.8049191255265070E-016   0.0000000000000000     
   41.300000000000004       -2.7922711931729525E-015   0.0000000000000000     
   41.400000000000006        2.3379454432733398E-015   0.0000000000000000     
   41.500000000000000       -1.7808471212837389E-015   0.0000000000000000     
   41.600000000000001        5.2728686067158359E-015   0.0000000000000000     
   41.700000000000003       -1.6810301548651279E-015   0.0000000000000000     
   41.800000000000004        2.2001531617011323E-015   0.0000000000000000     
   41.900000000000006       -3.9970148403769530E-015   0.0000000000000000     
   42.000000000000000        9.1451001556853121E-016   0.0000000000000000     
   42.100000000000001       -3.8592521327145581E-015   0.0000000000000000     
   42.200000000000003       -3.5608611739945209E-015   0.0000000000000000     
   42.300000000000004       -1.5149592945443488E-015   0.0000000000000000     
   42.400000000000006        2.2961520677480511E-015   0.0000000000000000     
   42.500000000000000        3.1745537368411098E-015   0.0000000000000000     
   42.600000000000001        5.7167569649273101E-017   0.0000000000000000     
   42.700000000000003        1.4034161378939088E-015   0.0000000000000000     
   42.800000000000004       -9.7602972004120581E-016   0.0000000000000000     
   42.900000000000006        6.9039096750941031E-016   0.0000000000000000     
   43.000000000000000       -3.0503976840030443E-015   0.0000000000000000     
   43.100000000000001        1.9321513835045144E-015   0.0000000000000000     
   43.200000000000003       -3.2272965569981195E-016   0.0000000000000000     
   43.300000000000004        1.5231333191670906E-015   0.0000000000000000     
   43.400000000000006       -3.4342619139618014E-015   0.0000000000000000     
   43.500000000000000       -8.0216488280746279E-016   0.0000000000000000     
   43.600000000000001        7.9686923302606009E-016   0.0000000000000000     
   43.700000000000003        1.9274405624124584E-015   0.0000000000000000     
   43.800000000000004        1.1617439380044452E-016   0.0000000000000000     
   43.900000000000006        3.3096724999070592E-016   0.0000000000000000     
   44.000000000000000        4.4590258506576940E-015   0.0000000000000000     
   44.100000000000001       -1.5797517255489349E-016   0.0000000000000000     
   44.200000000000003        5.8517188979141241E-016   0.0000000000000000     
   44.300000000000004       -3.4608984657464973E-015   0.0000000000000000     
   44.400000000000006        1.6100826668202485E-015   0.0000000000000000     
   44.500000000000000       -4.6299369626730996E-015   0.0000000000000000     
   44.600000000000001       -1.1292408421704676E-015   0.0000000000000000     
   44.700000000000003       -2.4513244418377171E-015   0.0000000000000000     
   44.800000000000004        4.8366791876645470E-015   0.0000000000000000     
   44.900000000000006        1.9131251898130077E-015   0.0000000000000000     
   45.000000000000000        9.2705481399402650E-016   0.0000000000000000     
   45.100000000000001        1.1738487697699257E-015   0.0000000000000000     
   45.200000000000003       -9.9016784689188992E-017   0.0000000000000000     
   45.300000000000004       -2.1690169243573562E-017   0.0000000000000000     
   45.400000000000006       -2.3963186624589296E-015   0.0000000000000000     
   45.500000000000000        1.7379651153440583E-015   0.0000000000000000     
   45.600000000000001       -2.1681208832617072E-015   0.0000000000000000     
   45.700000000000003        5.2134912629168078E-018   0.0000000000000000     
   45.800000000000004        1.8454574612907592E-016   0.0000000000000000     
   45.900000000000006        8.9726538095522075E-016   0.0000000000000000     
   46.000000000000000       -6.8755699097187242E-018   0.0000000000000000     
   46.100000000000001       -2.6439030392672362E-015   0.0000000000000000     
   46.200000000000003        2.3295484121685097E-015   0.0000000000000000     
   46.300000000000004       -4.4295909793464103E-016   0.0000000000000000     
   46.400000000000006        2.8292513227341837E-015   0.0000000000000000     
   46.500000000000000       -1.6672682706485820E-015   0.0000000000000000     
   46.600000000000001        2.0709898286421820E-015   0.0000000000000000     
   46.700000000000003       -3.4451347684164794E-017   0.0000000000000000     
   46.800000000000004        5.6107032555273874E-017   0.0000000000000000     
   46.900000000000006       -3.1458966820180435E-016   0.0000000000000000     
   47.000000000000000        9.4096954353192539E-016   0.0000000000000000     
   47.100000000000001        1.8128290849303934E-015   0.0000000000000000     
   47.200000000000003       -2.8325153277371602E-015   0.0000000000000000     
   47.300000000000004        4.2908781540551271E-017   0.0000000000000000     
   47.400000000000006        1.2958797360650694E-015   0.0000000000000000     
   47.500000000000000        2.6551197805183657E-015   0.0000000000000000     
   47.600000000000001       -3.3272320025691561E-015   0.0000000000000000     
   47.700000000000003       -1.4770835888160149E-015   0.0000000000000000     
   47.800000000000004       -1.0336151082574162E-015   0.0000000000000000     
   47.900000000000006       -2.7303197208481144E-015   0.0000000000000000     
   48.000000000000000        6.4578285746760069E-016   0.0000000000000000     
   48.100000000000001       -3.2054293050726389E-015   0.0000000000000000     
   48.200000000000003        3.9520274126628175E-015   0.0000000000000000     
   48.300000000000004        1.3773076954527522E-015   0.0000000000000000     
   48.400000000000006        1.7474637770974065E-015   0.0000000000000000     
   48.500000000000000       -3.4318453855462391E-016   0.0000000000000000     
   48.600000000000001        4.2872643502528547E-016   0.0000000000000000     
   48.700000000000003        3.3997946961353774E-015   0.0000000000000000     
   48.800000000000004       -4.6571004685571614E-015   0.0000000000000000     
   48.900000000000006       -1.0202552917819829E-015   0.0000000000000000     
   49.000000000000000       -4.8540170987765080E-015   0.0000000000000000     
   49.100000000000001        7.5451188373758034E-016   0.0000000000000000     
   49.200000000000003       -2.6331997176090126E-015   0.0000000000000000     
   49.300000000000004        2.7862467253948391E-015   0.0000000000000000     
   49.400000000000006        5.1583734097350041E-016   0.0000000000000000     
   49.500000000000000        1.0236122571160206E-015   0.0000000000000000     
   49.600000000000001        1.4822604018219218E-016   0.0000000000000000     
   49.700000000000003       -8.0604733324961009E-016   0.0000000000000000     
   49.800000000000004       -8.6976193777528860E-016   0.0000000000000000     
   49.900000000000006        5.0654071924799070E-054   0.0000000000000000     
