   0.0000000000000000        5.5417223117425212E-009   0.0000000000000000     
  0.10000000000000001        4.7689896340369407E-009   0.0000000000000000     
  0.20000000000000001        3.1774463191886919E-009   0.0000000000000000     
  0.30000000000000004        4.7126612138822200E-009   0.0000000000000000     
  0.40000000000000002        1.4303339364950190E-009   0.0000000000000000     
  0.50000000000000000        4.2488567248897690E-009   0.0000000000000000     
  0.60000000000000009       -5.6992141393853798E-010   0.0000000000000000     
  0.70000000000000007        4.3698520229997515E-009   0.0000000000000000     
  0.80000000000000004       -2.5889502843066007E-009   0.0000000000000000     
  0.90000000000000002        5.4047090012212182E-009   0.0000000000000000     
   1.0000000000000000       -5.0008414725887560E-009   0.0000000000000000     
   1.1000000000000001        7.4951931829424743E-009   0.0000000000000000     
   1.2000000000000002       -8.2576058307372378E-009   0.0000000000000000     
   1.3000000000000000        1.0969245694745035E-008   0.0000000000000000     
   1.4000000000000001       -1.2932579982676710E-008   0.0000000000000000     
   1.5000000000000000        1.6385925957558694E-008   0.0000000000000000     
   1.6000000000000001       -1.9810541192969210E-008   0.0000000000000000     
   1.7000000000000002        2.4611442817277474E-008   0.0000000000000000     
   1.8000000000000000       -3.0003702953302792E-008   0.0000000000000000     
   1.9000000000000001        3.6937265491967254E-008   0.0000000000000000     
   2.0000000000000000       -4.5107895188938513E-008   0.0000000000000000     
   2.1000000000000001        5.5252928230763018E-008   0.0000000000000000     
   2.2000000000000002       -6.7417100168304222E-008   0.0000000000000000     
   2.3000000000000003        8.2291899070671239E-008   0.0000000000000000     
   2.4000000000000004       -1.0021960170885330E-007   0.0000000000000000     
   2.5000000000000000        1.2197567315002252E-007   0.0000000000000000     
   2.6000000000000001       -1.4820621495089534E-007   0.0000000000000000     
   2.7000000000000002        1.7988976500906386E-007   0.0000000000000000     
   2.8000000000000003       -2.1802990679726754E-007   0.0000000000000000     
   2.9000000000000004        2.6393598270493147E-007   0.0000000000000000     
   3.0000000000000000       -3.1906788421462874E-007   0.0000000000000000     
   3.1000000000000001        3.8521834006493817E-007   0.0000000000000000     
   3.2000000000000002       -4.6445142378281290E-007   0.0000000000000000     
   3.3000000000000003        5.5923597438857078E-007   0.0000000000000000     
   3.4000000000000004       -6.7244595296837015E-007   0.0000000000000000     
   3.5000000000000000        8.0747545837572859E-007   0.0000000000000000     
   3.6000000000000001       -9.6828482601067380E-007   0.0000000000000000     
   3.7000000000000002        1.1595172222192717E-006   0.0000000000000000     
   3.8000000000000003       -1.3865838714812138E-006   0.0000000000000000     
   3.9000000000000004        1.6557964819612044E-006   0.0000000000000000     
   4.0000000000000000       -1.9744910330879312E-006   0.0000000000000000     
   4.1000000000000005        2.3511873867544965E-006   0.0000000000000000     
   4.2000000000000002       -2.7957548834614423E-006   0.0000000000000000     
   4.2999999999999998        3.3196094014881324E-006   0.0000000000000000     
   4.4000000000000004       -3.9359265124304405E-006   0.0000000000000000     
   4.5000000000000000        4.6598858599409118E-006   0.0000000000000000     
   4.6000000000000005       -5.5089394513879351E-006   0.0000000000000000     
   4.7000000000000002        6.5031132042517548E-006   0.0000000000000000     
   4.8000000000000007       -7.6653389499970474E-006   0.0000000000000000     
   4.9000000000000004        9.0218230433021117E-006   0.0000000000000000     
   5.0000000000000000       -1.0602451042398888E-005   0.0000000000000000     
   5.1000000000000005        1.2441232800481642E-005   0.0000000000000000     
   5.2000000000000002       -1.4576788495015263E-005   0.0000000000000000     
   5.3000000000000007        1.7052878523135863E-005   0.0000000000000000     
   5.4000000000000004       -1.9918978097454715E-005   0.0000000000000000     
   5.5000000000000000        2.3230898290394864E-005   0.0000000000000000     
   5.6000000000000005       -2.7051453800970870E-005   0.0000000000000000     
   5.7000000000000002        3.1451177971927994E-005   0.0000000000000000     
   5.8000000000000007       -3.6509084237963419E-005   0.0000000000000000     
   5.9000000000000004        4.2313472826373506E-005   0.0000000000000000     
   6.0000000000000000       -4.8962780317544707E-005   0.0000000000000000     
   6.1000000000000005        5.6566468680328556E-005   0.0000000000000000     
   6.2000000000000002       -6.5245949112426567E-005   0.0000000000000000     
   6.3000000000000007        7.5135534666713252E-005   0.0000000000000000     
   6.4000000000000004       -8.6383413947989550E-005   0.0000000000000000     
   6.5000000000000000        9.9152636632669747E-005   0.0000000000000000     
   6.6000000000000005       -1.1362209953752142E-004   0.0000000000000000     
   6.7000000000000002        1.2998751995556352E-004   0.0000000000000000     
   6.8000000000000007       -1.4846238090939116E-004   0.0000000000000000     
   6.9000000000000004        1.6927883059266640E-004   0.0000000000000000     
   7.0000000000000000       -1.9268851592914280E-004   0.0000000000000000     
   7.1000000000000005        2.1896332777541212E-004   0.0000000000000000     
   7.2000000000000002       -2.4839603274049490E-004   0.0000000000000000     
   7.3000000000000007        2.8130076421814656E-004   0.0000000000000000     
   7.4000000000000004       -3.1801334278602262E-004   0.0000000000000000     
   7.5000000000000000        3.5889139380316192E-004   0.0000000000000000     
   7.6000000000000005       -4.0431422804594358E-004   0.0000000000000000     
   7.7000000000000002        4.5468244928336527E-004   0.0000000000000000     
   7.8000000000000007       -5.1041725119026866E-004   0.0000000000000000     
   7.9000000000000004        5.7195936498352011E-004   0.0000000000000000     
   8.0000000000000000       -6.3976761847182710E-004   0.0000000000000000     
   8.0999999999999996        7.1431706726973255E-004   0.0000000000000000     
   8.2000000000000011       -7.9609665966721532E-004   0.0000000000000000     
   8.3000000000000007        8.8560639806758491E-004   0.0000000000000000     
   8.4000000000000004       -9.8335396234105490E-004   0.0000000000000000     
   8.5000000000000000        1.0898507637768114E-003   0.0000000000000000     
   8.5999999999999996       -1.2056074026965461E-003   0.0000000000000000     
   8.7000000000000011        1.3311285083629960E-003   0.0000000000000000     
   8.8000000000000007       -1.4669069464969297E-003   0.0000000000000000     
   8.9000000000000004        1.6134173876707304E-003   0.0000000000000000     
   9.0000000000000000       -1.7711092390360285E-003   0.0000000000000000     
   9.0999999999999996        1.9403989522265483E-003   0.0000000000000000     
   9.2000000000000011       -2.1216617319730333E-003   0.0000000000000000     
   9.3000000000000007        2.3152226827057882E-003   0.0000000000000000     
   9.4000000000000004       -2.5213474442341175E-003   0.0000000000000000     
   9.5000000000000000        2.7402323824353807E-003   0.0000000000000000     
   9.6000000000000014       -2.9719944163209295E-003   0.0000000000000000     
   9.7000000000000011        3.2166605788673916E-003   0.0000000000000000     
   9.8000000000000007       -3.4741574254508840E-003   0.0000000000000000     
   9.9000000000000004        3.7443004200043780E-003   0.0000000000000000     
   10.000000000000000       -4.0267834450023136E-003   0.0000000000000000     
   10.100000000000001        4.3211685968048072E-003   0.0000000000000000     
   10.200000000000001       -4.6268764421663715E-003   0.0000000000000000     
   10.300000000000001        4.9431769244251784E-003   0.0000000000000000     
   10.400000000000000       -5.2691811188194078E-003   0.0000000000000000     
   10.500000000000000        5.6038340449156886E-003   0.0000000000000000     
   10.600000000000001       -5.9459087497622251E-003   0.0000000000000000     
   10.700000000000001        6.2940018778840593E-003   0.0000000000000000     
   10.800000000000001       -6.6465309430760915E-003   0.0000000000000000     
   10.900000000000000        7.0017335116584842E-003   0.0000000000000000     
   11.000000000000000       -7.3576684973629767E-003   0.0000000000000000     
   11.100000000000001        7.7122197538070933E-003   0.0000000000000000     
   11.200000000000001       -8.0631021314015519E-003   0.0000000000000000     
   11.300000000000001        8.4078701416922027E-003   0.0000000000000000     
   11.400000000000000       -8.7439293432159306E-003   0.0000000000000000     
   11.500000000000000        9.0685505291061650E-003   0.0000000000000000     
   11.600000000000001       -9.3788867584242049E-003   0.0000000000000000     
   11.700000000000001        9.6719932305254948E-003   0.0000000000000000     
   11.800000000000001       -9.9448499551880905E-003   0.0000000000000000     
   11.900000000000000        1.0194387121594777E-002   0.0000000000000000     
   12.000000000000000       -1.0417513017115923E-002   0.0000000000000000     
   12.100000000000001        1.0611144292913134E-002   0.0000000000000000     
   12.200000000000001       -1.0772238318836749E-002   0.0000000000000000     
   12.300000000000001        1.0897827316034208E-002   0.0000000000000000     
   12.400000000000000       -1.0985053902981986E-002   0.0000000000000000     
   12.500000000000000        1.1031207640651190E-002   0.0000000000000000     
   12.600000000000001       -1.1033762116651432E-002   0.0000000000000000     
   12.700000000000001        1.0990412067345570E-002   0.0000000000000000     
   12.800000000000001       -1.0899110002500264E-002   0.0000000000000000     
   12.900000000000000        1.0758101770337690E-002   0.0000000000000000     
   13.000000000000000       -1.0565960482666104E-002   0.0000000000000000     
   13.100000000000001        1.0321618211290249E-002   0.0000000000000000     
   13.200000000000001       -1.0024394868922407E-002   0.0000000000000000     
   13.300000000000001        9.6740237007526542E-003   0.0000000000000000     
   13.400000000000000       -9.2706728374731106E-003   0.0000000000000000     
   13.500000000000000        8.8149623967666881E-003   0.0000000000000000     
   13.600000000000001       -8.3079766680139600E-003   0.0000000000000000     
   13.700000000000001        7.7512709742040813E-003   0.0000000000000000     
   13.800000000000001       -7.1468728747303926E-003   0.0000000000000000     
   13.900000000000000        6.4972774522288491E-003   0.0000000000000000     
   14.000000000000000       -5.8054365148271954E-003   0.0000000000000000     
   14.100000000000001        5.0747416403085282E-003   0.0000000000000000     
   14.200000000000001       -4.3090010895053231E-003   0.0000000000000000     
   14.300000000000001        3.5124107206714245E-003   0.0000000000000000     
   14.400000000000000       -2.6895191424159692E-003   0.0000000000000000     
   14.500000000000000        1.8451874482821333E-003   0.0000000000000000     
   14.600000000000001       -9.8454397860943616E-004   0.0000000000000000     
   14.700000000000001        1.1293465272342295E-004   0.0000000000000000     
   14.800000000000001        7.6413049524233934E-004   0.0000000000000000     
   14.900000000000000       -1.6410338629674703E-003   0.0000000000000000     
   15.000000000000000        2.5121091258540678E-003   0.0000000000000000     
   15.100000000000001       -3.3717015430513391E-003   0.0000000000000000     
   15.200000000000001        4.2142288433406365E-003   0.0000000000000000     
   15.300000000000001       -5.0342417854527021E-003   0.0000000000000000     
   15.400000000000000        5.8264834792118268E-003   0.0000000000000000     
   15.500000000000000       -6.5859465631726757E-003   0.0000000000000000     
   15.600000000000001        7.3079273612210146E-003   0.0000000000000000     
   15.700000000000001       -7.9880761847906986E-003   0.0000000000000000     
   15.800000000000001        8.6224430079719638E-003   0.0000000000000000     
   15.900000000000000       -9.2075178190047062E-003   0.0000000000000000     
   16.000000000000000        9.7402650418683765E-003   0.0000000000000000     
   16.100000000000001       -1.0218151523903348E-002   0.0000000000000000     
   16.199999999999999        1.0639167697898572E-002   0.0000000000000000     
   16.300000000000001       -1.1001841647053260E-002   0.0000000000000000     
   16.400000000000002        1.1305245926201121E-002   0.0000000000000000     
   16.500000000000000       -1.1548997120260673E-002   0.0000000000000000     
   16.600000000000001        1.1733248247720747E-002   0.0000000000000000     
   16.699999999999999       -1.1858674240804579E-002   0.0000000000000000     
   16.800000000000001        1.1926450852007150E-002   0.0000000000000000     
   16.900000000000002       -1.1938227446058167E-002   0.0000000000000000     
   17.000000000000000        1.1896094235396171E-002   0.0000000000000000     
   17.100000000000001       -1.1802544603428567E-002   0.0000000000000000     
   17.199999999999999        1.1660433231447890E-002   0.0000000000000000     
   17.300000000000001       -1.1472930801331552E-002   0.0000000000000000     
   17.400000000000002        1.1243476085478587E-002   0.0000000000000000     
   17.500000000000000       -1.0975726257609064E-002   0.0000000000000000     
   17.600000000000001        1.0673506263209530E-002   0.0000000000000000     
   17.699999999999999       -1.0340758076427684E-002   0.0000000000000000     
   17.800000000000001        9.9814906422408395E-003   0.0000000000000000     
   17.900000000000002       -9.5997312596623023E-003   0.0000000000000000     
   18.000000000000000        9.1994791050328730E-003   0.0000000000000000     
   18.100000000000001       -8.7846615260685768E-003   0.0000000000000000     
   18.199999999999999        8.3590936588528800E-003   0.0000000000000000     
   18.300000000000001       -7.9264418338369693E-003   0.0000000000000000     
   18.400000000000002        7.4901911454121105E-003   0.0000000000000000     
   18.500000000000000       -7.0536174647016390E-003   0.0000000000000000     
   18.600000000000001        6.6197640795539565E-003   0.0000000000000000     
   18.699999999999999       -6.1914230513291672E-003   0.0000000000000000     
   18.800000000000001        5.7711212869403306E-003   0.0000000000000000     
   18.900000000000002       -5.3611112388120613E-003   0.0000000000000000     
   19.000000000000000        4.9633660664796745E-003   0.0000000000000000     
   19.100000000000001       -4.5795790229170999E-003   0.0000000000000000     
   19.200000000000003        4.2111667673792501E-003   0.0000000000000000     
   19.300000000000001       -3.8592762555387629E-003   0.0000000000000000     
   19.400000000000002        3.5247948174568864E-003   0.0000000000000000     
   19.500000000000000       -3.2083630043825292E-003   0.0000000000000000     
   19.600000000000001        2.9103897669549863E-003   0.0000000000000000     
   19.700000000000003       -2.6310695193975577E-003   0.0000000000000000     
   19.800000000000001        2.3704006459430989E-003   0.0000000000000000     
   19.900000000000002       -2.1282050169294897E-003   0.0000000000000000     
   20.000000000000000        1.9041481010762045E-003   0.0000000000000000     
   20.100000000000001       -1.6977592864289275E-003   0.0000000000000000     
   20.200000000000003        1.5084520547226372E-003   0.0000000000000000     
   20.300000000000001       -1.3355436903382365E-003   0.0000000000000000     
   20.400000000000002        1.1782742448931969E-003   0.0000000000000000     
   20.500000000000000       -1.0358245207257402E-003   0.0000000000000000     
   20.600000000000001        9.0733287924336893E-004   0.0000000000000000     
   20.700000000000003       -7.9191072297219746E-004   0.0000000000000000     
   20.800000000000001        6.8865654173132554E-004   0.0000000000000000     
   20.900000000000002       -5.9666845270858206E-004   0.0000000000000000     
   21.000000000000000        5.1505520122843772E-004   0.0000000000000000     
   21.100000000000001       -4.4294562223522708E-004   0.0000000000000000     
   21.200000000000003        3.7949659211598808E-004   0.0000000000000000     
   21.300000000000001       -3.2389952626393520E-004   0.0000000000000000     
   21.400000000000002        2.7538549884058869E-004   0.0000000000000000     
   21.500000000000000       -2.3322907845651879E-004   0.0000000000000000     
   21.600000000000001        1.9675098643872594E-004   0.0000000000000000     
   21.700000000000003       -1.6531969311556479E-004   0.0000000000000000     
   21.800000000000001        1.3835207313124518E-004   0.0000000000000000     
   21.900000000000002       -1.1531324250396314E-004   0.0000000000000000     
   22.000000000000000        9.5715699090477864E-005   0.0000000000000000     
   22.100000000000001       -7.9117884778514148E-005   0.0000000000000000     
   22.200000000000003        6.5122281712724563E-005   0.0000000000000000     
   22.300000000000001       -5.3373147627316966E-005   0.0000000000000000     
   22.400000000000002        4.3553986728992108E-005   0.0000000000000000     
   22.500000000000000       -3.5384842877927792E-005   0.0000000000000000     
   22.600000000000001        2.8619491942987511E-005   0.0000000000000000     
   22.700000000000003       -2.3042599816736384E-005   0.0000000000000000     
   22.800000000000001        1.8466902546271632E-005   0.0000000000000000     
   22.900000000000002       -1.4730455251634326E-005   0.0000000000000000     
   23.000000000000000        1.1693987067812475E-005   0.0000000000000000     
   23.100000000000001       -9.2383910164869236E-006   0.0000000000000000     
   23.200000000000003        7.2623697509597026E-006   0.0000000000000000     
   23.300000000000001       -5.6802511482775980E-006   0.0000000000000000     
   23.400000000000002        4.4199818209389900E-006   0.0000000000000000     
   23.500000000000000       -3.4213013092565995E-006   0.0000000000000000     
   23.600000000000001        2.6340955309022976E-006   0.0000000000000000     
   23.700000000000003       -2.0169244863209097E-006   0.0000000000000000     
   23.800000000000001        1.5357165727343716E-006   0.0000000000000000     
   23.900000000000002       -1.1626199368335120E-006   0.0000000000000000     
   24.000000000000000        8.7499966083563784E-007   0.0000000000000000     
   24.100000000000001       -6.5456897927658407E-007   0.0000000000000000     
   24.200000000000003        4.8664221940207730E-007   0.0000000000000000     
   24.300000000000001       -3.5949701717716386E-007   0.0000000000000000     
   24.400000000000002        2.6383390736282189E-007   0.0000000000000000     
   24.500000000000000       -1.9232162434116283E-007   0.0000000000000000     
   24.600000000000001        1.3921726030352021E-007   0.0000000000000000     
   24.700000000000003       -1.0005132243626837E-007   0.0000000000000000     
   24.800000000000001        7.1368354873304423E-008   0.0000000000000000     
   24.900000000000002       -5.0514919444096995E-008   0.0000000000000000     
   25.000000000000000        3.5467542635368814E-008   0.0000000000000000     
   25.100000000000001       -2.4694068995588012E-008   0.0000000000000000     
   25.200000000000003        1.7042816403006468E-008   0.0000000000000000     
   25.300000000000001       -1.1654562078093389E-008   0.0000000000000000     
   25.400000000000002        7.8932030351629798E-009   0.0000000000000000     
   25.500000000000000       -5.2915666462746469E-009   0.0000000000000000     
   25.600000000000001        3.5093663461942160E-009   0.0000000000000000     
   25.700000000000003       -2.3008535248834604E-009   0.0000000000000000     
   25.800000000000001        1.4901161048649623E-009   0.0000000000000000     
   25.900000000000002       -9.5239895250575570E-010   0.0000000000000000     
   26.000000000000000        6.0007892244997250E-010   0.0000000000000000     
   26.100000000000001       -3.7222764496746820E-010   0.0000000000000000     
   26.200000000000003        2.2694362003485503E-010   0.0000000000000000     
   26.300000000000001       -1.3572601455886234E-010   0.0000000000000000     
   26.400000000000002        7.9415855070042747E-011   0.0000000000000000     
   26.500000000000000       -4.5307349799558704E-011   0.0000000000000000     
   26.600000000000001        2.5083502261526671E-011   0.0000000000000000     
   26.700000000000003       -1.3382577252256542E-011   0.0000000000000000     
   26.800000000000001        6.8078989689989419E-012   0.0000000000000000     
   26.900000000000002       -3.2430853715475862E-012   0.0000000000000000     
   27.000000000000000        1.3961251669969277E-012   0.0000000000000000     
   27.100000000000001       -4.9831745971318903E-013   0.0000000000000000     
   27.200000000000003        9.8128436467203475E-014   0.0000000000000000     
   27.300000000000001        5.5919418687559875E-014   0.0000000000000000     
   27.400000000000002       -8.8930024738606718E-014   0.0000000000000000     
   27.500000000000000        7.6289475518400748E-014   0.0000000000000000     
   27.600000000000001       -5.5732079677621841E-014   0.0000000000000000     
   27.700000000000003        3.4140719213547642E-014   0.0000000000000000     
   27.800000000000001       -1.9153094478581802E-014   0.0000000000000000     
   27.900000000000002        8.0661368886193044E-015   0.0000000000000000     
   28.000000000000000       -1.1073126220109817E-015   0.0000000000000000     
   28.100000000000001        1.2431908931554014E-015   0.0000000000000000     
   28.200000000000003        1.7617563615545113E-015   0.0000000000000000     
   28.300000000000001       -4.1763723408568142E-015   0.0000000000000000     
   28.400000000000002        1.3048218381989624E-015   0.0000000000000000     
   28.500000000000000       -3.4788548087464787E-017   0.0000000000000000     
   28.600000000000001        1.1330092576095931E-015   0.0000000000000000     
   28.700000000000003       -2.6581553715263352E-015   0.0000000000000000     
   28.800000000000001        1.9877181214649339E-015   0.0000000000000000     
   28.900000000000002       -1.9936112070109798E-016   0.0000000000000000     
   29.000000000000000        4.9134515750040949E-016   0.0000000000000000     
   29.100000000000001       -7.4844952367404044E-016   0.0000000000000000     
   29.200000000000003       -5.8389287946694517E-016   0.0000000000000000     
   29.300000000000001        4.4872053103792976E-016   0.0000000000000000     
   29.400000000000002        5.2151344156441623E-016   0.0000000000000000     
   29.500000000000000        1.9752817556191821E-016   0.0000000000000000     
   29.600000000000001        1.3250989383072482E-015   0.0000000000000000     
   29.700000000000003       -4.2783493341164014E-016   0.0000000000000000     
   29.800000000000001       -2.3218316313342409E-015   0.0000000000000000     
   29.900000000000002       -1.8568187515691215E-015   0.0000000000000000     
   30.000000000000000        2.0696034435024826E-015   0.0000000000000000     
   30.100000000000001        1.2449871670851602E-015   0.0000000000000000     
   30.200000000000003       -2.2890280478179618E-015   0.0000000000000000     
   30.300000000000001        5.1712464947281021E-015   0.0000000000000000     
   30.400000000000002       -6.1306695663917100E-016   0.0000000000000000     
   30.500000000000000       -6.7373732376380277E-016   0.0000000000000000     
   30.600000000000001       -6.3598103821459267E-015   0.0000000000000000     
   30.700000000000003        4.5093453779488061E-015   0.0000000000000000     
   30.800000000000001       -4.3142100297948436E-015   0.0000000000000000     
   30.900000000000002        5.6561096555952985E-015   0.0000000000000000     
   31.000000000000000       -2.3412029930519318E-015   0.0000000000000000     
   31.100000000000001        5.0388214689196446E-015   0.0000000000000000     
   31.200000000000003       -3.0152477519168257E-015   0.0000000000000000     
   31.300000000000001        5.0376764710191232E-016   0.0000000000000000     
   31.400000000000002       -6.5012575488635259E-015   0.0000000000000000     
   31.500000000000000        2.8813053707826158E-015   0.0000000000000000     
   31.600000000000001        9.0354170166535102E-016   0.0000000000000000     
   31.700000000000003        4.4949463981333477E-015   0.0000000000000000     
   31.800000000000001       -4.1474821444145316E-015   0.0000000000000000     
   31.900000000000002        3.7155242703625211E-015   0.0000000000000000     
   32.000000000000000       -4.0782096014603895E-015   0.0000000000000000     
   32.100000000000001        1.2210004223967334E-015   0.0000000000000000     
   32.200000000000003       -3.5071643326139016E-015   0.0000000000000000     
   32.300000000000004        3.7693867873031631E-015   0.0000000000000000     
   32.399999999999999       -1.3197675882861713E-015   0.0000000000000000     
   32.500000000000000        3.3650622174752794E-015   0.0000000000000000     
   32.600000000000001       -3.1809504489361446E-015   0.0000000000000000     
   32.700000000000003        1.4849357398578281E-015   0.0000000000000000     
   32.800000000000004       -1.3907150331613318E-015   0.0000000000000000     
   32.899999999999999        3.5344608486874712E-017   0.0000000000000000     
   33.000000000000000        1.7171956112728742E-015   0.0000000000000000     
   33.100000000000001       -1.7643478694126729E-016   0.0000000000000000     
   33.200000000000003       -8.6450185205998404E-016   0.0000000000000000     
   33.300000000000004       -3.9973835448702557E-015   0.0000000000000000     
   33.399999999999999        3.8259220874071728E-015   0.0000000000000000     
   33.500000000000000        1.1839955082563880E-016   0.0000000000000000     
   33.600000000000001        1.5178229909919996E-015   0.0000000000000000     
   33.700000000000003       -2.3847953602357602E-015   0.0000000000000000     
   33.800000000000004        3.9640461732764668E-015   0.0000000000000000     
   33.899999999999999       -1.8028713141674711E-015   0.0000000000000000     
   34.000000000000000       -1.7379333403041889E-015   0.0000000000000000     
   34.100000000000001       -3.9443699929487761E-015   0.0000000000000000     
   34.200000000000003        2.7723716226159285E-015   0.0000000000000000     
   34.300000000000004        1.4883086429007557E-015   0.0000000000000000     
   34.399999999999999        1.0563413933425319E-015   0.0000000000000000     
   34.500000000000000       -1.6239799603633498E-016   0.0000000000000000     
   34.600000000000001        1.5421443684591234E-015   0.0000000000000000     
   34.700000000000003        8.9254822680959663E-016   0.0000000000000000     
   34.800000000000004       -4.8329081849905354E-015   0.0000000000000000     
   34.899999999999999       -9.5884629659259348E-016   0.0000000000000000     
   35.000000000000000       -2.1444858083198141E-015   0.0000000000000000     
   35.100000000000001        5.1116284083609641E-015   0.0000000000000000     
   35.200000000000003       -3.6864928723149750E-016   0.0000000000000000     
   35.300000000000004        2.8360992607128055E-015   0.0000000000000000     
   35.399999999999999       -8.1510265235767844E-016   0.0000000000000000     
   35.500000000000000       -3.8284014974528243E-017   0.0000000000000000     
   35.600000000000001       -1.9938896587688187E-015   0.0000000000000000     
   35.700000000000003       -2.2053972039912228E-015   0.0000000000000000     
   35.800000000000004        4.3825919135794728E-016   0.0000000000000000     
   35.899999999999999       -9.8235819825107524E-016   0.0000000000000000     
   36.000000000000000        2.3998897472415117E-015   0.0000000000000000     
   36.100000000000001       -1.8316790287375224E-017   0.0000000000000000     
   36.200000000000003        2.8252507583213957E-015   0.0000000000000000     
   36.300000000000004       -3.1033150937353840E-015   0.0000000000000000     
   36.399999999999999        2.5920662168406387E-015   0.0000000000000000     
   36.500000000000000       -9.4231838093811437E-016   0.0000000000000000     
   36.600000000000001        2.3248478930733251E-015   0.0000000000000000     
   36.700000000000003       -5.1435985327424068E-015   0.0000000000000000     
   36.800000000000004       -1.2638815080072806E-015   0.0000000000000000     
   36.899999999999999        1.6726035946461085E-015   0.0000000000000000     
   37.000000000000000       -1.9883333343389214E-015   0.0000000000000000     
   37.100000000000001        3.1150161614280995E-015   0.0000000000000000     
   37.200000000000003       -1.5287167807192460E-017   0.0000000000000000     
   37.300000000000004        5.0821545467869411E-015   0.0000000000000000     
   37.399999999999999       -1.0508091628842703E-015   0.0000000000000000     
   37.500000000000000       -4.3139640261828848E-015   0.0000000000000000     
   37.600000000000001       -7.5116313310718524E-016   0.0000000000000000     
   37.700000000000003       -2.4579420312027422E-015   0.0000000000000000     
   37.800000000000004        3.4740793417591791E-015   0.0000000000000000     
   37.899999999999999        5.3053347140501061E-016   0.0000000000000000     
   38.000000000000000        8.4764631423758304E-016   0.0000000000000000     
   38.100000000000001       -1.0740293006916702E-015   0.0000000000000000     
   38.200000000000003        1.0225412340776074E-015   0.0000000000000000     
   38.300000000000004       -2.5508938535747630E-015   0.0000000000000000     
   38.400000000000006        1.9955594417605831E-015   0.0000000000000000     
   38.500000000000000        1.0234724749770049E-016   0.0000000000000000     
   38.600000000000001       -1.1346712939012188E-015   0.0000000000000000     
   38.700000000000003       -4.0582927374325717E-016   0.0000000000000000     
   38.800000000000004       -9.7477159268597531E-016   0.0000000000000000     
   38.900000000000006        3.1459605409014912E-015   0.0000000000000000     
   39.000000000000000       -1.3296535828152000E-015   0.0000000000000000     
   39.100000000000001        1.2711711098412046E-015   0.0000000000000000     
   39.200000000000003        9.9845109742583138E-016   0.0000000000000000     
   39.300000000000004       -1.6558398144295474E-015   0.0000000000000000     
   39.400000000000006       -2.3673899565519545E-015   0.0000000000000000     
   39.500000000000000        8.5980689092081833E-016   0.0000000000000000     
   39.600000000000001        2.3286310148789485E-015   0.0000000000000000     
   39.700000000000003       -3.6110440487825491E-015   0.0000000000000000     
   39.800000000000004        2.9593292311592879E-015   0.0000000000000000     
   39.900000000000006       -2.9359758354267939E-015   0.0000000000000000     
   40.000000000000000        3.0275598030906820E-015   0.0000000000000000     
   40.100000000000001       -2.4224876349314770E-016   0.0000000000000000     
   40.200000000000003       -1.4278597164650691E-015   0.0000000000000000     
   40.300000000000004        2.4890254511473065E-015   0.0000000000000000     
   40.400000000000006       -1.2891069298116759E-015   0.0000000000000000     
   40.500000000000000        2.9274803621390416E-015   0.0000000000000000     
   40.600000000000001       -4.1794568280936964E-015   0.0000000000000000     
   40.700000000000003       -7.8093340611869955E-016   0.0000000000000000     
   40.800000000000004       -2.4830251571279795E-016   0.0000000000000000     
   40.900000000000006        1.8297059393188275E-015   0.0000000000000000     
   41.000000000000000        6.4203184781592850E-016   0.0000000000000000     
   41.100000000000001        3.6215268791462912E-016   0.0000000000000000     
   41.200000000000003       -7.4174682039861620E-016   0.0000000000000000     
   41.300000000000004       -4.4971319809565228E-016   0.0000000000000000     
   41.400000000000006        6.2692055560425881E-017   0.0000000000000000     
   41.500000000000000        2.5060985554871993E-016   0.0000000000000000     
   41.600000000000001       -1.6608915767863457E-015   0.0000000000000000     
   41.700000000000003        1.4465472727809870E-015   0.0000000000000000     
   41.800000000000004        9.9358608127496859E-016   0.0000000000000000     
   41.900000000000006        1.9606747108376755E-015   0.0000000000000000     
   42.000000000000000       -2.9940738854986727E-015   0.0000000000000000     
   42.100000000000001       -4.3081957435107118E-016   0.0000000000000000     
   42.200000000000003        1.3357848087616256E-016   0.0000000000000000     
   42.300000000000004        7.9609424693913036E-016   0.0000000000000000     
   42.400000000000006       -1.7761296552445433E-015   0.0000000000000000     
   42.500000000000000        2.1725629465692027E-015   0.0000000000000000     
   42.600000000000001        9.3864947812365792E-016   0.0000000000000000     
   42.700000000000003        1.4428767947790597E-016   0.0000000000000000     
   42.800000000000004       -4.6359472225489212E-015   0.0000000000000000     
   42.900000000000006        9.4440257487105701E-017   0.0000000000000000     
   43.000000000000000        3.1456054652035919E-015   0.0000000000000000     
   43.100000000000001       -3.6831757689028495E-016   0.0000000000000000     
   43.200000000000003        2.3555607033248206E-015   0.0000000000000000     
   43.300000000000004       -1.3557601583561824E-015   0.0000000000000000     
   43.400000000000006       -1.1238716107119781E-015   0.0000000000000000     
   43.500000000000000        1.9568783161480043E-015   0.0000000000000000     
   43.600000000000001       -4.2060720984360515E-015   0.0000000000000000     
   43.700000000000003        2.2240642825664557E-015   0.0000000000000000     
   43.800000000000004       -2.1048047687746412E-015   0.0000000000000000     
   43.900000000000006        3.1510368825171981E-015   0.0000000000000000     
   44.000000000000000       -5.1976935759390105E-016   0.0000000000000000     
   44.100000000000001        8.1320015429926783E-016   0.0000000000000000     
   44.200000000000003       -6.2122554629871852E-016   0.0000000000000000     
   44.300000000000004       -1.3138160663261494E-015   0.0000000000000000     
   44.400000000000006        3.2160609703366328E-015   0.0000000000000000     
   44.500000000000000       -1.6037262561079467E-015   0.0000000000000000     
   44.600000000000001       -1.3318369013717316E-015   0.0000000000000000     
   44.700000000000003       -6.5869007375987442E-016   0.0000000000000000     
   44.800000000000004       -1.6724225064599478E-015   0.0000000000000000     
   44.900000000000006        4.7630080480090040E-016   0.0000000000000000     
   45.000000000000000        4.3131861838717800E-016   0.0000000000000000     
   45.100000000000001        1.4708694249290777E-015   0.0000000000000000     
   45.200000000000003        2.3526686162814733E-015   0.0000000000000000     
   45.300000000000004        6.4482356041203255E-016   0.0000000000000000     
   45.400000000000006        6.3214219975269285E-017   0.0000000000000000     
   45.500000000000000        7.3942456006212633E-017   0.0000000000000000     
   45.600000000000001        4.3628523695214708E-017   0.0000000000000000     
   45.700000000000003       -3.8898912338249013E-015   0.0000000000000000     
   45.800000000000004       -1.0852182243933060E-015   0.0000000000000000     
   45.900000000000006       -2.5839430289792879E-015   0.0000000000000000     
   46.000000000000000        3.3369060024820853E-015   0.0000000000000000     
   46.100000000000001        3.1960044407211161E-015   0.0000000000000000     
   46.200000000000003       -1.3188804826793416E-015   0.0000000000000000     
   46.300000000000004        5.8918928493412020E-016   0.0000000000000000     
   46.400000000000006       -1.4343723856654182E-015   0.0000000000000000     
   46.500000000000000        1.8961306601311060E-016   0.0000000000000000     
   46.600000000000001        1.9951451890627558E-016   0.0000000000000000     
   46.700000000000003       -1.5193825178267844E-015   0.0000000000000000     
   46.800000000000004        2.5250499888739100E-015   0.0000000000000000     
   46.900000000000006       -1.0329590457186502E-015   0.0000000000000000     
   47.000000000000000        4.1675950859492285E-016   0.0000000000000000     
   47.100000000000001        3.9680857929938649E-016   0.0000000000000000     
   47.200000000000003       -4.2562417514127522E-016   0.0000000000000000     
   47.300000000000004       -5.5074391451010854E-017   0.0000000000000000     
   47.400000000000006       -1.1674149588921414E-015   0.0000000000000000     
   47.500000000000000        1.7356935868974138E-015   0.0000000000000000     
   47.600000000000001        1.2120876512860048E-016   0.0000000000000000     
   47.700000000000003       -2.7388386095108070E-016   0.0000000000000000     
   47.800000000000004       -8.9951374190586429E-016   0.0000000000000000     
   47.900000000000006       -2.1542215622163771E-015   0.0000000000000000     
   48.000000000000000        1.1587386843490505E-015   0.0000000000000000     
   48.100000000000001       -4.0274586135689484E-016   0.0000000000000000     
   48.200000000000003        1.5455534999395127E-015   0.0000000000000000     
   48.300000000000004       -9.3793071620954969E-016   0.0000000000000000     
   48.400000000000006        3.2995112300439822E-015   0.0000000000000000     
   48.500000000000000       -9.5579606482307683E-016   0.0000000000000000     
   48.600000000000001       -2.7301696429040586E-016   0.0000000000000000     
   48.700000000000003       -1.9072627150003077E-016   0.0000000000000000     
   48.800000000000004       -2.5043794317993345E-015   0.0000000000000000     
   48.900000000000006        1.0985633995357658E-015   0.0000000000000000     
   49.000000000000000       -5.0264641683575451E-016   0.0000000000000000     
   49.100000000000001        2.9341476406128153E-015   0.0000000000000000     
   49.200000000000003        2.9442377897220089E-015   0.0000000000000000     
   49.300000000000004       -7.6880965245392266E-016   0.0000000000000000     
   49.400000000000006       -9.6565277060697829E-016   0.0000000000000000     
   49.500000000000000       -2.3649415311426136E-015   0.0000000000000000     
   49.600000000000001       -2.2579733500051438E-015   0.0000000000000000     
   49.700000000000003        1.2759392868211115E-015   0.0000000000000000     
   49.800000000000004       -7.7939807899264617E-017   0.0000000000000000     
   49.900000000000006        5.0654071924799070E-054   0.0000000000000000     
