   0.0000000000000000        5.0480309940262822E-012   0.0000000000000000     
  0.10000000000000001        4.2647897156626373E-012   0.0000000000000000     
  0.20000000000000001        1.6514779450441541E-012   0.0000000000000000     
  0.30000000000000004        5.5795272837361188E-012   0.0000000000000000     
  0.40000000000000002       -6.6416741934425668E-013   0.0000000000000000     
  0.50000000000000000        5.9537150629164666E-012   0.0000000000000000     
  0.60000000000000009       -3.7045592319333108E-012   0.0000000000000000     
  0.70000000000000007        7.6152229109958932E-012   0.0000000000000000     
  0.80000000000000004       -7.4910147391017524E-012   0.0000000000000000     
  0.90000000000000002        1.1141567801178148E-011   0.0000000000000000     
   1.0000000000000000       -1.2910317705706740E-011   0.0000000000000000     
   1.1000000000000001        1.7267318184405502E-011   0.0000000000000000     
   1.2000000000000002       -2.1182812880935477E-011   0.0000000000000000     
   1.3000000000000000        2.7311549789251812E-011   0.0000000000000000     
   1.4000000000000001       -3.4154464962269874E-011   0.0000000000000000     
   1.5000000000000000        4.3422052426633548E-011   0.0000000000000000     
   1.6000000000000001       -5.4594859004338306E-011   0.0000000000000000     
   1.7000000000000002        6.9000951620139858E-011   0.0000000000000000     
   1.8000000000000000       -8.6828873177506615E-011   0.0000000000000000     
   1.9000000000000001        1.0939279206733998E-010   0.0000000000000000     
   2.0000000000000000       -1.3752910314265590E-010   0.0000000000000000     
   2.1000000000000001        1.7287031223786780E-010   0.0000000000000000     
   2.2000000000000002       -2.1700111494313266E-010   0.0000000000000000     
   2.3000000000000003        2.7221429942121972E-010   0.0000000000000000     
   2.4000000000000004       -3.4110784797056697E-010   0.0000000000000000     
   2.5000000000000000        4.2706096229569680E-010   0.0000000000000000     
   2.6000000000000001       -5.3412861953677653E-010   0.0000000000000000     
   2.7000000000000002        6.6740593594335530E-010   0.0000000000000000     
   2.8000000000000003       -8.3309674379477357E-010   0.0000000000000000     
   2.9000000000000004        1.0388880373131446E-009   0.0000000000000000     
   3.0000000000000000       -1.2941889758585619E-009   0.0000000000000000     
   3.1000000000000001        1.6105738925488095E-009   0.0000000000000000     
   3.2000000000000002       -2.0022134169483419E-009   0.0000000000000000     
   3.3000000000000003        2.4864692556853325E-009   0.0000000000000000     
   3.4000000000000004       -3.0845596491425796E-009   0.0000000000000000     
   3.5000000000000000        3.8224009878566171E-009   0.0000000000000000     
   3.6000000000000001       -4.7315882470548756E-009   0.0000000000000000     
   3.7000000000000002        5.8506002102960921E-009   0.0000000000000000     
   3.8000000000000003       -7.2262320903681750E-009   0.0000000000000000     
   3.9000000000000004        8.9153166210244785E-009   0.0000000000000000     
   4.0000000000000000       -1.0986778943315060E-008   0.0000000000000000     
   4.1000000000000005        1.3524093586934662E-008   0.0000000000000000     
   4.2000000000000002       -1.6628207394186315E-008   0.0000000000000000     
   4.2999999999999998        2.0421034419436269E-008   0.0000000000000000     
   4.4000000000000004       -2.5049594870327282E-008   0.0000000000000000     
   4.5000000000000000        3.0690914207247957E-008   0.0000000000000000     
   4.6000000000000005       -3.7557857522935188E-008   0.0000000000000000     
   4.7000000000000002        4.5905997293588624E-008   0.0000000000000000     
   4.8000000000000007       -5.6041699786124740E-008   0.0000000000000000     
   4.9000000000000004        6.8331704147956848E-008   0.0000000000000000     
   5.0000000000000000       -8.3214339531870284E-008   0.0000000000000000     
   5.1000000000000005        1.0121266523202430E-007   0.0000000000000000     
   5.2000000000000002       -1.2294991798085641E-007   0.0000000000000000     
   5.3000000000000007        1.4916752452514542E-007   0.0000000000000000     
   5.4000000000000004       -1.8074609927965485E-007   0.0000000000000000     
   5.5000000000000000        2.1872992870417997E-007   0.0000000000000000     
   5.6000000000000005       -2.6435538520852856E-007   0.0000000000000000     
   5.7000000000000002        3.1908386956558076E-007   0.0000000000000000     
   5.8000000000000007       -3.8463993677604588E-007   0.0000000000000000     
   5.9000000000000004        4.6305529559236990E-007   0.0000000000000000     
   6.0000000000000000       -5.5671950867191845E-007   0.0000000000000000     
   6.1000000000000005        6.6843825736680275E-007   0.0000000000000000     
   6.2000000000000002       -8.0150016326336862E-007   0.0000000000000000     
   6.3000000000000007        9.5975326222540921E-007   0.0000000000000000     
   6.4000000000000004       -1.1476922917855976E-006   0.0000000000000000     
   6.5000000000000000        1.3705581167247249E-006   0.0000000000000000     
   6.6000000000000005       -1.6344506833407553E-006   0.0000000000000000     
   6.7000000000000002        1.9464570182215055E-006   0.0000000000000000     
   6.8000000000000007       -2.3147959602173576E-006   0.0000000000000000     
   6.9000000000000004        2.7489813313007835E-006   0.0000000000000000     
   7.0000000000000000       -3.2600054203994979E-006   0.0000000000000000     
   7.1000000000000005        3.8605447835971092E-006   0.0000000000000000     
   7.2000000000000002       -4.5651903829096075E-006   0.0000000000000000     
   7.3000000000000007        5.3907042146916661E-006   0.0000000000000000     
   7.4000000000000004       -6.3563046439100747E-006   0.0000000000000000     
   7.5000000000000000        7.4839826683657074E-006   0.0000000000000000     
   7.6000000000000005       -8.7988513532620184E-006   0.0000000000000000     
   7.7000000000000002        1.0329530634453770E-005   0.0000000000000000     
   7.8000000000000007       -1.2108569659993884E-005   0.0000000000000000     
   7.9000000000000004        1.4172908647505537E-005   0.0000000000000000     
   8.0000000000000000       -1.6564382069807157E-005   0.0000000000000000     
   8.0999999999999996        1.9330264788274002E-005   0.0000000000000000     
   8.2000000000000011       -2.2523862302460462E-005   0.0000000000000000     
   8.3000000000000007        2.6205145958834077E-005   0.0000000000000000     
   8.4000000000000004       -3.0441433448075923E-005   0.0000000000000000     
   8.5000000000000000        3.5308114155129300E-005   0.0000000000000000     
   8.5999999999999996       -4.0889418384025973E-005   0.0000000000000000     
   8.7000000000000011        4.7279228507653099E-005   0.0000000000000000     
   8.8000000000000007       -5.4581928986596442E-005   0.0000000000000000     
   8.9000000000000004        6.2913291298043357E-005   0.0000000000000000     
   9.0000000000000000       -7.2401388341650246E-005   0.0000000000000000     
   9.0999999999999996        8.3187531426568565E-005   0.0000000000000000     
   9.2000000000000011       -9.5427221553064516E-005   0.0000000000000000     
   9.3000000000000007        1.0929110476789054E-004   0.0000000000000000     
   9.4000000000000004       -1.2496591953717087E-004   0.0000000000000000     
   9.5000000000000000        1.4265542214554706E-004   0.0000000000000000     
   9.6000000000000014       -1.6258127389111302E-004   0.0000000000000000     
   9.7000000000000011        1.8498387170220009E-004   0.0000000000000000     
   9.8000000000000007       -2.1012310141965443E-004   0.0000000000000000     
   9.9000000000000004        2.3827899064894547E-004   0.0000000000000000     
   10.000000000000000       -2.6975223582618356E-004   0.0000000000000000     
   10.100000000000001        3.0486457565443743E-004   0.0000000000000000     
   10.200000000000001       -3.4395898093136706E-004   0.0000000000000000     
   10.300000000000001        3.8739962875695928E-004   0.0000000000000000     
   10.400000000000000       -4.3557162709571335E-004   0.0000000000000000     
   10.500000000000000        4.8888045416304031E-004   0.0000000000000000     
   10.600000000000001       -5.4775107588088694E-004   0.0000000000000000     
   10.700000000000001        6.1262670380269203E-004   0.0000000000000000     
   10.800000000000001       -6.8396715567567987E-004   0.0000000000000000     
   10.900000000000000        7.6224678115021532E-004   0.0000000000000000     
   11.000000000000000       -8.4795191624440272E-004   0.0000000000000000     
   11.100000000000001        9.4157783196002851E-004   0.0000000000000000     
   11.200000000000001       -1.0436251452288084E-003   0.0000000000000000     
   11.300000000000001        1.1545956641257143E-003   0.0000000000000000     
   11.400000000000000       -1.2749876439378130E-003   0.0000000000000000     
   11.500000000000000        1.4052904366121115E-003   0.0000000000000000     
   11.600000000000001       -1.5459785230832741E-003   0.0000000000000000     
   11.700000000000001        1.6975049261187881E-003   0.0000000000000000     
   11.800000000000001       -1.8602940108131036E-003   0.0000000000000000     
   11.900000000000000        2.0347336902905543E-003   0.0000000000000000     
   12.000000000000000       -2.2211670659224364E-003   0.0000000000000000     
   12.100000000000001        2.4198835441826111E-003   0.0000000000000000     
   12.200000000000001       -2.6311094858247519E-003   0.0000000000000000     
   12.300000000000001        2.8549984577547929E-003   0.0000000000000000     
   12.400000000000000       -3.0916211730966500E-003   0.0000000000000000     
   12.500000000000000        3.3409552204862678E-003   0.0000000000000000     
   12.600000000000001       -3.6028746995653465E-003   0.0000000000000000     
   12.700000000000001        3.8771398951686744E-003   0.0000000000000000     
   12.800000000000001       -4.1633871380213280E-003   0.0000000000000000     
   12.900000000000000        4.4611190142816960E-003   0.0000000000000000     
   13.000000000000000       -4.7696950993513102E-003   0.0000000000000000     
   13.100000000000001        5.0883234032870839E-003   0.0000000000000000     
   13.200000000000001       -5.4160527247970325E-003   0.0000000000000000     
   13.300000000000001        5.7517661179816958E-003   0.0000000000000000     
   13.400000000000000       -6.0941756806632500E-003   0.0000000000000000     
   13.500000000000000        6.4418188741371726E-003   0.0000000000000000     
   13.600000000000001       -6.7930565817992013E-003   0.0000000000000000     
   13.700000000000001        7.1460731078042926E-003   0.0000000000000000     
   13.800000000000001       -7.4988783059338872E-003   0.0000000000000000     
   13.900000000000000        7.8493120138132810E-003   0.0000000000000000     
   14.000000000000000       -8.1950509476472495E-003   0.0000000000000000     
   14.100000000000001        8.5336181877144635E-003   0.0000000000000000     
   14.200000000000001       -8.8623953556409441E-003   0.0000000000000000     
   14.300000000000001        9.1786375501870712E-003   0.0000000000000000     
   14.400000000000000       -9.4794910696981167E-003   0.0000000000000000     
   14.500000000000000        9.7620139069969653E-003   0.0000000000000000     
   14.600000000000001       -1.0023198956134160E-002   0.0000000000000000     
   14.700000000000001        1.0259999821442468E-002   0.0000000000000000     
   14.800000000000001       -1.0469359068074167E-002   0.0000000000000000     
   14.900000000000000        1.0648238700327484E-002   0.0000000000000000     
   15.000000000000000       -1.0793652601137243E-002   0.0000000000000000     
   15.100000000000001        1.0902700613481088E-002   0.0000000000000000     
   15.200000000000001       -1.0972603893640452E-002   0.0000000000000000     
   15.300000000000001        1.1000741118489209E-002   0.0000000000000000     
   15.400000000000000       -1.0984685085057438E-002   0.0000000000000000     
   15.500000000000000        1.0922239202229957E-002   0.0000000000000000     
   15.600000000000001       -1.0811473342416989E-002   0.0000000000000000     
   15.700000000000001        1.0650758496628169E-002   0.0000000000000000     
   15.800000000000001       -1.0438799660739536E-002   0.0000000000000000     
   15.900000000000000        1.0174666374429016E-002   0.0000000000000000     
   16.000000000000000       -9.8578203385420830E-003   0.0000000000000000     
   16.100000000000001        9.4881395516757065E-003   0.0000000000000000     
   16.199999999999999       -9.0659384330428489E-003   0.0000000000000000     
   16.300000000000001        8.5919834366511207E-003   0.0000000000000000     
   16.400000000000002       -8.0675037107041034E-003   0.0000000000000000     
   16.500000000000000        7.4941964163142919E-003   0.0000000000000000     
   16.600000000000001       -6.8742263900947479E-003   0.0000000000000000     
   16.699999999999999        6.2102199146768702E-003   0.0000000000000000     
   16.800000000000001       -5.5052524494779266E-003   0.0000000000000000     
   16.900000000000002        4.7628302687532046E-003   0.0000000000000000     
   17.000000000000000       -3.9868660537812671E-003   0.0000000000000000     
   17.100000000000001        3.1816485895104045E-003   0.0000000000000000     
   17.199999999999999       -2.3518068202977461E-003   0.0000000000000000     
   17.300000000000001        1.5022686231462108E-003   0.0000000000000000     
   17.400000000000002       -6.3821475748279189E-004   0.0000000000000000     
   17.500000000000000       -2.3497145433449103E-004   0.0000000000000000     
   17.600000000000001        1.1117580735315415E-003   0.0000000000000000     
   17.699999999999999       -1.9865213981062136E-003   0.0000000000000000     
   17.800000000000001        2.8536049356056043E-003   0.0000000000000000     
   17.900000000000002       -3.7073796548682909E-003   0.0000000000000000     
   18.000000000000000        4.5423046376096453E-003   0.0000000000000000     
   18.100000000000001       -5.3529872278802355E-003   0.0000000000000000     
   18.199999999999999        6.1342417716955706E-003   0.0000000000000000     
   18.300000000000001       -6.8811460505960702E-003   0.0000000000000000     
   18.400000000000002        7.5890945416525512E-003   0.0000000000000000     
   18.500000000000000       -8.2538476826105878E-003   0.0000000000000000     
   18.600000000000001        8.8715763830502833E-003   0.0000000000000000     
   18.699999999999999       -9.4389011001253173E-003   0.0000000000000000     
   18.800000000000001        9.9529248888941876E-003   0.0000000000000000     
   18.900000000000002       -1.0411259940398720E-002   0.0000000000000000     
   19.000000000000000        1.0812047233969169E-002   0.0000000000000000     
   19.100000000000001       -1.1153969050624787E-002   0.0000000000000000     
   19.200000000000003        1.1436254219766701E-002   0.0000000000000000     
   19.300000000000001       -1.1658676098982267E-002   0.0000000000000000     
   19.400000000000002        1.1821543413399565E-002   0.0000000000000000     
   19.500000000000000       -1.1925684204582223E-002   0.0000000000000000     
   19.600000000000001        1.1972423256302437E-002   0.0000000000000000     
   19.700000000000003       -1.1963553473235607E-002   0.0000000000000000     
   19.800000000000001        1.1901301786658146E-002   0.0000000000000000     
   19.900000000000002       -1.1788290246136019E-002   0.0000000000000000     
   20.000000000000000        1.1627493026726131E-002   0.0000000000000000     
   20.100000000000001       -1.1422190135821372E-002   0.0000000000000000     
   20.200000000000003        1.1175918641458062E-002   0.0000000000000000     
   20.300000000000001       -1.0892422264493310E-002   0.0000000000000000     
   20.400000000000002        1.0575600180179189E-002   0.0000000000000000     
   20.500000000000000       -1.0229455860805701E-002   0.0000000000000000     
   20.600000000000001        9.8580467610131280E-003   0.0000000000000000     
   20.700000000000003       -9.4654356021896657E-003   0.0000000000000000     
   20.800000000000001        9.0556439536136572E-003   0.0000000000000000     
   20.900000000000002       -8.6326087373427823E-003   0.0000000000000000     
   21.000000000000000        8.2001422033495357E-003   0.0000000000000000     
   21.100000000000001       -7.7618958332573958E-003   0.0000000000000000     
   21.200000000000003        7.3213285375401298E-003   0.0000000000000000     
   21.300000000000001       -6.8816794143536104E-003   0.0000000000000000     
   21.400000000000002        6.4459452408648782E-003   0.0000000000000000     
   21.500000000000000       -6.0168627722089066E-003   0.0000000000000000     
   21.600000000000001        5.5968958307911609E-003   0.0000000000000000     
   21.700000000000003       -5.1882270820367239E-003   0.0000000000000000     
   21.800000000000001        4.7927543131402886E-003   0.0000000000000000     
   21.900000000000002       -4.4120909602699421E-003   0.0000000000000000     
   22.000000000000000        4.0475705686604342E-003   0.0000000000000000     
   22.100000000000001       -3.7002548191727822E-003   0.0000000000000000     
   22.200000000000003        3.3709447151916345E-003   0.0000000000000000     
   22.300000000000001       -3.0601944955142720E-003   0.0000000000000000     
   22.400000000000002        2.7683278213406254E-003   0.0000000000000000     
   22.500000000000000       -2.4954557789806462E-003   0.0000000000000000     
   22.600000000000001        2.2414962435975470E-003   0.0000000000000000     
   22.700000000000003       -2.0061941619465397E-003   0.0000000000000000     
   22.800000000000001        1.7891423332906011E-003   0.0000000000000000     
   22.900000000000002       -1.5898022959782059E-003   0.0000000000000000     
   23.000000000000000        1.4075249611197934E-003   0.0000000000000000     
   23.100000000000001       -1.2415706735977488E-003   0.0000000000000000     
   23.200000000000003        1.0911284226061710E-003   0.0000000000000000     
   23.300000000000001       -9.5533396771155840E-004   0.0000000000000000     
   23.400000000000002        8.3328669129214736E-004   0.0000000000000000     
   23.500000000000000       -7.2406503244187967E-004   0.0000000000000000     
   23.600000000000001        6.2674040024495153E-004   0.0000000000000000     
   23.700000000000003       -5.4038950521016413E-004   0.0000000000000000     
   23.800000000000001        4.6410508505459496E-004   0.0000000000000000     
   23.900000000000002       -3.9700503503786342E-004   0.0000000000000000     
   24.000000000000000        3.3823998318524584E-004   0.0000000000000000     
   24.100000000000001       -2.8699937611445910E-004   0.0000000000000000     
   24.200000000000003        2.4251616251632163E-004   0.0000000000000000     
   24.300000000000001       -2.0407017800964656E-004   0.0000000000000000     
   24.400000000000002        1.7099034728887901E-004   0.0000000000000000     
   24.500000000000000       -1.4265582794758757E-004   0.0000000000000000     
   24.600000000000001        1.1849622454677695E-004   0.0000000000000000     
   24.700000000000003       -9.7991002451678811E-005   0.0000000000000000     
   24.800000000000001        8.0668229039208695E-005   0.0000000000000000     
   24.900000000000002       -6.6102764998203793E-005   0.0000000000000000     
   25.000000000000000        5.3914021734513378E-005   0.0000000000000000     
   25.100000000000001       -4.3763392450742247E-005   0.0000000000000000     
   25.200000000000003        3.5351454752402985E-005   0.0000000000000000     
   25.300000000000001       -2.8415032209956722E-005   0.0000000000000000     
   25.400000000000002        2.2724191321739384E-005   0.0000000000000000     
   25.500000000000000       -1.8079239428547607E-005   0.0000000000000000     
   25.600000000000001        1.4307778365346601E-005   0.0000000000000000     
   25.700000000000003       -1.1261858247175957E-005   0.0000000000000000     
   25.800000000000001        8.8152662036239241E-006   0.0000000000000000     
   25.900000000000002       -6.8609759953087819E-006   0.0000000000000000     
   26.000000000000000        5.3087764389445198E-006   0.0000000000000000     
   26.100000000000001       -4.0830895638743966E-006   0.0000000000000000     
   26.200000000000003        3.1209834093321916E-006   0.0000000000000000     
   26.300000000000001       -2.3703792595518441E-006   0.0000000000000000     
   26.400000000000002        1.7884489475173032E-006   0.0000000000000000     
   26.500000000000000       -1.3401946728938614E-006   0.0000000000000000     
   26.600000000000001        9.9720122118725658E-007   0.0000000000000000     
   26.700000000000003       -7.3654872723659579E-007   0.0000000000000000     
   26.800000000000001        5.3987312649196503E-007   0.0000000000000000     
   26.900000000000002       -3.9256068933038158E-007   0.0000000000000000     
   27.000000000000000        2.8306299952539936E-007   0.0000000000000000     
   27.100000000000001       -2.0231908163851107E-007   0.0000000000000000     
   27.200000000000003        1.4327164771302355E-007   0.0000000000000000     
   27.300000000000001       -1.0046537782266083E-007   0.0000000000000000     
   27.400000000000002        6.9716070130224582E-008   0.0000000000000000     
   27.500000000000000       -4.7840209567299027E-008   0.0000000000000000     
   27.600000000000001        3.2435797877830534E-008   0.0000000000000000     
   27.700000000000003       -2.1706202259971949E-008   0.0000000000000000     
   27.800000000000001        1.4319682348174989E-008   0.0000000000000000     
   27.900000000000002       -9.2984481955518219E-009   0.0000000000000000     
   28.000000000000000        5.9317147654693609E-009   0.0000000000000000     
   28.100000000000001       -3.7081720857035966E-009   0.0000000000000000     
   28.200000000000003        2.2641327813646297E-009   0.0000000000000000     
   28.300000000000001       -1.3439733907282819E-009   0.0000000000000000     
   28.400000000000002        7.7030358188166812E-010   0.0000000000000000     
   28.500000000000000       -4.2174382329485512E-010   0.0000000000000000     
   28.600000000000001        2.1648935736595942E-010   0.0000000000000000     
   28.700000000000003       -1.0033613031576392E-010   0.0000000000000000     
   28.800000000000001        3.8038287508685037E-011   0.0000000000000000     
   28.900000000000002       -7.1761706509195050E-012   0.0000000000000000     
   29.000000000000000       -6.1454910912190134E-012   0.0000000000000000     
   29.100000000000001        1.0290190297780764E-011   0.0000000000000000     
   29.200000000000003       -1.0085121853282830E-011   0.0000000000000000     
   29.300000000000001        8.1848758766637678E-012   0.0000000000000000     
   29.400000000000002       -5.9434135948791628E-012   0.0000000000000000     
   29.500000000000000        3.9517767503926980E-012   0.0000000000000000     
   29.600000000000001       -2.4180612686520769E-012   0.0000000000000000     
   29.700000000000003        1.3455541356478150E-012   0.0000000000000000     
   29.800000000000001       -6.5187598480084761E-013   0.0000000000000000     
   29.900000000000002        2.4646635178355995E-013   0.0000000000000000     
   30.000000000000000       -2.9157058913276455E-014   0.0000000000000000     
   30.100000000000001       -6.8601375659875399E-014   0.0000000000000000     
   30.200000000000003        9.5690892930707484E-014   0.0000000000000000     
   30.300000000000001       -9.1573960628811455E-014   0.0000000000000000     
   30.400000000000002        6.8112184956105397E-014   0.0000000000000000     
   30.500000000000000       -4.7136358355978868E-014   0.0000000000000000     
   30.600000000000001        3.1046065989940571E-014   0.0000000000000000     
   30.700000000000003       -1.3345713040977850E-014   0.0000000000000000     
   30.800000000000001        6.8531307723660850E-015   0.0000000000000000     
   30.900000000000002       -3.1731305105209975E-015   0.0000000000000000     
   31.000000000000000        1.2070436481481282E-015   0.0000000000000000     
   31.100000000000001        6.4735056086654916E-016   0.0000000000000000     
   31.200000000000003       -3.8219106578193357E-015   0.0000000000000000     
   31.300000000000001       -2.1664501694857588E-015   0.0000000000000000     
   31.400000000000002        1.1122926782354729E-015   0.0000000000000000     
   31.500000000000000        1.3820735854297353E-015   0.0000000000000000     
   31.600000000000001        1.8996709590525514E-015   0.0000000000000000     
   31.700000000000003        7.1942184126179271E-016   0.0000000000000000     
   31.800000000000001        6.9516061573279087E-016   0.0000000000000000     
   31.900000000000002       -1.1272266577055790E-016   0.0000000000000000     
   32.000000000000000       -3.7218714149336276E-016   0.0000000000000000     
   32.100000000000001       -2.6800543525485858E-015   0.0000000000000000     
   32.200000000000003       -5.1524704106789460E-016   0.0000000000000000     
   32.300000000000004       -6.5962663036847264E-016   0.0000000000000000     
   32.399999999999999        9.4470659233026252E-017   0.0000000000000000     
   32.500000000000000        2.4918500053762930E-015   0.0000000000000000     
   32.600000000000001        1.4021119847487993E-015   0.0000000000000000     
   32.700000000000003       -2.2192469976672568E-016   0.0000000000000000     
   32.800000000000004       -2.8704500839384191E-015   0.0000000000000000     
   32.899999999999999        1.0983414513277446E-015   0.0000000000000000     
   33.000000000000000        2.8459910036081817E-016   0.0000000000000000     
   33.100000000000001        1.4332331383322584E-015   0.0000000000000000     
   33.200000000000003       -1.9495769411798911E-015   0.0000000000000000     
   33.300000000000004        2.5380738029572265E-015   0.0000000000000000     
   33.399999999999999       -4.2069486432629406E-015   0.0000000000000000     
   33.500000000000000        1.4426725125456342E-015   0.0000000000000000     
   33.600000000000001       -3.1737046016160717E-015   0.0000000000000000     
   33.700000000000003        7.6101132132328265E-015   0.0000000000000000     
   33.800000000000004       -3.9691146652469516E-015   0.0000000000000000     
   33.899999999999999        3.2822591355479988E-015   0.0000000000000000     
   34.000000000000000       -6.1940434594865385E-015   0.0000000000000000     
   34.100000000000001        4.3156526447941335E-015   0.0000000000000000     
   34.200000000000003       -2.7189100723428871E-015   0.0000000000000000     
   34.300000000000004        1.6086248227314559E-015   0.0000000000000000     
   34.399999999999999       -3.4205458583707919E-015   0.0000000000000000     
   34.500000000000000        5.5023979653342601E-015   0.0000000000000000     
   34.600000000000001       -9.0672884763875701E-017   0.0000000000000000     
   34.700000000000003        4.8711687465449557E-016   0.0000000000000000     
   34.800000000000004       -4.4233102745043994E-015   0.0000000000000000     
   34.899999999999999        2.9686992855969011E-015   0.0000000000000000     
   35.000000000000000       -3.1441897084351792E-015   0.0000000000000000     
   35.100000000000001        2.2318766363085290E-015   0.0000000000000000     
   35.200000000000003       -2.8652286887736937E-015   0.0000000000000000     
   35.300000000000004        3.6787885443767299E-015   0.0000000000000000     
   35.399999999999999       -1.1048711334430254E-015   0.0000000000000000     
   35.500000000000000        9.8009431764884161E-016   0.0000000000000000     
   35.600000000000001       -2.1262845003621367E-015   0.0000000000000000     
   35.700000000000003        2.0373504921227199E-015   0.0000000000000000     
   35.800000000000004       -1.8096751472909958E-017   0.0000000000000000     
   35.899999999999999       -1.5406983210633023E-015   0.0000000000000000     
   36.000000000000000        2.4039433297400312E-015   0.0000000000000000     
   36.100000000000001       -1.6902885477048322E-015   0.0000000000000000     
   36.200000000000003        1.1602757511923455E-015   0.0000000000000000     
   36.300000000000004       -2.3563887868428042E-015   0.0000000000000000     
   36.399999999999999        1.5904810107750150E-015   0.0000000000000000     
   36.500000000000000       -3.1209213723213853E-015   0.0000000000000000     
   36.600000000000001        2.7550768537519214E-015   0.0000000000000000     
   36.700000000000003       -1.0422221341634233E-015   0.0000000000000000     
   36.800000000000004        3.3311753594723707E-015   0.0000000000000000     
   36.899999999999999       -1.6263369349897922E-015   0.0000000000000000     
   37.000000000000000       -4.5888688487012570E-016   0.0000000000000000     
   37.100000000000001       -1.8363270087827617E-015   0.0000000000000000     
   37.200000000000003        1.7328727779844921E-015   0.0000000000000000     
   37.300000000000004        1.0400817578597409E-015   0.0000000000000000     
   37.399999999999999       -2.1511078298782160E-015   0.0000000000000000     
   37.500000000000000        1.5716093084786948E-015   0.0000000000000000     
   37.600000000000001        7.2443826359673725E-016   0.0000000000000000     
   37.700000000000003       -2.8522843829282181E-016   0.0000000000000000     
   37.800000000000004       -3.3534615947738241E-015   0.0000000000000000     
   37.899999999999999        1.9638274930723942E-015   0.0000000000000000     
   38.000000000000000        5.0128600611108271E-016   0.0000000000000000     
   38.100000000000001        2.5470603686202941E-015   0.0000000000000000     
   38.200000000000003       -4.8872851577863410E-015   0.0000000000000000     
   38.300000000000004        1.5017960632314342E-015   0.0000000000000000     
   38.400000000000006        8.1144356171012203E-016   0.0000000000000000     
   38.500000000000000       -7.5016095680393741E-016   0.0000000000000000     
   38.600000000000001       -5.2266125554074134E-016   0.0000000000000000     
   38.700000000000003        1.2947008501136139E-015   0.0000000000000000     
   38.800000000000004        3.0716479614805110E-015   0.0000000000000000     
   38.900000000000006       -3.5520212907616904E-015   0.0000000000000000     
   39.000000000000000        2.4530617128860876E-015   0.0000000000000000     
   39.100000000000001       -1.8884426272235412E-015   0.0000000000000000     
   39.200000000000003        6.8944993317220169E-016   0.0000000000000000     
   39.300000000000004       -4.1401420314009908E-015   0.0000000000000000     
   39.400000000000006        1.2231161669294882E-015   0.0000000000000000     
   39.500000000000000       -8.3454517641453617E-016   0.0000000000000000     
   39.600000000000001        3.7014564814817733E-015   0.0000000000000000     
   39.700000000000003        2.1186156465670419E-015   0.0000000000000000     
   39.800000000000004       -1.1669818968007887E-015   0.0000000000000000     
   39.900000000000006        4.4431127055623232E-016   0.0000000000000000     
   40.000000000000000       -8.7336233380004310E-016   0.0000000000000000     
   40.100000000000001       -2.2981521197683191E-015   0.0000000000000000     
   40.200000000000003       -3.3417290972067983E-015   0.0000000000000000     
   40.300000000000004        2.9585884068519087E-015   0.0000000000000000     
   40.400000000000006       -4.0902846343004605E-016   0.0000000000000000     
   40.500000000000000        1.1505884685523642E-015   0.0000000000000000     
   40.600000000000001        2.1294419666456741E-015   0.0000000000000000     
   40.700000000000003        2.6172555312342556E-016   0.0000000000000000     
   40.800000000000004        2.9148455956252745E-016   0.0000000000000000     
   40.900000000000006       -2.7717486933882159E-015   0.0000000000000000     
   41.000000000000000        3.3540840933714191E-015   0.0000000000000000     
   41.100000000000001       -3.4515077981079660E-015   0.0000000000000000     
   41.200000000000003        2.0634455475150338E-015   0.0000000000000000     
   41.300000000000004       -1.8724172168910486E-015   0.0000000000000000     
   41.400000000000006       -7.6003629813024918E-016   0.0000000000000000     
   41.500000000000000        6.8724818833883653E-016   0.0000000000000000     
   41.600000000000001       -2.5319256259964750E-015   0.0000000000000000     
   41.700000000000003        1.3895817975630354E-015   0.0000000000000000     
   41.800000000000004        4.0508162871433404E-016   0.0000000000000000     
   41.900000000000006        3.1216273794464305E-015   0.0000000000000000     
   42.000000000000000       -1.2350021490643057E-016   0.0000000000000000     
   42.100000000000001        7.8026587989279282E-016   0.0000000000000000     
   42.200000000000003        2.9356925614673687E-016   0.0000000000000000     
   42.300000000000004       -3.2835025514339848E-015   0.0000000000000000     
   42.400000000000006       -1.1248423054002167E-015   0.0000000000000000     
   42.500000000000000       -5.2545343184673439E-016   0.0000000000000000     
   42.600000000000001        2.0925169738013362E-015   0.0000000000000000     
   42.700000000000003        1.1433226888881088E-015   0.0000000000000000     
   42.800000000000004        1.7390477357123252E-015   0.0000000000000000     
   42.900000000000006       -2.4123102380097823E-015   0.0000000000000000     
   43.000000000000000        2.3372794170787649E-015   0.0000000000000000     
   43.100000000000001       -3.9496830569805262E-015   0.0000000000000000     
   43.200000000000003       -2.6189494927325785E-015   0.0000000000000000     
   43.300000000000004        2.1700797132607581E-015   0.0000000000000000     
   43.400000000000006        4.9165157770647845E-016   0.0000000000000000     
   43.500000000000000        2.2511195348980005E-015   0.0000000000000000     
   43.600000000000001       -2.8937291708070539E-015   0.0000000000000000     
   43.700000000000003        6.0991809552084372E-015   0.0000000000000000     
   43.800000000000004       -2.9649079058648372E-015   0.0000000000000000     
   43.900000000000006       -1.6006216662434797E-015   0.0000000000000000     
   44.000000000000000       -8.1566453763511521E-016   0.0000000000000000     
   44.100000000000001       -1.6723796607890196E-016   0.0000000000000000     
   44.200000000000003        1.2401110708067254E-015   0.0000000000000000     
   44.300000000000004        1.4273517299144637E-015   0.0000000000000000     
   44.400000000000006        4.8547036543956692E-016   0.0000000000000000     
   44.500000000000000       -1.5625841665657448E-015   0.0000000000000000     
   44.600000000000001       -4.7858403563783224E-016   0.0000000000000000     
   44.700000000000003       -2.9416858436849674E-016   0.0000000000000000     
   44.800000000000004       -1.3471947801717556E-015   0.0000000000000000     
   44.900000000000006        2.2969946271427046E-015   0.0000000000000000     
   45.000000000000000       -1.8861040442061331E-015   0.0000000000000000     
   45.100000000000001        2.5733566368140104E-015   0.0000000000000000     
   45.200000000000003       -1.5299527313370980E-015   0.0000000000000000     
   45.300000000000004        1.0832606805510291E-015   0.0000000000000000     
   45.400000000000006       -1.0108395451565129E-015   0.0000000000000000     
   45.500000000000000       -1.4914899403287350E-015   0.0000000000000000     
   45.600000000000001        1.1869060640523981E-015   0.0000000000000000     
   45.700000000000003       -6.0669085696791642E-017   0.0000000000000000     
   45.800000000000004       -1.1253589862649860E-015   0.0000000000000000     
   45.900000000000006        1.8813059380946845E-015   0.0000000000000000     
   46.000000000000000        9.8203633429525627E-016   0.0000000000000000     
   46.100000000000001        3.7561499998630404E-015   0.0000000000000000     
   46.200000000000003        1.5875826725926026E-015   0.0000000000000000     
   46.300000000000004       -2.0465793461277934E-015   0.0000000000000000     
   46.400000000000006       -2.6426597911839405E-015   0.0000000000000000     
   46.500000000000000       -3.2118171478096018E-015   0.0000000000000000     
   46.600000000000001       -2.5721879562974506E-015   0.0000000000000000     
   46.700000000000003        3.9396268880064904E-015   0.0000000000000000     
   46.800000000000004       -5.0346953937834749E-016   0.0000000000000000     
   46.900000000000006        2.3318695249030678E-015   0.0000000000000000     
   47.000000000000000       -1.4307477826683962E-015   0.0000000000000000     
   47.100000000000001        1.6432881118314533E-015   0.0000000000000000     
   47.200000000000003       -1.3978498347533917E-015   0.0000000000000000     
   47.300000000000004       -2.1793078640302670E-015   0.0000000000000000     
   47.400000000000006       -8.2438447704374630E-016   0.0000000000000000     
   47.500000000000000        4.4278289687928700E-016   0.0000000000000000     
   47.600000000000001        2.3260615435726227E-015   0.0000000000000000     
   47.700000000000003       -2.6175518354861286E-015   0.0000000000000000     
   47.800000000000004        2.3884641479150164E-015   0.0000000000000000     
   47.900000000000006       -2.7298169270923731E-015   0.0000000000000000     
   48.000000000000000       -2.7752789175566467E-015   0.0000000000000000     
   48.100000000000001       -9.5117351343852359E-016   0.0000000000000000     
   48.200000000000003       -8.7460490682427048E-016   0.0000000000000000     
   48.300000000000004        4.9647492508967165E-015   0.0000000000000000     
   48.400000000000006        3.8002101478780088E-016   0.0000000000000000     
   48.500000000000000        1.9843428497016153E-016   0.0000000000000000     
   48.600000000000001        3.3531897185259018E-015   0.0000000000000000     
   48.700000000000003       -2.2338347645911722E-016   0.0000000000000000     
   48.800000000000004        1.9369341654348676E-015   0.0000000000000000     
   48.900000000000006       -3.7970574653272912E-015   0.0000000000000000     
   49.000000000000000       -1.0490386356877954E-015   0.0000000000000000     
   49.100000000000001       -7.6892125450478976E-016   0.0000000000000000     
   49.200000000000003       -8.3737451565340837E-016   0.0000000000000000     
   49.300000000000004        1.1324800729391642E-015   0.0000000000000000     
   49.400000000000006       -1.0701281626147811E-016   0.0000000000000000     
   49.500000000000000        2.2069095064851434E-015   0.0000000000000000     
   49.600000000000001        1.2203651905188887E-015   0.0000000000000000     
   49.700000000000003        4.6861892723224861E-017   0.0000000000000000     
   49.800000000000004       -4.1888994621092732E-016   0.0000000000000000     
   49.900000000000006        5.0654071924799070E-054   0.0000000000000000     
