   0.0000000000000000        1.4186424224373343E-015   0.0000000000000000     
  0.10000000000000001        1.3139962572380437E-015   0.0000000000000000     
  0.20000000000000001        1.4604358913453239E-016   0.0000000000000000     
  0.30000000000000004       -1.7215050586669126E-015   0.0000000000000000     
  0.40000000000000002       -1.8872980953790635E-015   0.0000000000000000     
  0.50000000000000000        5.6324606187460848E-016   0.0000000000000000     
  0.60000000000000009       -7.7041561127556896E-016   0.0000000000000000     
  0.70000000000000007       -1.1905601965110811E-015   0.0000000000000000     
  0.80000000000000004        2.0952868624170930E-015   0.0000000000000000     
  0.90000000000000002        2.0094490723001548E-015   0.0000000000000000     
   1.0000000000000000        1.0016358770376975E-016   0.0000000000000000     
   1.1000000000000001        2.4409464234997728E-016   0.0000000000000000     
   1.2000000000000002       -4.0920896866465209E-016   0.0000000000000000     
   1.3000000000000000       -2.6627826194703976E-015   0.0000000000000000     
   1.4000000000000001       -1.6193764187063694E-015   0.0000000000000000     
   1.5000000000000000        1.7237674858132908E-015   0.0000000000000000     
   1.6000000000000001        1.2988808923978249E-015   0.0000000000000000     
   1.7000000000000002        5.5708400660716263E-016   0.0000000000000000     
   1.8000000000000000        1.3006098205941758E-015   0.0000000000000000     
   1.9000000000000001       -1.5918908319112583E-015   0.0000000000000000     
   2.0000000000000000       -2.8833878442863689E-015   0.0000000000000000     
   2.1000000000000001        1.2187591213618213E-015   0.0000000000000000     
   2.2000000000000002        2.0255698525175331E-015   0.0000000000000000     
   2.3000000000000003       -4.0743745857084583E-016   0.0000000000000000     
   2.4000000000000004        4.6819518921751594E-017   0.0000000000000000     
   2.5000000000000000        7.1877993917071296E-016   0.0000000000000000     
   2.6000000000000001       -6.3193569657586661E-017   0.0000000000000000     
   2.7000000000000002       -1.2567494428615157E-015   0.0000000000000000     
   2.8000000000000003       -1.6419247996845248E-015   0.0000000000000000     
   2.9000000000000004        2.4609408797733754E-016   0.0000000000000000     
   3.0000000000000000        8.4976903672640935E-016   0.0000000000000000     
   3.1000000000000001        3.5824160165258391E-016   0.0000000000000000     
   3.2000000000000002        1.4919672843323209E-015   0.0000000000000000     
   3.3000000000000003        1.0902076887357008E-015   0.0000000000000000     
   3.4000000000000004       -6.7765592552305491E-016   0.0000000000000000     
   3.5000000000000000       -1.3070757819901705E-015   0.0000000000000000     
   3.6000000000000001       -7.5182772523319571E-016   0.0000000000000000     
   3.7000000000000002       -6.5435265157876724E-016   0.0000000000000000     
   3.8000000000000003       -1.2926059644001070E-015   0.0000000000000000     
   3.9000000000000004        8.6480485390763776E-016   0.0000000000000000     
   4.0000000000000000        2.5609828271600127E-015   0.0000000000000000     
   4.1000000000000005        1.0350888693711241E-015   0.0000000000000000     
   4.2000000000000002        9.0212010063809996E-017   0.0000000000000000     
   4.2999999999999998       -1.4698691710350935E-015   0.0000000000000000     
   4.4000000000000004       -1.7843362866676658E-015   0.0000000000000000     
   4.5000000000000000       -2.1408617116061628E-016   0.0000000000000000     
   4.6000000000000005       -4.2377576549883213E-016   0.0000000000000000     
   4.7000000000000002        5.9644129535349769E-016   0.0000000000000000     
   4.8000000000000007        1.2980360762149073E-015   0.0000000000000000     
   4.9000000000000004        4.1281923138045226E-016   0.0000000000000000     
   5.0000000000000000        7.1977079576665429E-016   0.0000000000000000     
   5.1000000000000005       -2.0697849893324202E-016   0.0000000000000000     
   5.2000000000000002       -4.5618935247131962E-016   0.0000000000000000     
   5.3000000000000007       -3.4980238497574262E-016   0.0000000000000000     
   5.4000000000000004       -1.7712918985275202E-015   0.0000000000000000     
   5.5000000000000000       -4.1499304784987634E-016   0.0000000000000000     
   5.6000000000000005        5.4456494290731089E-016   0.0000000000000000     
   5.7000000000000002       -3.8936879071571730E-016   0.0000000000000000     
   5.8000000000000007        1.1678949446701885E-015   0.0000000000000000     
   5.9000000000000004        2.2423277492916904E-015   0.0000000000000000     
   6.0000000000000000        4.3784382121106704E-016   0.0000000000000000     
   6.1000000000000005       -9.6489588747997843E-016   0.0000000000000000     
   6.2000000000000002       -4.1107150854398539E-016   0.0000000000000000     
   6.3000000000000007       -6.9330572327121340E-016   0.0000000000000000     
   6.4000000000000004       -1.6275180265923540E-015   0.0000000000000000     
   6.5000000000000000       -6.1840258926659235E-016   0.0000000000000000     
   6.6000000000000005       -5.9816063198065453E-017   0.0000000000000000     
   6.7000000000000002        2.8597902096850765E-016   0.0000000000000000     
   6.8000000000000007        1.6544965014945349E-015   0.0000000000000000     
   6.9000000000000004        1.6462939003940085E-015   0.0000000000000000     
   7.0000000000000000        1.1429456673402594E-015   0.0000000000000000     
   7.1000000000000005       -9.6698864011336940E-017   0.0000000000000000     
   7.2000000000000002       -2.7368563409301368E-015   0.0000000000000000     
   7.3000000000000007       -2.6873289360803474E-015   0.0000000000000000     
   7.4000000000000004        6.2398934809701252E-016   0.0000000000000000     
   7.5000000000000000        1.8163434970121996E-015   0.0000000000000000     
   7.6000000000000005        5.3882533692878569E-016   0.0000000000000000     
   7.7000000000000002        9.2558197150510419E-016   0.0000000000000000     
   7.8000000000000007        6.3038944016881118E-016   0.0000000000000000     
   7.9000000000000004       -1.1442622565997852E-015   0.0000000000000000     
   8.0000000000000000       -1.3717612266256382E-015   0.0000000000000000     
   8.0999999999999996       -1.0625410467731443E-015   0.0000000000000000     
   8.2000000000000011        8.4729744704209923E-016   0.0000000000000000     
   8.3000000000000007        1.9874246206777895E-015   0.0000000000000000     
   8.4000000000000004       -4.1262870205631716E-016   0.0000000000000000     
   8.5000000000000000       -7.6750764476796855E-016   0.0000000000000000     
   8.5999999999999996        4.6636832463974885E-016   0.0000000000000000     
   8.7000000000000011        5.7984412230178087E-016   0.0000000000000000     
   8.8000000000000007        2.3147423422623288E-016   0.0000000000000000     
   8.9000000000000004       -1.6807608115936341E-015   0.0000000000000000     
   9.0000000000000000       -1.8916750577036852E-015   0.0000000000000000     
   9.0999999999999996        1.7188125632413370E-017   0.0000000000000000     
   9.2000000000000011        2.0836476039213225E-015   0.0000000000000000     
   9.3000000000000007        3.6959481499860332E-015   0.0000000000000000     
   9.4000000000000004        4.9081286970697935E-016   0.0000000000000000     
   9.5000000000000000       -2.8351127136264278E-015   0.0000000000000000     
   9.6000000000000014       -2.1092300485862825E-015   0.0000000000000000     
   9.7000000000000011       -2.4546856374299938E-015   0.0000000000000000     
   9.8000000000000007       -5.0781796767355148E-016   0.0000000000000000     
   9.9000000000000004        2.9444988282208061E-015   0.0000000000000000     
   10.000000000000000        2.1564107394208820E-015   0.0000000000000000     
   10.100000000000001        1.7576017542590288E-015   0.0000000000000000     
   10.200000000000001        1.1249076597083149E-015   0.0000000000000000     
   10.300000000000001       -1.1271071625707393E-015   0.0000000000000000     
   10.400000000000000       -1.2101510341500150E-015   0.0000000000000000     
   10.500000000000000       -2.3626014315172496E-015   0.0000000000000000     
   10.600000000000001       -3.3963701969511409E-015   0.0000000000000000     
   10.700000000000001       -6.0067582447077165E-016   0.0000000000000000     
   10.800000000000001        2.3441013627798466E-015   0.0000000000000000     
   10.900000000000000        3.1627647914806987E-015   0.0000000000000000     
   11.000000000000000        1.4563680831329321E-015   0.0000000000000000     
   11.100000000000001       -1.0976484860358372E-016   0.0000000000000000     
   11.200000000000001        4.4873652457314776E-016   0.0000000000000000     
   11.300000000000001       -9.3208631593839205E-016   0.0000000000000000     
   11.400000000000000       -2.4987354088960910E-015   0.0000000000000000     
   11.500000000000000       -6.3489174481124987E-016   0.0000000000000000     
   11.600000000000001        3.4519315587240110E-016   0.0000000000000000     
   11.700000000000001       -3.3689358674603291E-016   0.0000000000000000     
   11.800000000000001        7.4716651210988610E-016   0.0000000000000000     
   11.900000000000000        1.0092639051758722E-015   0.0000000000000000     
   12.000000000000000        2.6755891757177905E-016   0.0000000000000000     
   12.100000000000001        1.0525151572064886E-015   0.0000000000000000     
   12.200000000000001       -1.6170561541761267E-015   0.0000000000000000     
   12.300000000000001       -3.7693420640348550E-015   0.0000000000000000     
   12.400000000000000        1.2746175001091908E-015   0.0000000000000000     
   12.500000000000000        3.4173671532232729E-015   0.0000000000000000     
   12.600000000000001        1.2425363985945010E-015   0.0000000000000000     
   12.700000000000001        4.1204589200632030E-016   0.0000000000000000     
   12.800000000000001       -2.0739174570579157E-015   0.0000000000000000     
   12.900000000000000       -1.9815727979837755E-015   0.0000000000000000     
   13.000000000000000        2.5951343099537845E-016   0.0000000000000000     
   13.100000000000001        6.5721716443718487E-017   0.0000000000000000     
   13.200000000000001        2.7028349434531283E-016   0.0000000000000000     
   13.300000000000001        3.9389618484954144E-016   0.0000000000000000     
   13.400000000000000        3.9662448107873056E-016   0.0000000000000000     
   13.500000000000000        6.5263103835772090E-016   0.0000000000000000     
   13.600000000000001       -5.0260262672339291E-016   0.0000000000000000     
   13.700000000000001        1.0348704189074307E-015   0.0000000000000000     
   13.800000000000001        2.1101887378833379E-016   0.0000000000000000     
   13.900000000000000       -1.7763980644588590E-015   0.0000000000000000     
   14.000000000000000       -7.6103799434518796E-016   0.0000000000000000     
   14.100000000000001        6.4705547964118823E-016   0.0000000000000000     
   14.200000000000001       -4.4586375144501098E-016   0.0000000000000000     
   14.300000000000001        1.4564664576700061E-015   0.0000000000000000     
   14.400000000000000       -4.9364699421045978E-016   0.0000000000000000     
   14.500000000000000        1.3410326794551659E-015   0.0000000000000000     
   14.600000000000001       -2.1720639070656022E-016   0.0000000000000000     
   14.700000000000001        3.8226279407720561E-016   0.0000000000000000     
   14.800000000000001       -4.2279036058759812E-015   0.0000000000000000     
   14.900000000000000        3.3099279357406285E-015   0.0000000000000000     
   15.000000000000000       -1.0745844031061126E-015   0.0000000000000000     
   15.100000000000001        4.1251583212779054E-015   0.0000000000000000     
   15.200000000000001       -6.7858513774279791E-015   0.0000000000000000     
   15.300000000000001        6.5989970994087494E-015   0.0000000000000000     
   15.400000000000000       -8.8441000221209932E-015   0.0000000000000000     
   15.500000000000000        1.2349330710361162E-014   0.0000000000000000     
   15.600000000000001       -1.4308748493810742E-014   0.0000000000000000     
   15.700000000000001        1.7572879765510509E-014   0.0000000000000000     
   15.800000000000001       -2.3770943770250026E-014   0.0000000000000000     
   15.900000000000000        3.1432581363046733E-014   0.0000000000000000     
   16.000000000000000       -4.0223166331436510E-014   0.0000000000000000     
   16.100000000000001        4.9438839871274778E-014   0.0000000000000000     
   16.199999999999999       -6.3054655711096936E-014   0.0000000000000000     
   16.300000000000001        8.1396619916419482E-014   0.0000000000000000     
   16.400000000000002       -1.0189059033514691E-013   0.0000000000000000     
   16.500000000000000        1.3191156122026893E-013   0.0000000000000000     
   16.600000000000001       -1.6909770509633356E-013   0.0000000000000000     
   16.699999999999999        2.1358246469150423E-013   0.0000000000000000     
   16.800000000000001       -2.7057110710918343E-013   0.0000000000000000     
   16.900000000000002        3.4224192819041711E-013   0.0000000000000000     
   17.000000000000000       -4.3660892131368256E-013   0.0000000000000000     
   17.100000000000001        5.5493194611901725E-013   0.0000000000000000     
   17.199999999999999       -7.0428502096349197E-013   0.0000000000000000     
   17.300000000000001        8.8918522998769547E-013   0.0000000000000000     
   17.400000000000002       -1.1256921183333040E-012   0.0000000000000000     
   17.500000000000000        1.4282502811982954E-012   0.0000000000000000     
   17.600000000000001       -1.8023540402605614E-012   0.0000000000000000     
   17.699999999999999        2.2794401020057663E-012   0.0000000000000000     
   17.800000000000001       -2.8781360462101951E-012   0.0000000000000000     
   17.900000000000002        3.6302456825018025E-012   0.0000000000000000     
   18.000000000000000       -4.5781179147250010E-012   0.0000000000000000     
   18.100000000000001        5.7658618084171488E-012   0.0000000000000000     
   18.199999999999999       -7.2620998882813127E-012   0.0000000000000000     
   18.300000000000001        9.1340107857510920E-012   0.0000000000000000     
   18.400000000000002       -1.1479137175482363E-011   0.0000000000000000     
   18.500000000000000        1.4418890198702995E-011   0.0000000000000000     
   18.600000000000001       -1.8096862238053806E-011   0.0000000000000000     
   18.699999999999999        2.2694123019174260E-011   0.0000000000000000     
   18.800000000000001       -2.8430142218538139E-011   0.0000000000000000     
   18.900000000000002        3.5593376087693056E-011   0.0000000000000000     
   19.000000000000000       -4.4525260335220705E-011   0.0000000000000000     
   19.100000000000001        5.5643022923496057E-011   0.0000000000000000     
   19.200000000000003       -6.9483669422457082E-011   0.0000000000000000     
   19.300000000000001        8.6696808618081375E-011   0.0000000000000000     
   19.400000000000002       -1.0807092325867565E-010   0.0000000000000000     
   19.500000000000000        1.3459785900933354E-010   0.0000000000000000     
   19.600000000000001       -1.6748939455723250E-010   0.0000000000000000     
   19.700000000000003        2.0822735415432393E-010   0.0000000000000000     
   19.800000000000001       -2.5864192397609686E-010   0.0000000000000000     
   19.900000000000002        3.2096761625532294E-010   0.0000000000000000     
   20.000000000000000       -3.9794561230565780E-010   0.0000000000000000     
   20.100000000000001        4.9292297610355221E-010   0.0000000000000000     
   20.200000000000003       -6.0999251989092997E-010   0.0000000000000000     
   20.300000000000001        7.5415208214875724E-010   0.0000000000000000     
   20.400000000000002       -9.3148228668720331E-010   0.0000000000000000     
   20.500000000000000        1.1494073045968154E-009   0.0000000000000000     
   20.600000000000001       -1.4169346508972656E-009   0.0000000000000000     
   20.700000000000003        1.7450052746264429E-009   0.0000000000000000     
   20.800000000000001       -2.1469240568997673E-009   0.0000000000000000     
   20.900000000000002        2.6387751383847918E-009   0.0000000000000000     
   21.000000000000000       -3.2400454541815771E-009   0.0000000000000000     
   21.100000000000001        3.9743026375316049E-009   0.0000000000000000     
   21.200000000000003       -4.8699819901226545E-009   0.0000000000000000     
   21.300000000000001        5.9613907218420838E-009   0.0000000000000000     
   21.400000000000002       -7.2898394498778117E-009   0.0000000000000000     
   21.500000000000000        8.9050428284445771E-009   0.0000000000000000     
   21.600000000000001       -1.0866712018333659E-008   0.0000000000000000     
   21.700000000000003        1.3246500084342982E-008   0.0000000000000000     
   21.800000000000001       -1.6130289152227463E-008   0.0000000000000000     
   21.900000000000002        1.9620846080626692E-008   0.0000000000000000     
   22.000000000000000       -2.3841032978524451E-008   0.0000000000000000     
   22.100000000000001        2.8937497935173736E-008   0.0000000000000000     
   22.200000000000003       -3.5085075464477075E-008   0.0000000000000000     
   22.300000000000001        4.2491918371914103E-008   0.0000000000000000     
   22.400000000000002       -5.1405514855404625E-008   0.0000000000000000     
   22.500000000000000        6.2119727890973448E-008   0.0000000000000000     
   22.600000000000001       -7.4982998598726665E-008   0.0000000000000000     
   22.700000000000003        9.0407934387191158E-008   0.0000000000000000     
   22.800000000000001       -1.0888241433343431E-007   0.0000000000000000     
   22.900000000000002        1.3098255688731276E-007   0.0000000000000000     
   23.000000000000000       -1.5738767395587746E-007   0.0000000000000000     
   23.100000000000001        1.8889764344568494E-007   0.0000000000000000     
   23.200000000000003       -2.2645296253241507E-007   0.0000000000000000     
   23.300000000000001        2.7115782588936871E-007   0.0000000000000000     
   23.400000000000002       -3.2430677914190553E-007   0.0000000000000000     
   23.500000000000000        3.8741523864059984E-007   0.0000000000000000     
   23.600000000000001       -4.6225457684229436E-007   0.0000000000000000     
   23.700000000000003        5.5089223488765674E-007   0.0000000000000000     
   23.800000000000001       -6.5573752983936296E-007   0.0000000000000000     
   23.900000000000002        7.7959393442458017E-007   0.0000000000000000     
   24.000000000000000       -9.2571846040921986E-007   0.0000000000000000     
   24.100000000000001        1.0978891798587556E-006   0.0000000000000000     
   24.200000000000003       -1.3004816615432625E-006   0.0000000000000000     
   24.300000000000001        1.5385553886944702E-006   0.0000000000000000     
   24.400000000000002       -1.8179512682341737E-006   0.0000000000000000     
   24.500000000000000        2.1454013286040573E-006   0.0000000000000000     
   24.600000000000001       -2.5286519863454871E-006   0.0000000000000000     
   24.700000000000003        2.9766020394644505E-006   0.0000000000000000     
   24.800000000000001       -3.4994569502119162E-006   0.0000000000000000     
   24.900000000000002        4.1089008613947896E-006   0.0000000000000000     
   25.000000000000000       -4.8182878110529116E-006   0.0000000000000000     
   25.100000000000001        5.6428538901809483E-006   0.0000000000000000     
   25.200000000000003       -6.5999518519001828E-006   0.0000000000000000     
   25.300000000000001        7.7093099670209466E-006   0.0000000000000000     
   25.400000000000002       -8.9933166964195078E-006   0.0000000000000000     
   25.500000000000000        1.0477332877908472E-005   0.0000000000000000     
   25.600000000000001       -1.2190033079508610E-005   0.0000000000000000     
   25.700000000000003        1.4163777532784544E-005   0.0000000000000000     
   25.800000000000001       -1.6435016164753531E-005   0.0000000000000000     
   25.900000000000002        1.9044725843856597E-005   0.0000000000000000     
   26.000000000000000       -2.2038881922430655E-005   0.0000000000000000     
   26.100000000000001        2.5468964776801232E-005   0.0000000000000000     
   26.200000000000003       -2.9392501675244331E-005   0.0000000000000000     
   26.300000000000001        3.3873644005233397E-005   0.0000000000000000     
   26.400000000000002       -3.8983779276156885E-005   0.0000000000000000     
   26.500000000000000        4.4802176782380288E-005   0.0000000000000000     
   26.600000000000001       -5.1416665122416186E-005   0.0000000000000000     
   26.700000000000003        5.8924339037113007E-005   0.0000000000000000     
   26.800000000000001       -6.7432292143094154E-005   0.0000000000000000     
   26.900000000000002        7.7058371064417182E-005   0.0000000000000000     
   27.000000000000000       -8.7931945600234679E-005   0.0000000000000000     
   27.100000000000001        1.0019468817866996E-004   0.0000000000000000     
   27.200000000000003       -1.1400135457418126E-004   0.0000000000000000     
   27.300000000000001        1.2952055664503494E-004   0.0000000000000000     
   27.400000000000002       -1.4693551607526423E-004   0.0000000000000000     
   27.500000000000000        1.6644478677255563E-004   0.0000000000000000     
   27.600000000000001       -1.8826293176821832E-004   0.0000000000000000     
   27.700000000000003        2.1262113877321335E-004   0.0000000000000000     
   27.800000000000001       -2.3976775682815594E-004   0.0000000000000000     
   27.900000000000002        2.6996873468331368E-004   0.0000000000000000     
   28.000000000000000       -3.0350793977936816E-004   0.0000000000000000     
   28.100000000000001        3.4068733501002856E-004   0.0000000000000000     
   28.200000000000003       -3.8182698879039959E-004   0.0000000000000000     
   28.300000000000001        4.2726489249828541E-004   0.0000000000000000     
   28.400000000000002       -4.7735655797821275E-004   0.0000000000000000     
   28.500000000000000        5.3247436677012372E-004   0.0000000000000000     
   28.600000000000001       -5.9300664183016473E-004   0.0000000000000000     
   28.700000000000003        6.5935641207547676E-004   0.0000000000000000     
   28.800000000000001       -7.3193984010554462E-004   0.0000000000000000     
   28.900000000000002        8.1118428359449127E-004   0.0000000000000000     
   29.000000000000000       -8.9752596216690142E-004   0.0000000000000000     
   29.100000000000001        9.9140720271432897E-004   0.0000000000000000     
   29.200000000000003       -1.0932732385576069E-003   0.0000000000000000     
   29.300000000000001        1.2035685407091163E-003   0.0000000000000000     
   29.400000000000002       -1.3227326630933251E-003   0.0000000000000000     
   29.500000000000000        1.4511955882562939E-003   0.0000000000000000     
   29.600000000000001       -1.5893725652885602E-003   0.0000000000000000     
   29.700000000000003        1.7376584380890930E-003   0.0000000000000000     
   29.800000000000001       -1.8964214691892891E-003   0.0000000000000000     
   29.900000000000002        2.0659966724028206E-003   0.0000000000000000     
   30.000000000000000       -2.2466786765291506E-003   0.0000000000000000     
   30.100000000000001        2.4387141520745147E-003   0.0000000000000000     
   30.200000000000003       -2.6422938435465234E-003   0.0000000000000000     
   30.300000000000001        2.8575442609559284E-003   0.0000000000000000     
   30.400000000000002       -3.0845190961000381E-003   0.0000000000000000     
   30.500000000000000        3.3231904412791423E-003   0.0000000000000000     
   30.600000000000001       -3.5734399006065723E-003   0.0000000000000000     
   30.700000000000003        3.8350496966028848E-003   0.0000000000000000     
   30.800000000000001       -4.1076938870237946E-003   0.0000000000000000     
   30.900000000000002        4.3909298189666107E-003   0.0000000000000000     
   31.000000000000000       -4.6841899584265006E-003   0.0000000000000000     
   31.100000000000001        4.9867742438343358E-003   0.0000000000000000     
   31.200000000000003       -5.2978431210600474E-003   0.0000000000000000     
   31.300000000000001        5.6164114248877075E-003   0.0000000000000000     
   31.400000000000002       -5.9413432772850864E-003   0.0000000000000000     
   31.500000000000000        6.2713481762212914E-003   0.0000000000000000     
   31.600000000000001       -6.6049784493227362E-003   0.0000000000000000     
   31.700000000000003        6.9406282444939536E-003   0.0000000000000000     
   31.800000000000001       -7.2765342244206846E-003   0.0000000000000000     
   31.900000000000002        7.6107781229491772E-003   0.0000000000000000     
   32.000000000000000       -7.9412913092578412E-003   0.0000000000000000     
   32.100000000000001        8.2658614895537528E-003   0.0000000000000000     
   32.200000000000003       -8.5821416562676667E-003   0.0000000000000000     
   32.300000000000004        8.8876613709516286E-003   0.0000000000000000     
   32.399999999999999       -9.1798404397271105E-003   0.0000000000000000     
   32.500000000000000        9.4560050089447754E-003   0.0000000000000000     
   32.600000000000001       -9.7134060741826660E-003   0.0000000000000000     
   32.700000000000003        9.9492403582959830E-003   0.0000000000000000     
   32.800000000000004       -1.0160673473750600E-002   0.0000000000000000     
   32.899999999999999        1.0344865242436770E-002   0.0000000000000000     
   33.000000000000000       -1.0498997001982658E-002   0.0000000000000000     
   33.100000000000001        1.0620300683121607E-002   0.0000000000000000     
   33.200000000000003       -1.0706089397894998E-002   0.0000000000000000     
   33.300000000000004        1.0753789234615408E-002   0.0000000000000000     
   33.399999999999999       -1.0760971913406744E-002   0.0000000000000000     
   33.500000000000000        1.0725387916682283E-002   0.0000000000000000     
   33.600000000000001       -1.0644999673307868E-002   0.0000000000000000     
   33.700000000000003        1.0518014343999347E-002   0.0000000000000000     
   33.800000000000004       -1.0342915730220618E-002   0.0000000000000000     
   33.899999999999999        1.0118494809895148E-002   0.0000000000000000     
   34.000000000000000       -9.8438783918559144E-003   0.0000000000000000     
   34.100000000000001        9.5185553777581613E-003   0.0000000000000000     
   34.200000000000003       -9.1424001255795435E-003   0.0000000000000000     
   34.300000000000004        8.7156924239525351E-003   0.0000000000000000     
   34.399999999999999       -8.2391336109530512E-003   0.0000000000000000     
   34.500000000000000        7.7138584055162305E-003   0.0000000000000000     
   34.600000000000001       -7.1414420636691798E-003   0.0000000000000000     
   34.700000000000003        6.5239025255436553E-003   0.0000000000000000     
   34.800000000000004       -5.8636972818320362E-003   0.0000000000000000     
   34.899999999999999        5.1637147592762693E-003   0.0000000000000000     
   35.000000000000000       -4.4272601033161704E-003   0.0000000000000000     
   35.100000000000001        3.6580353204706197E-003   0.0000000000000000     
   35.200000000000003       -2.8601138326928496E-003   0.0000000000000000     
   35.300000000000004        2.0379095885122377E-003   0.0000000000000000     
   35.399999999999999       -1.1961409704927361E-003   0.0000000000000000     
   35.500000000000000        3.3978983251372404E-004   0.0000000000000000     
   35.600000000000001        5.2594390728360725E-004   0.0000000000000000     
   35.700000000000003       -1.3956916040993835E-003   0.0000000000000000     
   35.800000000000004        2.2639685587004061E-003   0.0000000000000000     
   35.899999999999999       -3.1252293541917183E-003   0.0000000000000000     
   36.000000000000000        3.9739251230647872E-003   0.0000000000000000     
   36.100000000000001       -4.8045619570754395E-003   0.0000000000000000     
   36.200000000000003        5.6117596327516488E-003   0.0000000000000000     
   36.300000000000004       -6.3903097993459014E-003   0.0000000000000000     
   36.399999999999999        7.1352327655623445E-003   0.0000000000000000     
   36.500000000000000       -7.8418320265463450E-003   0.0000000000000000     
   36.600000000000001        8.5057456940917948E-003   0.0000000000000000     
   36.700000000000003       -9.1229940306949749E-003   0.0000000000000000     
   36.800000000000004        9.6900223413118308E-003   0.0000000000000000     
   36.899999999999999       -1.0203738545546619E-002   0.0000000000000000     
   37.000000000000000        1.0661544834960634E-002   0.0000000000000000     
   37.100000000000001       -1.1061362915445875E-002   0.0000000000000000     
   37.200000000000003        1.1401652439983439E-002   0.0000000000000000     
   37.300000000000004       -1.1681422351469508E-002   0.0000000000000000     
   37.399999999999999        1.1900234975732931E-002   0.0000000000000000     
   37.500000000000000       -1.2058202829403919E-002   0.0000000000000000     
   37.600000000000001        1.2155978232845404E-002   0.0000000000000000     
   37.700000000000003       -1.2194735942704435E-002   0.0000000000000000     
   37.800000000000004        1.2176149138759206E-002   0.0000000000000000     
   37.899999999999999       -1.2102359213196185E-002   0.0000000000000000     
   38.000000000000000        1.1975939914908237E-002   0.0000000000000000     
   38.100000000000001       -1.1799856494281629E-002   0.0000000000000000     
   38.200000000000003        1.1577420573718095E-002   0.0000000000000000     
   38.300000000000004       -1.1312241533627003E-002   0.0000000000000000     
   38.400000000000006        1.1008175251943197E-002   0.0000000000000000     
   38.500000000000000       -1.0669271066276371E-002   0.0000000000000000     
   38.600000000000001        1.0299717840986468E-002   0.0000000000000000     
   38.700000000000003       -9.9037900169883560E-003   0.0000000000000000     
   38.800000000000004        9.4857944998811543E-003   0.0000000000000000     
   38.900000000000006       -9.0500192035717630E-003   0.0000000000000000     
   39.000000000000000        8.6006840118429944E-003   0.0000000000000000     
   39.100000000000001       -8.1418948524397336E-003   0.0000000000000000     
   39.200000000000003        7.6776014976434733E-003   0.0000000000000000     
   39.300000000000004       -7.2115596147654107E-003   0.0000000000000000     
   39.400000000000006        6.7472974919307463E-003   0.0000000000000000     
   39.500000000000000       -6.2880877607840516E-003   0.0000000000000000     
   39.600000000000001        5.8369243316837771E-003   0.0000000000000000     
   39.700000000000003       -5.3965046500900424E-003   0.0000000000000000     
   39.800000000000004        4.9692172786075656E-003   0.0000000000000000     
   39.900000000000006       -4.5571347090774461E-003   0.0000000000000000     
   40.000000000000000        4.1620112158419990E-003   0.0000000000000000     
   40.100000000000001       -3.7852854763681370E-003   0.0000000000000000     
   40.200000000000003        3.4280876105880920E-003   0.0000000000000000     
   40.300000000000004       -3.0912502268922830E-003   0.0000000000000000     
   40.400000000000006        2.7753230115465048E-003   0.0000000000000000     
   40.500000000000000       -2.4805903598462600E-003   0.0000000000000000     
   40.600000000000001        2.2070915221451839E-003   0.0000000000000000     
   40.700000000000003       -1.9546427254979472E-003   0.0000000000000000     
   40.800000000000004        1.7228607317993376E-003   0.0000000000000000     
   40.900000000000006       -1.5111873052261720E-003   0.0000000000000000     
   41.000000000000000        1.3189140841933411E-003   0.0000000000000000     
   41.100000000000001       -1.1452073852738301E-003   0.0000000000000000     
   41.200000000000003        9.8913250641739455E-004   0.0000000000000000     
   41.300000000000004       -8.4967714355231811E-004   0.0000000000000000     
   41.400000000000006        7.2577358600386358E-004   0.0000000000000000     
   41.500000000000000       -6.1631941104720630E-004   0.0000000000000000     
   41.600000000000001        5.2019645430759220E-004   0.0000000000000000     
   41.700000000000003       -4.3628788917796492E-004   0.0000000000000000     
   41.800000000000004        3.6349330393343690E-004   0.0000000000000000     
   41.900000000000006       -3.0074171769824864E-004   0.0000000000000000     
   42.000000000000000        2.4700252561282298E-004   0.0000000000000000     
   42.100000000000001       -2.0129440791869730E-004   0.0000000000000000     
   42.200000000000003        1.6269227698993601E-004   0.0000000000000000     
   42.300000000000004       -1.3033236951081670E-004   0.0000000000000000     
   42.400000000000006        1.0341561854930254E-004   0.0000000000000000     
   42.500000000000000       -8.1209461126394598E-005   0.0000000000000000     
   42.600000000000001        6.3048252211525899E-005   0.0000000000000000     
   42.700000000000003       -4.8332464934587585E-005   0.0000000000000000     
   42.800000000000004        3.6526860856264680E-005   0.0000000000000000     
   42.900000000000006       -2.7157812715530508E-005   0.0000000000000000     
   43.000000000000000        1.9809956662823764E-005   0.0000000000000000     
   43.100000000000001       -1.4122341764681744E-005   0.0000000000000000     
   43.200000000000003        9.7842322405000445E-006   0.0000000000000000     
   43.300000000000004       -6.5307036781934437E-006   0.0000000000000000     
   43.400000000000006        4.1381579881216696E-006   0.0000000000000000     
   43.500000000000000       -2.4198653007868943E-006   0.0000000000000000     
   43.600000000000001        1.2216232088897543E-006   0.0000000000000000     
   43.700000000000003       -4.1760686189524573E-007   0.0000000000000000     
   43.800000000000004       -9.3533248205577789E-008   0.0000000000000000     
   43.900000000000006        3.9228439050931044E-007   0.0000000000000000     
   44.000000000000000       -5.4156838189792883E-007   0.0000000000000000     
   44.100000000000001        5.8970748863382956E-007   0.0000000000000000     
   44.200000000000003       -5.7305569272800614E-007   0.0000000000000000     
   44.300000000000004        5.1830097171964269E-007   0.0000000000000000     
   44.400000000000006       -4.4445148915022086E-007   0.0000000000000000     
   44.500000000000000        3.6452450216235860E-007   0.0000000000000000     
   44.600000000000001       -2.8696096651671909E-007   0.0000000000000000     
   44.700000000000003        2.1679153885238727E-007   0.0000000000000000     
   44.800000000000004       -1.5658114608993649E-007   0.0000000000000000     
   44.900000000000006        1.0717978652848481E-007   0.0000000000000000     
   45.000000000000000       -6.8306558214196926E-008   0.0000000000000000     
   45.100000000000001        3.8992783218043510E-008   0.0000000000000000     
   45.200000000000003       -1.7908246072582309E-008   0.0000000000000000     
   45.300000000000004        3.5924802884651947E-009   0.0000000000000000     
   45.400000000000006        5.3895185799223316E-009   0.0000000000000000     
   45.500000000000000       -1.0350018677157592E-008   0.0000000000000000     
   45.600000000000001        1.2425362050109075E-008   0.0000000000000000     
   45.700000000000003       -1.2554590477971584E-008   0.0000000000000000     
   45.800000000000004        1.1480148253119114E-008   0.0000000000000000     
   45.900000000000006       -9.7627591633997134E-009   0.0000000000000000     
   46.000000000000000        7.8044199372439210E-009   0.0000000000000000     
   46.100000000000001       -5.8750307196291013E-009   0.0000000000000000     
   46.200000000000003        4.1394880680663723E-009   0.0000000000000000     
   46.300000000000004       -2.6831090972807049E-009   0.0000000000000000     
   46.400000000000006        1.5340664451485427E-009   0.0000000000000000     
   46.500000000000000       -6.8226975917506438E-010   0.0000000000000000     
   46.600000000000001        9.4443774825919931E-011   0.0000000000000000     
   46.700000000000003        2.7431754445100872E-010   0.0000000000000000     
   46.800000000000004       -4.7227352906996896E-010   0.0000000000000000     
   46.900000000000006        5.4547327085837894E-010   0.0000000000000000     
   47.000000000000000       -5.3442418545270182E-010   0.0000000000000000     
   47.100000000000001        4.7240926923666313E-010   0.0000000000000000     
   47.200000000000003       -3.8512731284799955E-010   0.0000000000000000     
   47.300000000000004        2.9105262786601037E-010   0.0000000000000000     
   47.400000000000006       -2.0241530076748251E-010   0.0000000000000000     
   47.500000000000000        1.2628446920497602E-010   0.0000000000000000     
   47.600000000000001       -6.5838893295545445E-011   0.0000000000000000     
   47.700000000000003        2.1470314211186763E-011   0.0000000000000000     
   47.800000000000004        8.2218060281271949E-012   0.0000000000000000     
   47.900000000000006       -2.5618089211610611E-011   0.0000000000000000     
   48.000000000000000        3.3511971151320133E-011   0.0000000000000000     
   48.100000000000001       -3.4623774195901029E-011   0.0000000000000000     
   48.200000000000003        3.1406409987243906E-011   0.0000000000000000     
   48.300000000000004       -2.5850139376068333E-011   0.0000000000000000     
   48.400000000000006        1.9432773165159637E-011   0.0000000000000000     
   48.500000000000000       -1.3250913959189841E-011   0.0000000000000000     
   48.600000000000001        7.8193022764684691E-012   0.0000000000000000     
   48.700000000000003       -3.6163153820918235E-012   0.0000000000000000     
   48.800000000000004        4.8560322564635725E-013   0.0000000000000000     
   48.900000000000006        1.4150025832679988E-012   0.0000000000000000     
   49.000000000000000       -2.5156800259260724E-012   0.0000000000000000     
   49.100000000000001        2.8433506525749058E-012   0.0000000000000000     
   49.200000000000003       -2.6877757328684365E-012   0.0000000000000000     
   49.300000000000004        2.3836982491371341E-012   0.0000000000000000     
   49.400000000000006       -1.6343625791539704E-012   0.0000000000000000     
   49.500000000000000        1.3933531269683733E-012   0.0000000000000000     
   49.600000000000001       -6.0126239124572541E-013   0.0000000000000000     
   49.700000000000003        6.3936396686663696E-013   0.0000000000000000     
   49.800000000000004        7.4293452691525616E-013   0.0000000000000000     
   49.900000000000006        5.0654071924799070E-054   0.0000000000000000     
