   0.0000000000000000        1.6501037841531081E-002   0.0000000000000000     
  0.10000000000000001        1.5251613666335194E-002   0.0000000000000000     
  0.20000000000000001        1.3549334040809696E-002   0.0000000000000000     
  0.30000000000000004        1.3616689408228357E-002   0.0000000000000000     
  0.40000000000000002        1.0827053452205925E-002   0.0000000000000000     
  0.50000000000000000        1.1423382665250318E-002   0.0000000000000000     
  0.60000000000000009        7.8845660646847029E-003   0.0000000000000000     
  0.70000000000000007        9.2277219375443593E-003   0.0000000000000000     
  0.80000000000000004        5.4621498818681101E-003   0.0000000000000000     
  0.90000000000000002        7.6043190185751978E-003   0.0000000000000000     
   1.0000000000000000        3.4722165350685691E-003   0.0000000000000000     
   1.1000000000000001        6.4543805336364909E-003   0.0000000000000000     
   1.2000000000000002        1.8161469501268678E-003   0.0000000000000000     
   1.3000000000000000        5.6946323191319204E-003   0.0000000000000000     
   1.4000000000000001        4.1213544966725812E-004   0.0000000000000000     
   1.5000000000000000        5.2560824925133405E-003   0.0000000000000000     
   1.6000000000000001       -8.0647870308963362E-004   0.0000000000000000     
   1.7000000000000002        5.0816967463015250E-003   0.0000000000000000     
   1.8000000000000000       -1.8928275322083487E-003   0.0000000000000000     
   1.9000000000000001        5.1241357381743629E-003   0.0000000000000000     
   2.0000000000000000       -2.8879986232863515E-003   0.0000000000000000     
   2.1000000000000001        5.3436232923664744E-003   0.0000000000000000     
   2.2000000000000002       -3.8223630405544570E-003   0.0000000000000000     
   2.3000000000000003        5.7059976006033405E-003   0.0000000000000000     
   2.4000000000000004       -4.7167456893483653E-003   0.0000000000000000     
   2.5000000000000000        6.1809849739780905E-003   0.0000000000000000     
   2.6000000000000001       -5.5834555194690608E-003   0.0000000000000000     
   2.7000000000000002        6.7407261214300438E-003   0.0000000000000000     
   2.8000000000000003       -6.4272067050015289E-003   0.0000000000000000     
   2.9000000000000004        7.3585775545031784E-003   0.0000000000000000     
   3.0000000000000000       -7.2459707584589753E-003   0.0000000000000000     
   3.1000000000000001        8.0082045610669443E-003   0.0000000000000000     
   3.2000000000000002       -8.0318034938795177E-003   0.0000000000000000     
   3.3000000000000003        8.6629762774478557E-003   0.0000000000000000     
   3.4000000000000004       -8.7716900081577214E-003   0.0000000000000000     
   3.5000000000000000        9.2956668623679142E-003   0.0000000000000000     
   3.6000000000000001       -9.4484456910537574E-003   0.0000000000000000     
   3.7000000000000002        9.8784589960583535E-003   0.0000000000000000     
   3.8000000000000003       -1.0041702145451883E-002   0.0000000000000000     
   3.9000000000000004        1.0383236544117847E-002   0.0000000000000000     
   4.0000000000000000       -1.0528994427574616E-002   0.0000000000000000     
   4.1000000000000005        1.0782142231856069E-002   0.0000000000000000     
   4.2000000000000002       -1.0886951036665584E-002   0.0000000000000000     
   4.2999999999999998        1.1048363925993095E-002   0.0000000000000000     
   4.4000000000000004       -1.1092571642405498E-002   0.0000000000000000     
   4.5000000000000000        1.1157100319100072E-002   0.0000000000000000     
   4.6000000000000005       -1.1124560873329616E-002   0.0000000000000000     
   4.7000000000000002        1.1086644454388500E-002   0.0000000000000000     
   4.8000000000000007       -1.0964670977003816E-002   0.0000000000000000     
   4.9000000000000004        1.0819512816345356E-002   0.0000000000000000     
   5.0000000000000000       -1.0598993231827255E-002   0.0000000000000000     
   5.1000000000000005        1.0343539933098540E-002   0.0000000000000000     
   5.2000000000000002       -1.0019129011555364E-002   0.0000000000000000     
   5.3000000000000007        9.6528548184051724E-003   0.0000000000000000     
   5.4000000000000004       -9.2231675579197703E-003   0.0000000000000000     
   5.5000000000000000        8.7486571425666425E-003   0.0000000000000000     
   5.6000000000000005       -8.2163996593283550E-003   0.0000000000000000     
   5.7000000000000002        7.6397184221643948E-003   0.0000000000000000     
   5.8000000000000007       -7.0117049712414854E-003   0.0000000000000000     
   5.9000000000000004        6.3425469365076433E-003   0.0000000000000000     
   6.0000000000000000       -5.6295655085169920E-003   0.0000000000000000     
   6.1000000000000005        4.8811741279915942E-003   0.0000000000000000     
   6.2000000000000002       -4.0976781626374716E-003   0.0000000000000000     
   6.3000000000000007        3.2865439460436881E-003   0.0000000000000000     
   6.4000000000000004       -2.4501636338655178E-003   0.0000000000000000     
   6.5000000000000000        1.5955134182418199E-003   0.0000000000000000     
   6.6000000000000005       -7.2639609973784312E-004   0.0000000000000000     
   6.7000000000000002       -1.5049930594794977E-004   0.0000000000000000     
   6.8000000000000007        1.0304949244602380E-003   0.0000000000000000     
   6.9000000000000004       -1.9071563605017579E-003   0.0000000000000000     
   7.0000000000000000        2.7753741095616047E-003   0.0000000000000000     
   7.1000000000000005       -3.6290445752701190E-003   0.0000000000000000     
   7.2000000000000002        4.4630043132307499E-003   0.0000000000000000     
   7.3000000000000007       -5.2716187341183569E-003   0.0000000000000000     
   7.4000000000000004        6.0499941780794743E-003   0.0000000000000000     
   7.5000000000000000       -6.7931292144340133E-003   0.0000000000000000     
   7.6000000000000005        7.4966724988042013E-003   0.0000000000000000     
   7.7000000000000002       -8.1564178209167504E-003   0.0000000000000000     
   7.8000000000000007        8.7687754183468358E-003   0.0000000000000000     
   7.9000000000000004       -9.3304728887367728E-003   0.0000000000000000     
   8.0000000000000000        9.8388442428519757E-003   0.0000000000000000     
   8.0999999999999996       -1.0291650549794860E-002   0.0000000000000000     
   8.2000000000000011        1.0687251402826642E-002   0.0000000000000000     
   8.3000000000000007       -1.1024492188817321E-002   0.0000000000000000     
   8.4000000000000004        1.1302798225850041E-002   0.0000000000000000     
   8.5000000000000000       -1.1522096615309405E-002   0.0000000000000000     
   8.5999999999999996        1.1682858495170494E-002   0.0000000000000000     
   8.7000000000000011       -1.1786036878489031E-002   0.0000000000000000     
   8.8000000000000007        1.1833073622372868E-002   0.0000000000000000     
   8.9000000000000004       -1.1825843226068736E-002   0.0000000000000000     
   9.0000000000000000        1.1766635905118483E-002   0.0000000000000000     
   9.0999999999999996       -1.1658102740227078E-002   0.0000000000000000     
   9.2000000000000011        1.1503223175422144E-002   0.0000000000000000     
   9.3000000000000007       -1.1305250255046721E-002   0.0000000000000000     
   9.4000000000000004        1.1067668992476432E-002   0.0000000000000000     
   9.5000000000000000       -1.0794142386297828E-002   0.0000000000000000     
   9.6000000000000014        1.0488465854413783E-002   0.0000000000000000     
   9.7000000000000011       -1.0154515718071853E-002   0.0000000000000000     
   9.8000000000000007        9.7962039263205236E-003   0.0000000000000000     
   9.9000000000000004       -9.4174310309821235E-003   0.0000000000000000     
   10.000000000000000        9.0220445569800262E-003   0.0000000000000000     
   10.100000000000001       -8.6137983717011930E-003   0.0000000000000000     
   10.200000000000001        8.1963172086020816E-003   0.0000000000000000     
   10.300000000000001       -7.7730639202766467E-003   0.0000000000000000     
   10.400000000000000        7.3473118205923497E-003   0.0000000000000000     
   10.500000000000000       -6.9221207306021668E-003   0.0000000000000000     
   10.600000000000001        6.5003179892724238E-003   0.0000000000000000     
   10.700000000000001       -6.0844835600633047E-003   0.0000000000000000     
   10.800000000000001        5.6769398097697840E-003   0.0000000000000000     
   10.900000000000000       -5.2797453253884243E-003   0.0000000000000000     
   11.000000000000000        4.8946929148691032E-003   0.0000000000000000     
   11.100000000000001       -4.5233112521880451E-003   0.0000000000000000     
   11.200000000000001        4.1668700459597738E-003   0.0000000000000000     
   11.300000000000001       -3.8263882279689376E-003   0.0000000000000000     
   11.400000000000000        3.5026448859657102E-003   0.0000000000000000     
   11.500000000000000       -3.1961924589556847E-003   0.0000000000000000     
   11.600000000000001        2.9073718443505853E-003   0.0000000000000000     
   11.700000000000001       -2.6363289649688820E-003   0.0000000000000000     
   11.800000000000001        2.3830324284671873E-003   0.0000000000000000     
   11.900000000000000       -2.1472918731148378E-003   0.0000000000000000     
   12.000000000000000        1.9287766572596938E-003   0.0000000000000000     
   12.100000000000001       -1.7270345484064610E-003   0.0000000000000000     
   12.200000000000001        1.5415101218345959E-003   0.0000000000000000     
   12.300000000000001       -1.3715625981493801E-003   0.0000000000000000     
   12.400000000000000        1.2164828979961012E-003   0.0000000000000000     
   12.500000000000000       -1.0755097219630272E-003   0.0000000000000000     
   12.600000000000001        9.4784450779382163E-004   0.0000000000000000     
   12.700000000000001       -8.3266514976796280E-004   0.0000000000000000     
   12.800000000000001        7.2913840380830477E-004   0.0000000000000000     
   12.900000000000000       -6.3643093262784117E-004   0.0000000000000000     
   13.000000000000000        5.5371897721275801E-004   0.0000000000000000     
   13.100000000000001       -4.8019666685709717E-004   0.0000000000000000     
   13.200000000000001        4.1508300441358453E-004   0.0000000000000000     
   13.300000000000001       -3.5762758283975320E-004   0.0000000000000000     
   13.400000000000000        3.0711510598105531E-004   0.0000000000000000     
   13.500000000000000       -2.6286879898807360E-004   0.0000000000000000     
   13.600000000000001        2.2425280338835208E-004   0.0000000000000000     
   13.700000000000001       -1.9067365785727005E-004   0.0000000000000000     
   13.800000000000001        1.6158096908282674E-004   0.0000000000000000     
   13.900000000000000       -1.3646737764218429E-004   0.0000000000000000     
   14.000000000000000        1.1486792216684508E-004   0.0000000000000000     
   14.100000000000001       -9.6358901445524429E-005   0.0000000000000000     
   14.200000000000001        8.0556328947400547E-005   0.0000000000000000     
   14.300000000000001       -6.7114067724198355E-005   0.0000000000000000     
   14.400000000000000        5.5721726360018449E-005   0.0000000000000000     
   14.500000000000000       -4.6102388704972140E-005   0.0000000000000000     
   14.600000000000001        3.8010241790964262E-005   0.0000000000000000     
   14.700000000000001       -3.1228157997061587E-005   0.0000000000000000     
   14.800000000000001        2.5565279325197873E-005   0.0000000000000000     
   14.900000000000000       -2.0854643666588793E-005   0.0000000000000000     
   15.000000000000000        1.6950885497468528E-005   0.0000000000000000     
   15.100000000000001       -1.3728036510853358E-005   0.0000000000000000     
   15.200000000000001        1.1077445334670872E-005   0.0000000000000000     
   15.300000000000001       -8.9058298703629160E-006   0.0000000000000000     
   15.400000000000000        7.1334708418026315E-006   0.0000000000000000     
   15.500000000000000       -5.6925508748881401E-006   0.0000000000000000     
   15.600000000000001        4.5256398250929588E-006   0.0000000000000000     
   15.700000000000001       -3.5843240985018718E-006   0.0000000000000000     
   15.800000000000001        2.8279754069585535E-006   0.0000000000000000     
   15.900000000000000       -2.2226525544838730E-006   0.0000000000000000     
   16.000000000000000        1.7401284566955226E-006   0.0000000000000000     
   16.100000000000001       -1.3570337748191802E-006   0.0000000000000000     
   16.199999999999999        1.0541079985200623E-006   0.0000000000000000     
   16.300000000000001       -8.1554850159390089E-007   0.0000000000000000     
   16.400000000000002        6.2844818291780135E-007   0.0000000000000000     
   16.500000000000000       -4.8231252614940119E-007   0.0000000000000000     
   16.600000000000001        3.6864725010177290E-007   0.0000000000000000     
   16.699999999999999       -2.8060826577539797E-007   0.0000000000000000     
   16.800000000000001        2.1270619961379354E-007   0.0000000000000000     
   16.900000000000002       -1.6055834547698507E-007   0.0000000000000000     
   17.000000000000000        1.2068159996182364E-007   0.0000000000000000     
   17.100000000000001       -9.0320561769527117E-008   0.0000000000000000     
   17.199999999999999        6.7305590044559865E-008   0.0000000000000000     
   17.300000000000001       -4.9936223984116329E-008   0.0000000000000000     
   17.400000000000002        3.6885948126826660E-008   0.0000000000000000     
   17.500000000000000       -2.7124831072933781E-008   0.0000000000000000     
   17.600000000000001        1.9857003156059529E-008   0.0000000000000000     
   17.699999999999999       -1.4470388105503604E-008   0.0000000000000000     
   17.800000000000001        1.0496518297433106E-008   0.0000000000000000     
   17.900000000000002       -7.5785671588536877E-009   0.0000000000000000     
   18.000000000000000        5.4460690277917682E-009   0.0000000000000000     
   18.100000000000001       -3.8950333966986281E-009   0.0000000000000000     
   18.199999999999999        2.7723499163613734E-009   0.0000000000000000     
   18.300000000000001       -1.9636697617023971E-009   0.0000000000000000     
   18.400000000000002        1.3840404365238587E-009   0.0000000000000000     
   18.500000000000000       -9.7065500029081509E-010   0.0000000000000000     
   18.600000000000001        6.7731501198141872E-010   0.0000000000000000     
   18.699999999999999       -4.7022122662589136E-010   0.0000000000000000     
   18.800000000000001        3.2476299025387787E-010   0.0000000000000000     
   18.900000000000002       -2.2312922559856771E-010   0.0000000000000000     
   19.000000000000000        1.5249800547098855E-010   0.0000000000000000     
   19.100000000000001       -1.0366641269023767E-010   0.0000000000000000     
   19.200000000000003        7.0086040367465024E-011   0.0000000000000000     
   19.300000000000001       -4.7126925504757680E-011   0.0000000000000000     
   19.400000000000002        3.1514252402085712E-011   0.0000000000000000     
   19.500000000000000       -2.0956806015048612E-011   0.0000000000000000     
   19.600000000000001        1.3857295845700279E-011   0.0000000000000000     
   19.700000000000003       -9.1062098855950190E-012   0.0000000000000000     
   19.800000000000001        5.9505128683786808E-012   0.0000000000000000     
   19.900000000000002       -3.8664087199845292E-012   0.0000000000000000     
   20.000000000000000        2.4947627222134924E-012   0.0000000000000000     
   20.100000000000001       -1.6020952821610717E-012   0.0000000000000000     
   20.200000000000003        1.0222288720986813E-012   0.0000000000000000     
   20.300000000000001       -6.4831852422532603E-013   0.0000000000000000     
   20.400000000000002        4.1191777993902375E-013   0.0000000000000000     
   20.500000000000000       -2.5562848020978178E-013   0.0000000000000000     
   20.600000000000001        1.5711346213525483E-013   0.0000000000000000     
   20.700000000000003       -1.0162379975798839E-013   0.0000000000000000     
   20.800000000000001        6.0992175823470045E-014   0.0000000000000000     
   20.900000000000002       -3.4319084985141331E-014   0.0000000000000000     
   21.000000000000000        2.3909952597304830E-014   0.0000000000000000     
   21.100000000000001       -1.6104641701287954E-014   0.0000000000000000     
   21.200000000000003        1.1605829791006358E-014   0.0000000000000000     
   21.300000000000001       -8.2605646261289746E-015   0.0000000000000000     
   21.400000000000002        1.7988566275998505E-015   0.0000000000000000     
   21.500000000000000       -1.3884727693182768E-015   0.0000000000000000     
   21.600000000000001        2.6228216686150375E-015   0.0000000000000000     
   21.700000000000003        1.2342019417265762E-015   0.0000000000000000     
   21.800000000000001       -2.3438564924313218E-015   0.0000000000000000     
   21.900000000000002        1.2388475292066596E-015   0.0000000000000000     
   22.000000000000000       -2.0066833697497669E-015   0.0000000000000000     
   22.100000000000001        2.5742438307472050E-015   0.0000000000000000     
   22.200000000000003       -3.1208687753284166E-015   0.0000000000000000     
   22.300000000000001        3.0723927640148675E-015   0.0000000000000000     
   22.400000000000002       -1.5263692355556319E-015   0.0000000000000000     
   22.500000000000000        7.6515335147041573E-016   0.0000000000000000     
   22.600000000000001       -2.4151598892586179E-015   0.0000000000000000     
   22.700000000000003        3.6810390610135030E-015   0.0000000000000000     
   22.800000000000001       -2.3070750151239448E-015   0.0000000000000000     
   22.900000000000002        3.0629642378293198E-015   0.0000000000000000     
   23.000000000000000       -5.3389286854057273E-015   0.0000000000000000     
   23.100000000000001        3.3568568072062823E-015   0.0000000000000000     
   23.200000000000003       -2.1223793564473287E-015   0.0000000000000000     
   23.300000000000001        3.9932506515653736E-015   0.0000000000000000     
   23.400000000000002       -4.0279461917215542E-015   0.0000000000000000     
   23.500000000000000        3.9028560493489882E-015   0.0000000000000000     
   23.600000000000001       -3.6306705731973299E-015   0.0000000000000000     
   23.700000000000003        2.3510636031921392E-015   0.0000000000000000     
   23.800000000000001       -3.5205538827343237E-015   0.0000000000000000     
   23.900000000000002        4.8760777077669759E-015   0.0000000000000000     
   24.000000000000000       -4.3718805638583434E-015   0.0000000000000000     
   24.100000000000001        4.0769670673444869E-015   0.0000000000000000     
   24.200000000000003       -3.6636495794636538E-015   0.0000000000000000     
   24.300000000000001        3.1464048009529195E-015   0.0000000000000000     
   24.400000000000002       -1.8223303574453017E-015   0.0000000000000000     
   24.500000000000000       -1.5784314496124991E-016   0.0000000000000000     
   24.600000000000001       -2.0904596409853209E-016   0.0000000000000000     
   24.700000000000003        1.2088371717920956E-015   0.0000000000000000     
   24.800000000000001        1.8914560404854498E-016   0.0000000000000000     
   24.900000000000002       -1.5162308046741788E-015   0.0000000000000000     
   25.000000000000000        1.1635181358093540E-016   0.0000000000000000     
   25.100000000000001        1.2105976721140427E-015   0.0000000000000000     
   25.200000000000003        5.6714672554635831E-016   0.0000000000000000     
   25.300000000000001       -2.4370739062130536E-015   0.0000000000000000     
   25.400000000000002        3.1670571796293722E-015   0.0000000000000000     
   25.500000000000000       -3.6715951861325621E-015   0.0000000000000000     
   25.600000000000001        2.3933130579858118E-015   0.0000000000000000     
   25.700000000000003       -2.6776572880937897E-015   0.0000000000000000     
   25.800000000000001        3.6048511775167392E-015   0.0000000000000000     
   25.900000000000002       -8.7487272516240325E-016   0.0000000000000000     
   26.000000000000000        1.2558650896880070E-015   0.0000000000000000     
   26.100000000000001       -2.6726884137874616E-015   0.0000000000000000     
   26.200000000000003       -1.2539107314133640E-015   0.0000000000000000     
   26.300000000000001        2.1774838039076747E-015   0.0000000000000000     
   26.400000000000002       -1.6411312465128438E-015   0.0000000000000000     
   26.500000000000000        3.5888713672915534E-015   0.0000000000000000     
   26.600000000000001       -1.5660526631276037E-015   0.0000000000000000     
   26.700000000000003        1.5136480515540426E-015   0.0000000000000000     
   26.800000000000001       -4.2258218371587630E-015   0.0000000000000000     
   26.900000000000002        1.8018197033925853E-015   0.0000000000000000     
   27.000000000000000       -5.5426492871549518E-016   0.0000000000000000     
   27.100000000000001        7.4694868892487703E-016   0.0000000000000000     
   27.200000000000003        1.2246636974725244E-015   0.0000000000000000     
   27.300000000000001        1.2325812508944275E-016   0.0000000000000000     
   27.400000000000002       -6.0882230591367801E-016   0.0000000000000000     
   27.500000000000000       -2.2435348301894421E-015   0.0000000000000000     
   27.600000000000001        1.7938225465475952E-015   0.0000000000000000     
   27.700000000000003       -6.3544234622903040E-016   0.0000000000000000     
   27.800000000000001        2.8231123923599667E-015   0.0000000000000000     
   27.900000000000002       -4.5765324545717130E-015   0.0000000000000000     
   28.000000000000000        2.7674424094438079E-015   0.0000000000000000     
   28.100000000000001       -1.1311171951804549E-015   0.0000000000000000     
   28.200000000000003        1.6457147775313401E-015   0.0000000000000000     
   28.300000000000001        1.0150648030909849E-015   0.0000000000000000     
   28.400000000000002       -3.6957792075653863E-015   0.0000000000000000     
   28.500000000000000        2.4437941358361632E-015   0.0000000000000000     
   28.600000000000001       -3.4873375113548635E-015   0.0000000000000000     
   28.700000000000003        3.1190871881569398E-015   0.0000000000000000     
   28.800000000000001        1.5140782633040941E-015   0.0000000000000000     
   28.900000000000002       -2.5114145958662378E-015   0.0000000000000000     
   29.000000000000000        2.1086420551384276E-015   0.0000000000000000     
   29.100000000000001       -2.7761472743853607E-015   0.0000000000000000     
   29.200000000000003        1.8117357443910626E-015   0.0000000000000000     
   29.300000000000001       -1.4863659968869873E-015   0.0000000000000000     
   29.400000000000002        9.8635781692942708E-016   0.0000000000000000     
   29.500000000000000       -6.1199629549990339E-016   0.0000000000000000     
   29.600000000000001        1.6218198948577717E-015   0.0000000000000000     
   29.700000000000003       -1.1968803345675932E-015   0.0000000000000000     
   29.800000000000001        5.0616202629342261E-016   0.0000000000000000     
   29.900000000000002        8.2104840726114395E-016   0.0000000000000000     
   30.000000000000000       -1.7319912139486255E-015   0.0000000000000000     
   30.100000000000001       -4.1269040369531762E-016   0.0000000000000000     
   30.200000000000003       -8.1727954496494156E-016   0.0000000000000000     
   30.300000000000001        2.8881832577534730E-015   0.0000000000000000     
   30.400000000000002       -1.0232098322338236E-016   0.0000000000000000     
   30.500000000000000       -4.9041136249203790E-016   0.0000000000000000     
   30.600000000000001        6.5698703234087275E-016   0.0000000000000000     
   30.700000000000003       -1.8219705700793785E-015   0.0000000000000000     
   30.800000000000001       -1.0813894560229659E-015   0.0000000000000000     
   30.900000000000002        6.0102557938821454E-016   0.0000000000000000     
   31.000000000000000        2.3652707149720670E-015   0.0000000000000000     
   31.100000000000001       -7.5869951769629933E-016   0.0000000000000000     
   31.200000000000003        1.3103514763054305E-015   0.0000000000000000     
   31.300000000000001       -3.5367893803692442E-015   0.0000000000000000     
   31.400000000000002        3.0749161236567791E-015   0.0000000000000000     
   31.500000000000000       -2.3528495112909473E-015   0.0000000000000000     
   31.600000000000001       -5.9427715533757408E-016   0.0000000000000000     
   31.700000000000003        3.6225479428999403E-015   0.0000000000000000     
   31.800000000000001       -2.7359260393115124E-015   0.0000000000000000     
   31.900000000000002        1.1467278887745294E-015   0.0000000000000000     
   32.000000000000000       -8.4252985931961536E-017   0.0000000000000000     
   32.100000000000001       -3.0336051980591110E-016   0.0000000000000000     
   32.200000000000003       -4.7812466274214669E-016   0.0000000000000000     
   32.300000000000004        6.2739347646051423E-016   0.0000000000000000     
   32.399999999999999        9.6223926008771139E-017   0.0000000000000000     
   32.500000000000000       -3.8780268601870442E-016   0.0000000000000000     
   32.600000000000001        5.5369043462517989E-016   0.0000000000000000     
   32.700000000000003       -2.2030431480862458E-015   0.0000000000000000     
   32.800000000000004        2.3927071019321218E-015   0.0000000000000000     
   32.899999999999999        1.1464077358948075E-015   0.0000000000000000     
   33.000000000000000       -3.5468642395651075E-015   0.0000000000000000     
   33.100000000000001        3.2087416651485191E-015   0.0000000000000000     
   33.200000000000003       -1.7068841994280227E-015   0.0000000000000000     
   33.300000000000004        1.3546006528805580E-015   0.0000000000000000     
   33.399999999999999       -2.8657605055132200E-015   0.0000000000000000     
   33.500000000000000        1.3010842938926677E-015   0.0000000000000000     
   33.600000000000001       -3.4300480797049954E-016   0.0000000000000000     
   33.700000000000003        1.2321514039259482E-015   0.0000000000000000     
   33.800000000000004        1.5152523355072043E-015   0.0000000000000000     
   33.899999999999999       -3.5622971927206142E-016   0.0000000000000000     
   34.000000000000000       -7.7255114352889835E-016   0.0000000000000000     
   34.100000000000001       -3.3078436757233194E-015   0.0000000000000000     
   34.200000000000003       -2.0062528526363554E-017   0.0000000000000000     
   34.300000000000004        3.0897097578989561E-015   0.0000000000000000     
   34.399999999999999       -6.7388043520057315E-016   0.0000000000000000     
   34.500000000000000        1.8519945935454469E-015   0.0000000000000000     
   34.600000000000001       -1.8851552326246256E-016   0.0000000000000000     
   34.700000000000003        1.5445414344851301E-016   0.0000000000000000     
   34.800000000000004       -3.9094558479369822E-015   0.0000000000000000     
   34.899999999999999        3.9237762100010816E-016   0.0000000000000000     
   35.000000000000000        2.0195103818278001E-015   0.0000000000000000     
   35.100000000000001        3.7394880487425356E-017   0.0000000000000000     
   35.200000000000003       -9.5383364153875296E-016   0.0000000000000000     
   35.300000000000004        1.5346918595884116E-015   0.0000000000000000     
   35.399999999999999        2.5265993531728647E-016   0.0000000000000000     
   35.500000000000000        6.0169069901923635E-016   0.0000000000000000     
   35.600000000000001       -3.3943080376039901E-015   0.0000000000000000     
   35.700000000000003        2.0469620769579607E-015   0.0000000000000000     
   35.800000000000004       -1.2786595808256374E-015   0.0000000000000000     
   35.899999999999999        6.2090207725295629E-016   0.0000000000000000     
   36.000000000000000       -7.1423552713829540E-016   0.0000000000000000     
   36.100000000000001        1.5889641162114451E-015   0.0000000000000000     
   36.200000000000003        1.5436478673232121E-015   0.0000000000000000     
   36.300000000000004       -1.4350660203952252E-015   0.0000000000000000     
   36.399999999999999       -4.2510769546630307E-016   0.0000000000000000     
   36.500000000000000       -1.8491553611151451E-015   0.0000000000000000     
   36.600000000000001        9.0310560364632040E-016   0.0000000000000000     
   36.700000000000003        1.2613933140159689E-016   0.0000000000000000     
   36.800000000000004       -8.4364631927808946E-017   0.0000000000000000     
   36.899999999999999        3.1147582741758692E-015   0.0000000000000000     
   37.000000000000000       -1.1873388473121027E-015   0.0000000000000000     
   37.100000000000001       -1.3798430234709612E-015   0.0000000000000000     
   37.200000000000003       -1.6500732880860899E-016   0.0000000000000000     
   37.300000000000004       -7.5464834847638019E-016   0.0000000000000000     
   37.399999999999999       -6.3135461406105540E-016   0.0000000000000000     
   37.500000000000000       -1.6677038271835904E-016   0.0000000000000000     
   37.600000000000001        5.2616211166276799E-015   0.0000000000000000     
   37.700000000000003       -1.5159331718693714E-015   0.0000000000000000     
   37.800000000000004       -2.2913749519101351E-015   0.0000000000000000     
   37.899999999999999       -4.9064734463608996E-016   0.0000000000000000     
   38.000000000000000        1.9211143294387359E-015   0.0000000000000000     
   38.100000000000001       -8.4713108220868109E-016   0.0000000000000000     
   38.200000000000003       -2.8418124474770610E-015   0.0000000000000000     
   38.300000000000004        1.0148175078281502E-015   0.0000000000000000     
   38.400000000000006        1.0531677116157571E-015   0.0000000000000000     
   38.500000000000000        2.2748588655420226E-015   0.0000000000000000     
   38.600000000000001        1.9909083440608332E-015   0.0000000000000000     
   38.700000000000003       -2.1069348346924113E-015   0.0000000000000000     
   38.800000000000004       -1.8739565737280770E-015   0.0000000000000000     
   38.900000000000006       -1.0696276239466293E-015   0.0000000000000000     
   39.000000000000000       -1.3400692212772753E-015   0.0000000000000000     
   39.100000000000001        9.4042487705276371E-016   0.0000000000000000     
   39.200000000000003        6.7468074843170262E-016   0.0000000000000000     
   39.300000000000004        1.4775524843886404E-015   0.0000000000000000     
   39.400000000000006        3.7018040478232562E-015   0.0000000000000000     
   39.500000000000000       -2.3342898026180621E-015   0.0000000000000000     
   39.600000000000001       -9.6571229794848226E-016   0.0000000000000000     
   39.700000000000003       -6.1333819230883795E-016   0.0000000000000000     
   39.800000000000004       -1.2336642416389759E-015   0.0000000000000000     
   39.900000000000006       -1.3136302779495791E-015   0.0000000000000000     
   40.000000000000000       -1.8798596216641235E-016   0.0000000000000000     
   40.100000000000001        3.2396447381811151E-016   0.0000000000000000     
   40.200000000000003        3.7688244084292608E-015   0.0000000000000000     
   40.300000000000004        1.2772764402174126E-015   0.0000000000000000     
   40.400000000000006        1.4375299035065158E-015   0.0000000000000000     
   40.500000000000000       -2.2497917336929939E-015   0.0000000000000000     
   40.600000000000001       -3.5801443369954898E-015   0.0000000000000000     
   40.700000000000003       -2.4423823332008170E-015   0.0000000000000000     
   40.800000000000004        2.4523643935375622E-015   0.0000000000000000     
   40.900000000000006        9.9840100192223179E-016   0.0000000000000000     
   41.000000000000000       -7.7782202919544807E-016   0.0000000000000000     
   41.100000000000001        4.4496206180504145E-015   0.0000000000000000     
   41.200000000000003       -2.0022089744192836E-015   0.0000000000000000     
   41.300000000000004       -2.5708294852220137E-016   0.0000000000000000     
   41.400000000000006        7.9016198579638737E-016   0.0000000000000000     
   41.500000000000000       -1.7263949998933447E-015   0.0000000000000000     
   41.600000000000001       -1.7492584068391744E-015   0.0000000000000000     
   41.700000000000003        8.0330338685720531E-016   0.0000000000000000     
   41.800000000000004       -1.2988591634272253E-015   0.0000000000000000     
   41.900000000000006        2.7588748450414153E-015   0.0000000000000000     
   42.000000000000000        1.4483264462618862E-015   0.0000000000000000     
   42.100000000000001        1.2329993368507198E-016   0.0000000000000000     
   42.200000000000003       -2.5649437424651599E-015   0.0000000000000000     
   42.300000000000004        3.7709904069398966E-016   0.0000000000000000     
   42.400000000000006        6.3701168825064233E-016   0.0000000000000000     
   42.500000000000000       -1.5388683094378025E-015   0.0000000000000000     
   42.600000000000001        2.3182974591067198E-016   0.0000000000000000     
   42.700000000000003        3.7447306096651829E-016   0.0000000000000000     
   42.800000000000004        2.4719982021141897E-015   0.0000000000000000     
   42.900000000000006       -1.5038696665869404E-015   0.0000000000000000     
   43.000000000000000        1.5058053460588864E-016   0.0000000000000000     
   43.100000000000001       -4.9094202392315524E-016   0.0000000000000000     
   43.200000000000003       -3.2003536242333469E-015   0.0000000000000000     
   43.300000000000004        1.7185819789672263E-015   0.0000000000000000     
   43.400000000000006        2.3650447682669509E-015   0.0000000000000000     
   43.500000000000000        1.7717376445784423E-015   0.0000000000000000     
   43.600000000000001       -7.2546345267064001E-016   0.0000000000000000     
   43.700000000000003       -2.8057037462789135E-015   0.0000000000000000     
   43.800000000000004       -1.1969220997081358E-015   0.0000000000000000     
   43.900000000000006        8.7745667902745261E-016   0.0000000000000000     
   44.000000000000000        7.7726232766804424E-016   0.0000000000000000     
   44.100000000000001        9.6416062842630225E-017   0.0000000000000000     
   44.200000000000003        2.0022731258959834E-015   0.0000000000000000     
   44.300000000000004       -7.8672518707721251E-016   0.0000000000000000     
   44.400000000000006       -2.0713424506173485E-015   0.0000000000000000     
   44.500000000000000       -5.4796170627319746E-016   0.0000000000000000     
   44.600000000000001        1.9887975367472606E-015   0.0000000000000000     
   44.700000000000003        1.7212248100771276E-015   0.0000000000000000     
   44.800000000000004       -1.4317261221227553E-015   0.0000000000000000     
   44.900000000000006       -1.0687171935222626E-015   0.0000000000000000     
   45.000000000000000       -1.9011624074307451E-016   0.0000000000000000     
   45.100000000000001       -1.2458041717561317E-015   0.0000000000000000     
   45.200000000000003        4.2114884730707895E-016   0.0000000000000000     
   45.300000000000004        2.7456292838616107E-015   0.0000000000000000     
   45.400000000000006       -4.0435360372557484E-016   0.0000000000000000     
   45.500000000000000        2.2003681143143358E-016   0.0000000000000000     
   45.600000000000001       -5.0330883128453039E-017   0.0000000000000000     
   45.700000000000003       -1.8187141694647267E-015   0.0000000000000000     
   45.800000000000004        4.3631641524781031E-016   0.0000000000000000     
   45.900000000000006       -1.3017661886025942E-015   0.0000000000000000     
   46.000000000000000        1.7680433227827937E-016   0.0000000000000000     
   46.100000000000001        3.5112905117820705E-015   0.0000000000000000     
   46.200000000000003       -1.3820915478157012E-015   0.0000000000000000     
   46.300000000000004       -1.7136199516736434E-015   0.0000000000000000     
   46.400000000000006        1.9704427476015722E-015   0.0000000000000000     
   46.500000000000000       -4.8981603190188760E-016   0.0000000000000000     
   46.600000000000001       -1.3042748954055706E-015   0.0000000000000000     
   46.700000000000003       -8.9984595819510652E-016   0.0000000000000000     
   46.800000000000004        1.1887950761554629E-015   0.0000000000000000     
   46.900000000000006        2.5388637213839962E-015   0.0000000000000000     
   47.000000000000000       -2.1121940934626990E-016   0.0000000000000000     
   47.100000000000001       -1.6914300545584276E-015   0.0000000000000000     
   47.200000000000003       -1.5857199694443750E-015   0.0000000000000000     
   47.300000000000004        6.8098696517613598E-016   0.0000000000000000     
   47.400000000000006       -3.7008820500591920E-017   0.0000000000000000     
   47.500000000000000        1.6082542585245097E-015   0.0000000000000000     
   47.600000000000001        1.5729673239190157E-015   0.0000000000000000     
   47.700000000000003       -3.7688598886597524E-015   0.0000000000000000     
   47.800000000000004       -1.7706122225351468E-016   0.0000000000000000     
   47.900000000000006        1.6531113040318341E-015   0.0000000000000000     
   48.000000000000000        2.2886191341820343E-017   0.0000000000000000     
   48.100000000000001        9.2683642683798886E-016   0.0000000000000000     
   48.200000000000003       -1.8936506571936695E-016   0.0000000000000000     
   48.300000000000004        3.6286710522710472E-017   0.0000000000000000     
   48.400000000000006       -1.1643560932349675E-015   0.0000000000000000     
   48.500000000000000       -8.6459420876425525E-016   0.0000000000000000     
   48.600000000000001        2.4007962758760795E-015   0.0000000000000000     
   48.700000000000003       -1.4175921574494837E-015   0.0000000000000000     
   48.800000000000004       -2.3078737522466339E-015   0.0000000000000000     
   48.900000000000006        2.6974987754006214E-015   0.0000000000000000     
   49.000000000000000        2.5978659593862353E-016   0.0000000000000000     
   49.100000000000001        9.0460018293063874E-017   0.0000000000000000     
   49.200000000000003        2.6103084935988239E-016   0.0000000000000000     
   49.300000000000004       -1.5557954536121840E-015   0.0000000000000000     
   49.400000000000006        7.2842244257831965E-016   0.0000000000000000     
   49.500000000000000       -4.9183725696908302E-016   0.0000000000000000     
   49.600000000000001        1.4959721705980782E-015   0.0000000000000000     
   49.700000000000003        1.7291115067795800E-015   0.0000000000000000     
   49.800000000000004       -1.5733904424209692E-015   0.0000000000000000     
   49.900000000000006        5.0654071924799070E-054   0.0000000000000000     
