   0.0000000000000000       -1.1155844698036240E-015   0.0000000000000000     
  0.10000000000000001       -1.0127231190311288E-015   0.0000000000000000     
  0.20000000000000001       -8.7872416713029624E-016   0.0000000000000000     
  0.30000000000000004       -9.2416490351070744E-016   0.0000000000000000     
  0.40000000000000002        1.2016827812780092E-015   0.0000000000000000     
  0.50000000000000000        1.9011500217015656E-015   0.0000000000000000     
  0.60000000000000009       -4.5157437175396296E-016   0.0000000000000000     
  0.70000000000000007       -5.2121887270746679E-016   0.0000000000000000     
  0.80000000000000004        1.6806763641320495E-015   0.0000000000000000     
  0.90000000000000002        1.8119303567990259E-016   0.0000000000000000     
   1.0000000000000000       -2.7506740819655726E-015   0.0000000000000000     
   1.1000000000000001        1.9059702615262131E-019   0.0000000000000000     
   1.2000000000000002        2.2782304678790258E-015   0.0000000000000000     
   1.3000000000000000       -1.2432644184542944E-016   0.0000000000000000     
   1.4000000000000001       -1.9107460619716751E-015   0.0000000000000000     
   1.5000000000000000       -1.5690182051224741E-015   0.0000000000000000     
   1.6000000000000001        1.0751773107970289E-015   0.0000000000000000     
   1.7000000000000002        1.7396585029151008E-015   0.0000000000000000     
   1.8000000000000000       -2.2576695939152424E-016   0.0000000000000000     
   1.9000000000000001        3.8574575902787513E-017   0.0000000000000000     
   2.0000000000000000       -3.3069061607250899E-018   0.0000000000000000     
   2.1000000000000001        5.6247648741294887E-016   0.0000000000000000     
   2.2000000000000002        8.0928039709685040E-016   0.0000000000000000     
   2.3000000000000003       -1.4688388752040389E-015   0.0000000000000000     
   2.4000000000000004       -4.5523012700451637E-017   0.0000000000000000     
   2.5000000000000000        7.3305718140927648E-016   0.0000000000000000     
   2.6000000000000001       -1.6578536949094047E-015   0.0000000000000000     
   2.7000000000000002       -1.2566166573596911E-015   0.0000000000000000     
   2.8000000000000003       -3.6309431803612170E-017   0.0000000000000000     
   2.9000000000000004        1.4532662037078947E-015   0.0000000000000000     
   3.0000000000000000        1.2709338809898112E-015   0.0000000000000000     
   3.1000000000000001       -3.6484283321240269E-016   0.0000000000000000     
   3.2000000000000002        6.4855248616564287E-016   0.0000000000000000     
   3.3000000000000003        4.6098325567600819E-016   0.0000000000000000     
   3.4000000000000004       -5.4862261242345451E-016   0.0000000000000000     
   3.5000000000000000       -6.3328700449339346E-016   0.0000000000000000     
   3.6000000000000001       -6.7051272924139243E-016   0.0000000000000000     
   3.7000000000000002        8.1064629356667193E-016   0.0000000000000000     
   3.8000000000000003       -3.0812593803200156E-016   0.0000000000000000     
   3.9000000000000004       -1.7673597769049246E-015   0.0000000000000000     
   4.0000000000000000        1.0395392607059888E-015   0.0000000000000000     
   4.1000000000000005        1.1513261928246719E-015   0.0000000000000000     
   4.2000000000000002       -6.1213127355322014E-016   0.0000000000000000     
   4.2999999999999998        4.5406640718842948E-016   0.0000000000000000     
   4.4000000000000004        1.1669903354972866E-016   0.0000000000000000     
   4.5000000000000000       -6.1043440260335866E-016   0.0000000000000000     
   4.6000000000000005        4.2220518238228656E-016   0.0000000000000000     
   4.7000000000000002        6.4227648651848733E-016   0.0000000000000000     
   4.8000000000000007       -1.4566310515807786E-016   0.0000000000000000     
   4.9000000000000004       -9.5365228293500513E-016   0.0000000000000000     
   5.0000000000000000       -4.6094809641739082E-017   0.0000000000000000     
   5.1000000000000005       -2.2632099807095658E-016   0.0000000000000000     
   5.2000000000000002       -1.2754655317151392E-015   0.0000000000000000     
   5.3000000000000007        1.5453264068036461E-015   0.0000000000000000     
   5.4000000000000004        1.5836702809843741E-015   0.0000000000000000     
   5.5000000000000000       -6.3567877003424014E-016   0.0000000000000000     
   5.6000000000000005        2.5004227792531665E-017   0.0000000000000000     
   5.7000000000000002       -1.6050868261411455E-015   0.0000000000000000     
   5.8000000000000007       -4.5701617813373434E-016   0.0000000000000000     
   5.9000000000000004        1.8017576493144759E-015   0.0000000000000000     
   6.0000000000000000       -1.8887778143181137E-015   0.0000000000000000     
   6.1000000000000005       -8.5211068485296129E-016   0.0000000000000000     
   6.2000000000000002        2.8398520894024586E-015   0.0000000000000000     
   6.3000000000000007        6.3602805027556012E-016   0.0000000000000000     
   6.4000000000000004       -7.6879577133785678E-016   0.0000000000000000     
   6.5000000000000000       -4.1386413398778218E-017   0.0000000000000000     
   6.6000000000000005       -9.1842320487207576E-017   0.0000000000000000     
   6.7000000000000002       -4.4615692701424391E-016   0.0000000000000000     
   6.8000000000000007       -7.5269490517990803E-016   0.0000000000000000     
   6.9000000000000004       -1.3586205387562552E-015   0.0000000000000000     
   7.0000000000000000       -9.5384595329802771E-016   0.0000000000000000     
   7.1000000000000005        2.5877411659172941E-015   0.0000000000000000     
   7.2000000000000002        2.5235267022296925E-015   0.0000000000000000     
   7.3000000000000007       -5.7318665855708610E-016   0.0000000000000000     
   7.4000000000000004        1.1047843059006555E-015   0.0000000000000000     
   7.5000000000000000       -3.1442946362302033E-016   0.0000000000000000     
   7.6000000000000005       -3.9635149800743338E-015   0.0000000000000000     
   7.7000000000000002       -1.1068753081117751E-015   0.0000000000000000     
   7.8000000000000007        8.6709290261543384E-016   0.0000000000000000     
   7.9000000000000004        4.2100995484732146E-016   0.0000000000000000     
   8.0000000000000000        1.2199102856040461E-015   0.0000000000000000     
   8.0999999999999996        7.4925668240923985E-016   0.0000000000000000     
   8.2000000000000011        4.4234866175682807E-016   0.0000000000000000     
   8.3000000000000007        1.0979603632635510E-015   0.0000000000000000     
   8.4000000000000004        3.4942522846467464E-016   0.0000000000000000     
   8.5000000000000000       -1.9310449751162042E-015   0.0000000000000000     
   8.5999999999999996       -2.0689715789586573E-015   0.0000000000000000     
   8.7000000000000011        1.0455357960813348E-015   0.0000000000000000     
   8.8000000000000007        1.9236571596733866E-015   0.0000000000000000     
   8.9000000000000004       -6.4972577550044594E-016   0.0000000000000000     
   9.0000000000000000       -1.5082107046232852E-015   0.0000000000000000     
   9.0999999999999996        4.4144784312771718E-016   0.0000000000000000     
   9.2000000000000011        4.6193324483540674E-016   0.0000000000000000     
   9.3000000000000007       -6.3120961777591330E-016   0.0000000000000000     
   9.4000000000000004        6.6217198957079657E-016   0.0000000000000000     
   9.5000000000000000       -1.1061294459362821E-016   0.0000000000000000     
   9.6000000000000014       -1.1548211237527392E-015   0.0000000000000000     
   9.7000000000000011        1.1918222390850108E-015   0.0000000000000000     
   9.8000000000000007        8.3230687662664310E-016   0.0000000000000000     
   9.9000000000000004        6.9733982799976142E-017   0.0000000000000000     
   10.000000000000000        2.0240498182354277E-015   0.0000000000000000     
   10.100000000000001        1.9331579684381803E-016   0.0000000000000000     
   10.200000000000001       -2.9520997642968422E-015   0.0000000000000000     
   10.300000000000001       -1.5783426688927200E-015   0.0000000000000000     
   10.400000000000000        1.6545240066464398E-016   0.0000000000000000     
   10.500000000000000       -5.4025136342532359E-016   0.0000000000000000     
   10.600000000000001       -5.5872196850029493E-016   0.0000000000000000     
   10.700000000000001        7.5465926195273135E-016   0.0000000000000000     
   10.800000000000001        1.8659587136489651E-015   0.0000000000000000     
   10.900000000000000        1.8584794307593641E-015   0.0000000000000000     
   11.000000000000000       -1.3568914694828557E-016   0.0000000000000000     
   11.100000000000001       -1.8478719757588576E-015   0.0000000000000000     
   11.200000000000001       -5.6479112865148088E-016   0.0000000000000000     
   11.300000000000001        9.3465150879052520E-016   0.0000000000000000     
   11.400000000000000        5.9447182213686114E-016   0.0000000000000000     
   11.500000000000000        2.2537081337668134E-016   0.0000000000000000     
   11.600000000000001       -1.1272740842523365E-015   0.0000000000000000     
   11.700000000000001       -1.7841522104201426E-015   0.0000000000000000     
   11.800000000000001        5.2650365728785135E-016   0.0000000000000000     
   11.900000000000000       -1.2115968234481604E-017   0.0000000000000000     
   12.000000000000000       -7.5260665367723412E-016   0.0000000000000000     
   12.100000000000001        2.6249306042852523E-015   0.0000000000000000     
   12.200000000000001        1.3311188515738221E-015   0.0000000000000000     
   12.300000000000001       -1.4374070161476541E-015   0.0000000000000000     
   12.400000000000000        3.8181033065378669E-016   0.0000000000000000     
   12.500000000000000        1.2270070674156967E-016   0.0000000000000000     
   12.600000000000001       -7.2436813148680265E-016   0.0000000000000000     
   12.700000000000001       -4.4321344700836298E-016   0.0000000000000000     
   12.800000000000001       -6.3925586784832263E-016   0.0000000000000000     
   12.900000000000000        2.6034054016228783E-016   0.0000000000000000     
   13.000000000000000       -8.8789881053655638E-016   0.0000000000000000     
   13.100000000000001       -1.5231702809165045E-015   0.0000000000000000     
   13.200000000000001        9.5216606737981582E-016   0.0000000000000000     
   13.300000000000001        1.9020166218833099E-015   0.0000000000000000     
   13.400000000000000        2.4500162899854504E-015   0.0000000000000000     
   13.500000000000000        1.9489626567303880E-015   0.0000000000000000     
   13.600000000000001       -5.7048927211616628E-016   0.0000000000000000     
   13.700000000000001       -1.1764804998782786E-015   0.0000000000000000     
   13.800000000000001       -1.2092337044979011E-015   0.0000000000000000     
   13.900000000000000       -1.7544535353550090E-015   0.0000000000000000     
   14.000000000000000       -1.6731545799357119E-015   0.0000000000000000     
   14.100000000000001       -1.3542658244508118E-015   0.0000000000000000     
   14.200000000000001       -1.5341920097906871E-016   0.0000000000000000     
   14.300000000000001        5.9148502483005873E-016   0.0000000000000000     
   14.400000000000000        7.7979179344662339E-016   0.0000000000000000     
   14.500000000000000        1.9756742808275392E-015   0.0000000000000000     
   14.600000000000001        1.9201754566064012E-015   0.0000000000000000     
   14.700000000000001        6.9168932920713624E-016   0.0000000000000000     
   14.800000000000001        8.3469574896124819E-016   0.0000000000000000     
   14.900000000000000        8.3384524987007579E-016   0.0000000000000000     
   15.000000000000000       -5.9663951059509749E-016   0.0000000000000000     
   15.100000000000001       -2.4299940178044916E-015   0.0000000000000000     
   15.200000000000001       -2.8406077235145968E-015   0.0000000000000000     
   15.300000000000001       -1.2782681794597771E-015   0.0000000000000000     
   15.400000000000000       -2.5076972765044226E-016   0.0000000000000000     
   15.500000000000000        1.3309979089978531E-015   0.0000000000000000     
   15.600000000000001        2.1161484997406590E-015   0.0000000000000000     
   15.700000000000001       -1.2957617446706605E-015   0.0000000000000000     
   15.800000000000001        2.3737507416614279E-016   0.0000000000000000     
   15.900000000000000        4.7145027915224509E-015   0.0000000000000000     
   16.000000000000000       -8.9142278799377172E-017   0.0000000000000000     
   16.100000000000001       -3.2870211540617830E-015   0.0000000000000000     
   16.199999999999999       -1.0723115801611857E-016   0.0000000000000000     
   16.300000000000001       -7.1991044642018354E-016   0.0000000000000000     
   16.400000000000002       -1.5590085539383069E-015   0.0000000000000000     
   16.500000000000000       -3.1513911800358291E-016   0.0000000000000000     
   16.600000000000001        3.7288494648276288E-016   0.0000000000000000     
   16.699999999999999        1.1356421802868096E-015   0.0000000000000000     
   16.800000000000001        1.3143497127389124E-015   0.0000000000000000     
   16.900000000000002        6.9150340191706914E-016   0.0000000000000000     
   17.000000000000000       -4.8450201283863739E-016   0.0000000000000000     
   17.100000000000001        8.3584172363380629E-016   0.0000000000000000     
   17.199999999999999        1.5010723989210715E-015   0.0000000000000000     
   17.300000000000001       -2.1416998975149415E-015   0.0000000000000000     
   17.400000000000002       -1.7484268080068154E-015   0.0000000000000000     
   17.500000000000000        1.6682567715945233E-016   0.0000000000000000     
   17.600000000000001       -1.1639442764199265E-015   0.0000000000000000     
   17.699999999999999        4.6228622809118464E-016   0.0000000000000000     
   17.800000000000001        1.2380562689611040E-015   0.0000000000000000     
   17.900000000000002       -1.0187434774047305E-016   0.0000000000000000     
   18.000000000000000        1.3649203864170031E-015   0.0000000000000000     
   18.100000000000001        1.2637474731586678E-015   0.0000000000000000     
   18.199999999999999       -1.8981507100098219E-015   0.0000000000000000     
   18.300000000000001       -2.2874067631487707E-015   0.0000000000000000     
   18.400000000000002        4.7554270230009923E-016   0.0000000000000000     
   18.500000000000000        9.1655973719358739E-016   0.0000000000000000     
   18.600000000000001        1.1011192660034804E-016   0.0000000000000000     
   18.699999999999999        1.1998939451024507E-015   0.0000000000000000     
   18.800000000000001       -2.3910933956463686E-016   0.0000000000000000     
   18.900000000000002       -6.2435927915863250E-016   0.0000000000000000     
   19.000000000000000        1.5220447853419072E-015   0.0000000000000000     
   19.100000000000001        1.2452315918875509E-016   0.0000000000000000     
   19.200000000000003       -9.7659158756319098E-016   0.0000000000000000     
   19.300000000000001        1.7168424020790061E-015   0.0000000000000000     
   19.400000000000002       -6.7955134980021013E-017   0.0000000000000000     
   19.500000000000000       -2.5211141218769373E-015   0.0000000000000000     
   19.600000000000001       -1.9791770007229540E-015   0.0000000000000000     
   19.700000000000003        9.3405249464336585E-016   0.0000000000000000     
   19.800000000000001        6.0331292567846732E-016   0.0000000000000000     
   19.900000000000002        1.3467500319778465E-015   0.0000000000000000     
   20.000000000000000       -4.6502807844235109E-016   0.0000000000000000     
   20.100000000000001        1.5467650087757743E-015   0.0000000000000000     
   20.200000000000003       -1.7996148098354184E-015   0.0000000000000000     
   20.300000000000001        5.5613924903073571E-016   0.0000000000000000     
   20.400000000000002       -2.1227456349715332E-015   0.0000000000000000     
   20.500000000000000        3.3318366615397673E-015   0.0000000000000000     
   20.600000000000001       -4.9596326397749782E-015   0.0000000000000000     
   20.700000000000003        4.0233501597694122E-015   0.0000000000000000     
   20.800000000000001       -5.9002706817690291E-015   0.0000000000000000     
   20.900000000000002        7.7208642666883160E-015   0.0000000000000000     
   21.000000000000000       -9.7748619999665342E-015   0.0000000000000000     
   21.100000000000001        1.3377251833681377E-014   0.0000000000000000     
   21.200000000000003       -1.5300829162102466E-014   0.0000000000000000     
   21.300000000000001        2.2137882527945032E-014   0.0000000000000000     
   21.400000000000002       -2.5557063984770632E-014   0.0000000000000000     
   21.500000000000000        3.3828388709912494E-014   0.0000000000000000     
   21.600000000000001       -4.2723171462193835E-014   0.0000000000000000     
   21.700000000000003        5.5708684236621833E-014   0.0000000000000000     
   21.800000000000001       -6.9392632559632392E-014   0.0000000000000000     
   21.900000000000002        8.7245753129121619E-014   0.0000000000000000     
   22.000000000000000       -1.1284161594700637E-013   0.0000000000000000     
   22.100000000000001        1.4241606440197268E-013   0.0000000000000000     
   22.200000000000003       -1.8220519915094438E-013   0.0000000000000000     
   22.300000000000001        2.2963707319483936E-013   0.0000000000000000     
   22.400000000000002       -2.9159274534678396E-013   0.0000000000000000     
   22.500000000000000        3.6907910405832031E-013   0.0000000000000000     
   22.600000000000001       -4.6777319951104787E-013   0.0000000000000000     
   22.700000000000003        5.8950077210673599E-013   0.0000000000000000     
   22.800000000000001       -7.4736802773478648E-013   0.0000000000000000     
   22.900000000000002        9.4592326198241913E-013   0.0000000000000000     
   23.000000000000000       -1.1917010750867480E-012   0.0000000000000000     
   23.100000000000001        1.5054964570024530E-012   0.0000000000000000     
   23.200000000000003       -1.8984586157674474E-012   0.0000000000000000     
   23.300000000000001        2.3888361689306987E-012   0.0000000000000000     
   23.400000000000002       -3.0082799917276169E-012   0.0000000000000000     
   23.500000000000000        3.7867166398259938E-012   0.0000000000000000     
   23.600000000000001       -4.7603875936820986E-012   0.0000000000000000     
   23.700000000000003        5.9775777111849964E-012   0.0000000000000000     
   23.800000000000001       -7.5054101844431158E-012   0.0000000000000000     
   23.900000000000002        9.4138052184439716E-012   0.0000000000000000     
   24.000000000000000       -1.1800448927905317E-011   0.0000000000000000     
   24.100000000000001        1.4773355108497816E-011   0.0000000000000000     
   24.200000000000003       -1.8485584140004728E-011   0.0000000000000000     
   24.300000000000001        2.3115995386854764E-011   0.0000000000000000     
   24.400000000000002       -2.8876730743541034E-011   0.0000000000000000     
   24.500000000000000        3.6045679764169588E-011   0.0000000000000000     
   24.600000000000001       -4.4953763842844852E-011   0.0000000000000000     
   24.700000000000003        5.6023719733981687E-011   0.0000000000000000     
   24.800000000000001       -6.9753668762199826E-011   0.0000000000000000     
   24.900000000000002        8.6775289972393395E-011   0.0000000000000000     
   25.000000000000000       -1.0785692759935181E-010   0.0000000000000000     
   25.100000000000001        1.3394613153510188E-010   0.0000000000000000     
   25.200000000000003       -1.6619883708337484E-010   0.0000000000000000     
   25.300000000000001        2.0602978951166781E-010   0.0000000000000000     
   25.400000000000002       -2.5518657012624441E-010   0.0000000000000000     
   25.500000000000000        3.1577918715180884E-010   0.0000000000000000     
   25.600000000000001       -3.9040484079575868E-010   0.0000000000000000     
   25.700000000000003        4.8222551346142977E-010   0.0000000000000000     
   25.800000000000001       -5.9509088553394309E-010   0.0000000000000000     
   25.900000000000002        7.3368393832787711E-010   0.0000000000000000     
   26.000000000000000       -9.0370472431898442E-010   0.0000000000000000     
   26.100000000000001        1.1120772646117111E-009   0.0000000000000000     
   26.200000000000003       -1.3671871382257631E-009   0.0000000000000000     
   26.300000000000001        1.6792045493847718E-009   0.0000000000000000     
   26.400000000000002       -2.0604290098892509E-009   0.0000000000000000     
   26.500000000000000        2.5257430227821825E-009   0.0000000000000000     
   26.600000000000001       -3.0931011770030050E-009   0.0000000000000000     
   26.700000000000003        3.7841607066529476E-009   0.0000000000000000     
   26.800000000000001       -4.6250080495462816E-009   0.0000000000000000     
   26.900000000000002        5.6470312272754916E-009   0.0000000000000000     
   27.000000000000000       -6.8879431375400323E-009   0.0000000000000000     
   27.100000000000001        8.3930085368741522E-009   0.0000000000000000     
   27.200000000000003       -1.0216497643516285E-008   0.0000000000000000     
   27.300000000000001        1.2423370628944680E-008   0.0000000000000000     
   27.400000000000002       -1.5091321582058783E-008   0.0000000000000000     
   27.500000000000000        1.8313127210608893E-008   0.0000000000000000     
   27.600000000000001       -2.2199455749995336E-008   0.0000000000000000     
   27.700000000000003        2.6882159830443469E-008   0.0000000000000000     
   27.800000000000001       -3.2518087910007357E-008   0.0000000000000000     
   27.900000000000002        3.9293633145395892E-008   0.0000000000000000     
   28.000000000000000       -4.7429970518302484E-008   0.0000000000000000     
   28.100000000000001        5.7189243743960901E-008   0.0000000000000000     
   28.200000000000003       -6.8881695308358255E-008   0.0000000000000000     
   28.300000000000001        8.2874046925352710E-008   0.0000000000000000     
   28.400000000000002       -9.9599193257623274E-008   0.0000000000000000     
   28.500000000000000        1.1956741936980033E-007   0.0000000000000000     
   28.600000000000001       -1.4337945537903733E-007   0.0000000000000000     
   28.700000000000003        1.7174151656616664E-007   0.0000000000000000     
   28.800000000000001       -2.0548269331835565E-007   0.0000000000000000     
   28.900000000000002        2.4557493096912061E-007   0.0000000000000000     
   29.000000000000000       -2.9315608652939263E-007   0.0000000000000000     
   29.100000000000001        3.4955632298672712E-007   0.0000000000000000     
   29.200000000000003       -4.1632839495365901E-007   0.0000000000000000     
   29.300000000000001        4.9528227477993451E-007   0.0000000000000000     
   29.400000000000002       -5.8852467482902385E-007   0.0000000000000000     
   29.500000000000000        6.9850407541753380E-007   0.0000000000000000     
   29.600000000000001       -8.2806195575477900E-007   0.0000000000000000     
   29.700000000000003        9.8049090755470697E-007   0.0000000000000000     
   29.800000000000001       -1.1596004636126451E-006   0.0000000000000000     
   29.900000000000002        1.3697915330103822E-006   0.0000000000000000     
   30.000000000000000       -1.6161402898959218E-006   0.0000000000000000     
   30.100000000000001        1.9044926964444991E-006   0.0000000000000000     
   30.200000000000003       -2.2415705619054432E-006   0.0000000000000000     
   30.300000000000001        2.6350904352150309E-006   0.0000000000000000     
   30.400000000000002       -3.0938965502694870E-006   0.0000000000000000     
   30.500000000000000        3.6281090391114288E-006   0.0000000000000000     
   30.600000000000001       -4.2492889271553046E-006   0.0000000000000000     
   30.700000000000003        4.9706212113570518E-006   0.0000000000000000     
   30.800000000000001       -5.8071176161556010E-006   0.0000000000000000     
   30.900000000000002        6.7758403770007605E-006   0.0000000000000000     
   31.000000000000000       -7.8961488135505719E-006   0.0000000000000000     
   31.100000000000001        9.1899700059554121E-006   0.0000000000000000     
   31.200000000000003       -1.0682095228652729E-005   0.0000000000000000     
   31.300000000000001        1.2400503588486590E-005   0.0000000000000000     
   31.400000000000002       -1.4376714176632552E-005   0.0000000000000000     
   31.500000000000000        1.6646168138210280E-005   0.0000000000000000     
   31.600000000000001       -1.9248641679888952E-005   0.0000000000000000     
   31.700000000000003        2.2228690947200271E-005   0.0000000000000000     
   31.800000000000001       -2.5636129471789365E-005   0.0000000000000000     
   31.900000000000002        2.9526538498017649E-005   0.0000000000000000     
   32.000000000000000       -3.3961810162879724E-005   0.0000000000000000     
   32.100000000000001        3.9010723019459212E-005   0.0000000000000000     
   32.200000000000003       -4.4749548961262069E-005   0.0000000000000000     
   32.300000000000004        5.1262689849797422E-005   0.0000000000000000     
   32.399999999999999       -5.8643341580182468E-005   0.0000000000000000     
   32.500000000000000        6.6994182468527121E-005   0.0000000000000000     
   32.600000000000001       -7.6428082009676455E-005   0.0000000000000000     
   32.700000000000003        8.7068824996466975E-005   0.0000000000000000     
   32.800000000000004       -9.9051845055653015E-005   0.0000000000000000     
   32.899999999999999        1.1252496029465029E-004   0.0000000000000000     
   33.000000000000000       -1.2764910272366041E-004   0.0000000000000000     
   33.100000000000001        1.4459903153983867E-004   0.0000000000000000     
   33.200000000000003       -1.6356401904828860E-004   0.0000000000000000     
   33.300000000000004        1.8474849649722215E-004   0.0000000000000000     
   33.399999999999999       -2.0837264546145419E-004   0.0000000000000000     
   33.500000000000000        2.3467291888947135E-004   0.0000000000000000     
   33.600000000000001       -2.6390247420135792E-004   0.0000000000000000     
   33.700000000000003        2.9633149936021506E-004   0.0000000000000000     
   33.800000000000004       -3.3224741104651787E-004   0.0000000000000000     
   33.899999999999999        3.7195490274531066E-004   0.0000000000000000     
   34.000000000000000       -4.1577581897088976E-004   0.0000000000000000     
   34.100000000000001        4.6404883069642717E-004   0.0000000000000000     
   34.200000000000003       -5.1712888591269363E-004   0.0000000000000000     
   34.300000000000004        5.7538640835958182E-004   0.0000000000000000     
   34.399999999999999       -6.3920621698995250E-004   0.0000000000000000     
   34.500000000000000        7.0898613849852590E-004   0.0000000000000000     
   34.600000000000001       -7.8513528534733751E-004   0.0000000000000000     
   34.700000000000003        8.6807197248740190E-004   0.0000000000000000     
   34.800000000000004       -9.5822124709868698E-004   0.0000000000000000     
   34.899999999999999        1.0560120073986714E-003   0.0000000000000000     
   35.000000000000000       -1.1618736890120719E-003   0.0000000000000000     
   35.100000000000001        1.2762325003628286E-003   0.0000000000000000     
   35.200000000000003       -1.3995071925401404E-003   0.0000000000000000     
   35.300000000000004        1.5321043534172810E-003   0.0000000000000000     
   35.399999999999999       -1.6744132214181586E-003   0.0000000000000000     
   35.500000000000000        1.8268000203515138E-003   0.0000000000000000     
   35.600000000000001       -1.9896018238899473E-003   0.0000000000000000     
   35.700000000000003        2.1631199660213968E-003   0.0000000000000000     
   35.800000000000004       -2.3476130224742348E-003   0.0000000000000000     
   35.899999999999999        2.5432893975699876E-003   0.0000000000000000     
   36.000000000000000       -2.7502995608014685E-003   0.0000000000000000     
   36.100000000000001        2.9687279884675890E-003   0.0000000000000000     
   36.200000000000003       -3.1985848763239487E-003   0.0000000000000000     
   36.300000000000004        3.4397977011886966E-003   0.0000000000000000     
   36.399999999999999       -3.6922027206643957E-003   0.0000000000000000     
   36.500000000000000        3.9555365120771714E-003   0.0000000000000000     
   36.600000000000001       -4.2294276629442603E-003   0.0000000000000000     
   36.700000000000003        4.5133887363919805E-003   0.0000000000000000     
   36.800000000000004       -4.8068086450962499E-003   0.0000000000000000     
   36.899999999999999        5.1089455766691267E-003   0.0000000000000000     
   37.000000000000000       -5.4189206214458885E-003   0.0000000000000000     
   37.100000000000001        5.7357122599328569E-003   0.0000000000000000     
   37.200000000000003       -6.0581518720610895E-003   0.0000000000000000     
   37.300000000000004        6.3849204325354672E-003   0.0000000000000000     
   37.399999999999999       -6.7145465567888312E-003   0.0000000000000000     
   37.500000000000000        7.0454060592310295E-003   0.0000000000000000     
   37.600000000000001       -7.3757231798394305E-003   0.0000000000000000     
   37.700000000000003        7.7035736262262341E-003   0.0000000000000000     
   37.800000000000004       -8.0268895661371135E-003   0.0000000000000000     
   37.899999999999999        8.3434666895195447E-003   0.0000000000000000     
   38.000000000000000       -8.6509734400361960E-003   0.0000000000000000     
   38.100000000000001        8.9469624929896172E-003   0.0000000000000000     
   38.200000000000003       -9.2288845301999756E-003   0.0000000000000000     
   38.300000000000004        9.4941043325210937E-003   0.0000000000000000     
   38.400000000000006       -9.7399191778374718E-003   0.0000000000000000     
   38.500000000000000        9.9635794964523204E-003   0.0000000000000000     
   38.600000000000001       -1.0162311697564911E-002   0.0000000000000000     
   38.700000000000003        1.0333343040280711E-002   0.0000000000000000     
   38.800000000000004       -1.0473928381018745E-002   0.0000000000000000     
   38.900000000000006        1.0581378586858176E-002   0.0000000000000000     
   39.000000000000000       -1.0653090361813101E-002   0.0000000000000000     
   39.100000000000001        1.0686577191830460E-002   0.0000000000000000     
   39.200000000000003       -1.0679501074086025E-002   0.0000000000000000     
   39.300000000000004        1.0629704659021272E-002   0.0000000000000000     
   39.400000000000006       -1.0535243399517389E-002   0.0000000000000000     
   39.500000000000000        1.0394417272389688E-002   0.0000000000000000     
   39.600000000000001       -1.0205801612911351E-002   0.0000000000000000     
   39.700000000000003        9.9682765852665313E-003   0.0000000000000000     
   39.800000000000004       -9.6810548008069708E-003   0.0000000000000000     
   39.900000000000006        9.3437065925941060E-003   0.0000000000000000     
   40.000000000000000       -8.9561824598793412E-003   0.0000000000000000     
   40.100000000000001        8.5188322099576073E-003   0.0000000000000000     
   40.200000000000003       -8.0324203478625757E-003   0.0000000000000000     
   40.300000000000004        7.4981372969037318E-003   0.0000000000000000     
   40.400000000000006       -6.9176060745009468E-003   0.0000000000000000     
   40.500000000000000        6.2928840988860377E-003   0.0000000000000000     
   40.600000000000001       -5.6264598614846556E-003   0.0000000000000000     
   40.700000000000003        4.9212442676170023E-003   0.0000000000000000     
   40.800000000000004       -4.1805565226338704E-003   0.0000000000000000     
   40.900000000000006        3.4081045217700928E-003   0.0000000000000000     
   41.000000000000000       -2.6079597876770052E-003   0.0000000000000000     
   41.100000000000001        1.7845270886937164E-003   0.0000000000000000     
   41.200000000000003       -9.4250896258196953E-004   0.0000000000000000     
   41.300000000000004        8.6865460758077596E-005   0.0000000000000000     
   41.400000000000006        7.7723048091381253E-004   0.0000000000000000     
   41.500000000000000       -1.6444415543575613E-003   0.0000000000000000     
   41.600000000000001        2.5093179014111428E-003   0.0000000000000000     
   41.700000000000003       -3.3663516013380393E-003   0.0000000000000000     
   41.800000000000004        4.2100331129074943E-003   0.0000000000000000     
   41.900000000000006       -5.0349089078192888E-003   0.0000000000000000     
   42.000000000000000        5.8356394904504191E-003   0.0000000000000000     
   42.100000000000001       -6.6070569695571100E-003   0.0000000000000000     
   42.200000000000003        7.3442213373004807E-003   0.0000000000000000     
   42.300000000000004       -8.0424746071259059E-003   0.0000000000000000     
   42.400000000000006        8.6974919873760263E-003   0.0000000000000000     
   42.500000000000000       -9.3053292908900145E-003   0.0000000000000000     
   42.600000000000001        9.8624658404397568E-003   0.0000000000000000     
   42.700000000000003       -1.0365842183693661E-002   0.0000000000000000     
   42.800000000000004        1.0812892015805844E-002   0.0000000000000000     
   42.900000000000006       -1.1201567797716503E-002   0.0000000000000000     
   43.000000000000000        1.1530359650794001E-002   0.0000000000000000     
   43.100000000000001       -1.1798307240728211E-002   0.0000000000000000     
   43.200000000000003        1.2005004444434839E-002   0.0000000000000000     
   43.300000000000004       -1.2150596768964730E-002   0.0000000000000000     
   43.400000000000006        1.2235771548140657E-002   0.0000000000000000     
   43.500000000000000       -1.2261741143896904E-002   0.0000000000000000     
   43.600000000000001        1.2230219422055615E-002   0.0000000000000000     
   43.700000000000003       -1.2143391951939028E-002   0.0000000000000000     
   43.800000000000004        1.2003880453367151E-002   0.0000000000000000     
   43.900000000000006       -1.1814702089125875E-002   0.0000000000000000     
   44.000000000000000        1.1579224385069680E-002   0.0000000000000000     
   44.100000000000001       -1.1301116427694005E-002   0.0000000000000000     
   44.200000000000003        1.0984297362133001E-002   0.0000000000000000     
   44.300000000000004       -1.0632882807351108E-002   0.0000000000000000     
   44.400000000000006        1.0251130376588662E-002   0.0000000000000000     
   44.500000000000000       -9.8433848690076195E-003   0.0000000000000000     
   44.600000000000001        9.4140243049703008E-003   0.0000000000000000     
   44.700000000000003       -8.9674074269915638E-003   0.0000000000000000     
   44.800000000000004        8.5078235049266780E-003   0.0000000000000000     
   44.900000000000006       -8.0394453782493772E-003   0.0000000000000000     
   45.000000000000000        7.5662858104211155E-003   0.0000000000000000     
   45.100000000000001       -7.0921587372622759E-003   0.0000000000000000     
   45.200000000000003        6.6206443191903228E-003   0.0000000000000000     
   45.300000000000004       -6.1550602462552822E-003   0.0000000000000000     
   45.400000000000006        5.6984369587015238E-003   0.0000000000000000     
   45.500000000000000       -5.2534998362238974E-003   0.0000000000000000     
   45.600000000000001        4.8226554321970051E-003   0.0000000000000000     
   45.700000000000003       -4.4079842213741623E-003   0.0000000000000000     
   45.800000000000004        4.0112381726648133E-003   0.0000000000000000     
   45.900000000000006       -3.6338425934121358E-003   0.0000000000000000     
   46.000000000000000        3.2769049041528830E-003   0.0000000000000000     
   46.100000000000001       -2.9412232452274262E-003   0.0000000000000000     
   46.200000000000003        2.6273057354262355E-003   0.0000000000000000     
   46.300000000000004       -2.3353832470676562E-003   0.0000000000000000     
   46.400000000000006        2.0654374256073821E-003   0.0000000000000000     
   46.500000000000000       -1.8172157923230876E-003   0.0000000000000000     
   46.600000000000001        1.5902650329214065E-003   0.0000000000000000     
   46.700000000000003       -1.3839486596841440E-003   0.0000000000000000     
   46.800000000000004        1.1974793631573226E-003   0.0000000000000000     
   46.900000000000006       -1.0299428195346943E-003   0.0000000000000000     
   47.000000000000000        8.8031952840882978E-004   0.0000000000000000     
   47.100000000000001       -7.4752225586390735E-004   0.0000000000000000     
   47.200000000000003        6.3039488744871613E-004   0.0000000000000000     
   47.300000000000004       -5.2777367085109282E-004   0.0000000000000000     
   47.400000000000006        4.3845049918487102E-004   0.0000000000000000     
   47.500000000000000       -3.6126651624568141E-004   0.0000000000000000     
   47.600000000000001        2.9503344157563857E-004   0.0000000000000000     
   47.700000000000003       -2.3865811174344289E-004   0.0000000000000000     
   47.800000000000004        1.9103223311910260E-004   0.0000000000000000     
   47.900000000000006       -1.5116376455409246E-004   0.0000000000000000     
   48.000000000000000        1.1807648966330189E-004   0.0000000000000000     
   48.100000000000001       -9.0886227905370517E-005   0.0000000000000000     
   48.200000000000003        6.8797432074049891E-005   0.0000000000000000     
   48.300000000000004       -5.1011250385830088E-005   0.0000000000000000     
   48.400000000000006        3.6960865363840154E-005   0.0000000000000000     
   48.500000000000000       -2.5885487545170052E-005   0.0000000000000000     
   48.600000000000001        1.7492145590059419E-005   0.0000000000000000     
   48.700000000000003       -1.0999223078884061E-005   0.0000000000000000     
   48.800000000000004        6.4172500743427310E-006   0.0000000000000000     
   48.900000000000006       -2.8991518343298208E-006   0.0000000000000000     
   49.000000000000000        7.4557608304936271E-007   0.0000000000000000     
   49.100000000000001        9.4375656836593271E-007   0.0000000000000000     
   49.200000000000003       -1.6809558389819403E-006   0.0000000000000000     
   49.300000000000004        2.2892122023885671E-006   0.0000000000000000     
   49.400000000000006       -2.3488096328836570E-006   0.0000000000000000     
   49.500000000000000        2.2954037260041376E-006   0.0000000000000000     
   49.600000000000001       -2.2970415195456067E-006   0.0000000000000000     
   49.700000000000003        1.8466009920204173E-006   0.0000000000000000     
   49.800000000000004       -5.3625131842788607E-007   0.0000000000000000     
   49.900000000000006        5.0654071924799070E-054   0.0000000000000000     
