   0.0000000000000000        1.2502102171059283E-015   0.0000000000000000     
  0.10000000000000001        1.1265011226656362E-015   0.0000000000000000     
  0.20000000000000001        3.2456431883116393E-016   0.0000000000000000     
  0.30000000000000004       -8.2767966676591763E-016   0.0000000000000000     
  0.40000000000000002       -1.3071343408603792E-015   0.0000000000000000     
  0.50000000000000000       -2.8541837577927443E-016   0.0000000000000000     
  0.60000000000000009       -1.2416609388641371E-015   0.0000000000000000     
  0.70000000000000007       -8.7082040488443458E-016   0.0000000000000000     
  0.80000000000000004        2.8216410356994791E-015   0.0000000000000000     
  0.90000000000000002        3.5173683115346493E-015   0.0000000000000000     
   1.0000000000000000       -5.5520977163830430E-016   0.0000000000000000     
   1.1000000000000001       -3.7373752582769859E-015   0.0000000000000000     
   1.2000000000000002       -1.6190635638975447E-015   0.0000000000000000     
   1.3000000000000000        1.0380526866388675E-015   0.0000000000000000     
   1.4000000000000001        4.1352861120856833E-016   0.0000000000000000     
   1.5000000000000000        6.5350637902734447E-016   0.0000000000000000     
   1.6000000000000001        7.3263622271440214E-016   0.0000000000000000     
   1.7000000000000002        2.5476133261945433E-016   0.0000000000000000     
   1.8000000000000000       -4.7255350732804118E-017   0.0000000000000000     
   1.9000000000000001       -1.2380246823122159E-015   0.0000000000000000     
   2.0000000000000000       -1.5820190293786475E-016   0.0000000000000000     
   2.1000000000000001        1.6405744493434604E-015   0.0000000000000000     
   2.2000000000000002       -1.2562338157716592E-015   0.0000000000000000     
   2.3000000000000003       -1.5179183262206295E-015   0.0000000000000000     
   2.4000000000000004        9.8560889429959711E-017   0.0000000000000000     
   2.5000000000000000        1.3515276407952853E-015   0.0000000000000000     
   2.6000000000000001        9.0345113607246736E-016   0.0000000000000000     
   2.7000000000000002        1.3468311295558388E-015   0.0000000000000000     
   2.8000000000000003       -7.9670910255335692E-016   0.0000000000000000     
   2.9000000000000004       -4.0706910678095362E-016   0.0000000000000000     
   3.0000000000000000       -2.5959480628558629E-015   0.0000000000000000     
   3.1000000000000001        1.5936289605435120E-015   0.0000000000000000     
   3.2000000000000002       -2.8108404292092818E-015   0.0000000000000000     
   3.3000000000000003        1.4465553438387847E-015   0.0000000000000000     
   3.4000000000000004        1.4968683005120765E-016   0.0000000000000000     
   3.5000000000000000        7.5697846456404853E-015   0.0000000000000000     
   3.6000000000000001       -5.9180940089750732E-015   0.0000000000000000     
   3.7000000000000002        3.5457594644121522E-015   0.0000000000000000     
   3.8000000000000003       -1.0418957569845495E-014   0.0000000000000000     
   3.9000000000000004        1.1280839661612792E-014   0.0000000000000000     
   4.0000000000000000       -1.4634067387779304E-014   0.0000000000000000     
   4.1000000000000005        1.8022098956305331E-014   0.0000000000000000     
   4.2000000000000002       -2.1557753594324757E-014   0.0000000000000000     
   4.2999999999999998        3.1535977190016633E-014   0.0000000000000000     
   4.4000000000000004       -3.6310301992049710E-014   0.0000000000000000     
   4.5000000000000000        4.9194194021827162E-014   0.0000000000000000     
   4.6000000000000005       -6.7539965537512966E-014   0.0000000000000000     
   4.7000000000000002        7.8832168029342853E-014   0.0000000000000000     
   4.8000000000000007       -1.0322871304558000E-013   0.0000000000000000     
   4.9000000000000004        1.3260230763132842E-013   0.0000000000000000     
   5.0000000000000000       -1.6647641423923050E-013   0.0000000000000000     
   5.1000000000000005        2.1925280321648154E-013   0.0000000000000000     
   5.2000000000000002       -2.7791750763455445E-013   0.0000000000000000     
   5.3000000000000007        3.5252692579982418E-013   0.0000000000000000     
   5.4000000000000004       -4.5336608642082347E-013   0.0000000000000000     
   5.5000000000000000        5.7407086741174798E-013   0.0000000000000000     
   5.6000000000000005       -7.3205208892823596E-013   0.0000000000000000     
   5.7000000000000002        9.3743288178757331E-013   0.0000000000000000     
   5.8000000000000007       -1.1905372888794448E-012   0.0000000000000000     
   5.9000000000000004        1.5131881090800283E-012   0.0000000000000000     
   6.0000000000000000       -1.9277577137388122E-012   0.0000000000000000     
   6.1000000000000005        2.4482175991394212E-012   0.0000000000000000     
   6.2000000000000002       -3.1065861524214414E-012   0.0000000000000000     
   6.3000000000000007        3.9444631429428797E-012   0.0000000000000000     
   6.4000000000000004       -5.0009131560294360E-012   0.0000000000000000     
   6.5000000000000000        6.3381757168884717E-012   0.0000000000000000     
   6.6000000000000005       -8.0260601608560322E-012   0.0000000000000000     
   6.7000000000000002        1.0151140031533912E-011   0.0000000000000000     
   6.8000000000000007       -1.2837914543750966E-011   0.0000000000000000     
   6.9000000000000004        1.6217187603095011E-011   0.0000000000000000     
   7.0000000000000000       -2.0468023409932172E-011   0.0000000000000000     
   7.1000000000000005        2.5822623704392494E-011   0.0000000000000000     
   7.2000000000000002       -3.2541283980688735E-011   0.0000000000000000     
   7.3000000000000007        4.0975235252376565E-011   0.0000000000000000     
   7.4000000000000004       -5.1556694125873449E-011   0.0000000000000000     
   7.5000000000000000        6.4809242086375100E-011   0.0000000000000000     
   7.6000000000000005       -8.1403726505302034E-011   0.0000000000000000     
   7.7000000000000002        1.0215529826565792E-010   0.0000000000000000     
   7.8000000000000007       -1.2808189883892845E-010   0.0000000000000000     
   7.9000000000000004        1.6044949940781046E-010   0.0000000000000000     
   8.0000000000000000       -2.0080525806617615E-010   0.0000000000000000     
   8.0999999999999996        2.5108071478982277E-010   0.0000000000000000     
   8.2000000000000011       -3.1365668517733630E-010   0.0000000000000000     
   8.3000000000000007        3.9145358922994360E-010   0.0000000000000000     
   8.4000000000000004       -4.8807895944557698E-010   0.0000000000000000     
   8.5000000000000000        6.0796881357811149E-010   0.0000000000000000     
   8.5999999999999996       -7.5656676027379559E-010   0.0000000000000000     
   8.7000000000000011        9.4055146496845261E-010   0.0000000000000000     
   8.8000000000000007       -1.1681111358360976E-009   0.0000000000000000     
   8.9000000000000004        1.4492632852867718E-009   0.0000000000000000     
   9.0000000000000000       -1.7962522655163033E-009   0.0000000000000000     
   9.0999999999999996        2.2240272169295629E-009   0.0000000000000000     
   9.2000000000000011       -2.7508092623770201E-009   0.0000000000000000     
   9.3000000000000007        3.3987947812106514E-009   0.0000000000000000     
   9.4000000000000004       -4.1949724571751458E-009   0.0000000000000000     
   9.5000000000000000        5.1721162240722005E-009   0.0000000000000000     
   9.6000000000000014       -6.3699908601334941E-009   0.0000000000000000     
   9.7000000000000011        7.8367577581787424E-009   0.0000000000000000     
   9.8000000000000007       -9.6306787732532809E-009   0.0000000000000000     
   9.9000000000000004        1.1822148613945182E-008   0.0000000000000000     
   10.000000000000000       -1.4496090889136350E-008   0.0000000000000000     
   10.100000000000001        1.7754824268859937E-008   0.0000000000000000     
   10.200000000000001       -2.1721456858631766E-008   0.0000000000000000     
   10.300000000000001        2.6543898813021080E-008   0.0000000000000000     
   10.400000000000000       -3.2399616185859532E-008   0.0000000000000000     
   10.500000000000000        3.9501231694382670E-008   0.0000000000000000     
   10.600000000000001       -4.8103111911517780E-008   0.0000000000000000     
   10.700000000000001        5.8509145556305440E-008   0.0000000000000000     
   10.800000000000001       -7.1081851158166650E-008   0.0000000000000000     
   10.900000000000000        8.6253025822198692E-008   0.0000000000000000     
   11.000000000000000       -1.0453625671500711E-007   0.0000000000000000     
   11.100000000000001        1.2654148919337052E-007   0.0000000000000000     
   11.200000000000001       -1.5299199043305389E-007   0.0000000000000000     
   11.300000000000001        1.8474412169298793E-007   0.0000000000000000     
   11.400000000000000       -2.2281025412226827E-007   0.0000000000000000     
   11.500000000000000        2.6838533658763795E-007   0.0000000000000000     
   11.600000000000001       -3.2287761107965626E-007   0.0000000000000000     
   11.700000000000001        3.8794405224973401E-007   0.0000000000000000     
   11.800000000000001       -4.6553120054347082E-007   0.0000000000000000     
   11.900000000000000        5.5792205124388454E-007   0.0000000000000000     
   12.000000000000000       -6.6778986499722190E-007   0.0000000000000000     
   12.100000000000001        7.9825973113966343E-007   0.0000000000000000     
   12.200000000000001       -9.5297884959826176E-007   0.0000000000000000     
   12.300000000000001        1.1361966375217117E-006   0.0000000000000000     
   12.400000000000000       -1.3528557359708783E-006   0.0000000000000000     
   12.500000000000000        1.6086952663694251E-006   0.0000000000000000     
   12.600000000000001       -1.9103676459272235E-006   0.0000000000000000     
   12.700000000000001        2.2655703744617878E-006   0.0000000000000000     
   12.800000000000001       -2.6831944892968353E-006   0.0000000000000000     
   12.900000000000000        3.1734912238280334E-006   0.0000000000000000     
   13.000000000000000       -3.7482586670986233E-006   0.0000000000000000     
   13.100000000000001        4.4210503166983792E-006   0.0000000000000000     
   13.200000000000001       -5.2074073435344231E-006   0.0000000000000000     
   13.300000000000001        6.1251166386931910E-006   0.0000000000000000     
   13.400000000000000       -7.1944966036691280E-006   0.0000000000000000     
   13.500000000000000        8.4387126893072883E-006   0.0000000000000000     
   13.600000000000001       -9.8841247761022640E-006   0.0000000000000000     
   13.700000000000001        1.1560668269325867E-005   0.0000000000000000     
   13.800000000000001       -1.3502270811520788E-005   0.0000000000000000     
   13.900000000000000        1.5747306350275290E-005   0.0000000000000000     
   14.000000000000000       -1.8339088029644872E-005   0.0000000000000000     
   14.100000000000001        2.1326401206022627E-005   0.0000000000000000     
   14.200000000000001       -2.4764077472602673E-005   0.0000000000000000     
   14.300000000000001        2.8713610181880620E-005   0.0000000000000000     
   14.400000000000000       -3.3243811450355273E-005   0.0000000000000000     
   14.500000000000000        3.8431509980923070E-005   0.0000000000000000     
   14.600000000000001       -4.4362288390743062E-005   0.0000000000000000     
   14.700000000000001        5.1131257822992131E-005   0.0000000000000000     
   14.800000000000001       -5.8843866669033616E-005   0.0000000000000000     
   14.900000000000000        6.7616739218012944E-005   0.0000000000000000     
   15.000000000000000       -7.7578538756539606E-005   0.0000000000000000     
   15.100000000000001        8.8870848322391562E-005   0.0000000000000000     
   15.200000000000001       -1.0164906083635386E-004   0.0000000000000000     
   15.300000000000001        1.1608326870980891E-004   0.0000000000000000     
   15.400000000000000       -1.3235914131303400E-004   0.0000000000000000     
   15.500000000000000        1.5067877678613114E-004   0.0000000000000000     
   15.600000000000001       -1.7126151278068767E-004   0.0000000000000000     
   15.700000000000001        1.9434467862501612E-004   0.0000000000000000     
   15.800000000000001       -2.2018426929585518E-004   0.0000000000000000     
   15.900000000000000        2.4905551955880839E-004   0.0000000000000000     
   16.000000000000000       -2.8125335433083689E-004   0.0000000000000000     
   16.100000000000001        3.1709268933755117E-004   0.0000000000000000     
   16.199999999999999       -3.5690855417925849E-004   0.0000000000000000     
   16.300000000000001        4.0105600786644432E-004   0.0000000000000000     
   16.400000000000002       -4.4990981545126502E-004   0.0000000000000000     
   16.500000000000000        5.0386385282180808E-004   0.0000000000000000     
   16.600000000000001       -5.6333020563003374E-004   0.0000000000000000     
   16.699999999999999        6.2873792785093615E-004   0.0000000000000000     
   16.800000000000001       -7.0053142499897807E-004   0.0000000000000000     
   16.900000000000002        7.7916842761004362E-004   0.0000000000000000     
   17.000000000000000       -8.6511752159042525E-004   0.0000000000000000     
   17.100000000000001        9.5885520354774224E-004   0.0000000000000000     
   17.199999999999999       -1.0608624320989160E-003   0.0000000000000000     
   17.300000000000001        1.1716206492990934E-003   0.0000000000000000     
   17.400000000000002       -1.2916072506871327E-003   0.0000000000000000     
   17.500000000000000        1.4212904879788580E-003   0.0000000000000000     
   17.600000000000001       -1.5611237945806762E-003   0.0000000000000000     
   17.699999999999999        1.7115395317271870E-003   0.0000000000000000     
   17.800000000000001       -1.8729421615002217E-003   0.0000000000000000     
   17.900000000000002        2.0457008625524987E-003   0.0000000000000000     
   18.000000000000000       -2.2301416151781694E-003   0.0000000000000000     
   18.100000000000001        2.4265387937713037E-003   0.0000000000000000     
   18.199999999999999       -2.6351063173964116E-003   0.0000000000000000     
   18.300000000000001        2.8559884224961247E-003   0.0000000000000000     
   18.400000000000002       -3.0892501355198306E-003   0.0000000000000000     
   18.500000000000000        3.3348675377925250E-003   0.0000000000000000     
   18.600000000000001       -3.5927179294220550E-003   0.0000000000000000     
   18.699999999999999        3.8625700135712401E-003   0.0000000000000000     
   18.800000000000001       -4.1440742366647314E-003   0.0000000000000000     
   18.900000000000002        4.4367534336532070E-003   0.0000000000000000     
   19.000000000000000       -4.7399939401292987E-003   0.0000000000000000     
   19.100000000000001        5.0530373442475504E-003   0.0000000000000000     
   19.200000000000003       -5.3749730610695113E-003   0.0000000000000000     
   19.300000000000001        5.7047319193688252E-003   0.0000000000000000     
   19.400000000000002       -6.0410809558392661E-003   0.0000000000000000     
   19.500000000000000        6.3826196139152337E-003   0.0000000000000000     
   19.600000000000001       -6.7277775430917191E-003   0.0000000000000000     
   19.700000000000003        7.0748141900237194E-003   0.0000000000000000     
   19.800000000000001       -7.4218203641833536E-003   0.0000000000000000     
   19.900000000000002        7.7667219480077373E-003   0.0000000000000000     
   20.000000000000000       -8.1072859046647117E-003   0.0000000000000000     
   20.100000000000001        8.4411287150600815E-003   0.0000000000000000     
   20.200000000000003       -8.7657273499265279E-003   0.0000000000000000     
   20.300000000000001        9.0784328526774365E-003   0.0000000000000000     
   20.400000000000002       -9.3764865741191063E-003   0.0000000000000000     
   20.500000000000000        9.6570390619864343E-003   0.0000000000000000     
   20.600000000000001       -9.9171715661821418E-003   0.0000000000000000     
   20.700000000000003        1.0153920075610964E-002   0.0000000000000000     
   20.800000000000001       -1.0364301755222042E-002   0.0000000000000000     
   20.900000000000002        1.0545343602488226E-002   0.0000000000000000     
   21.000000000000000       -1.0694113092692173E-002   0.0000000000000000     
   21.100000000000001        1.0807750532263604E-002   0.0000000000000000     
   21.200000000000003       -1.0883502790294798E-002   0.0000000000000000     
   21.300000000000001        1.0918758031596835E-002   0.0000000000000000     
   21.400000000000002       -1.0911081030710264E-002   0.0000000000000000     
   21.500000000000000        1.0858248606922746E-002   0.0000000000000000     
   21.600000000000001       -1.0758284686335920E-002   0.0000000000000000     
   21.700000000000003        1.0609494469444517E-002   0.0000000000000000     
   21.800000000000001       -1.0410497162837304E-002   0.0000000000000000     
   21.900000000000002        1.0160256722116002E-002   0.0000000000000000     
   22.000000000000000       -9.8581100510797080E-003   0.0000000000000000     
   22.100000000000001        9.5037921100356824E-003   0.0000000000000000     
   22.200000000000003       -9.0974574044908937E-003   0.0000000000000000     
   22.300000000000001        8.6396973546779571E-003   0.0000000000000000     
   22.400000000000002       -8.1315530863208686E-003   0.0000000000000000     
   22.500000000000000        7.5745232339169332E-003   0.0000000000000000     
   22.600000000000001       -6.9705664087627893E-003   0.0000000000000000     
   22.700000000000003        6.3220980547014577E-003   0.0000000000000000     
   22.800000000000001       -5.6319814940289249E-003   0.0000000000000000     
   22.900000000000002        4.9035130528814483E-003   0.0000000000000000     
   23.000000000000000       -4.1404012486788632E-003   0.0000000000000000     
   23.100000000000001        3.3467401197814503E-003   0.0000000000000000     
   23.200000000000003       -2.5269768779756980E-003   0.0000000000000000     
   23.300000000000001        1.6858741656653187E-003   0.0000000000000000     
   23.400000000000002       -8.2846729949288920E-004   0.0000000000000000     
   23.500000000000000       -3.9983021226500592E-005   0.0000000000000000     
   23.600000000000001        9.1404197188665512E-004   0.0000000000000000     
   23.700000000000003       -1.7881551730267304E-003   0.0000000000000000     
   23.800000000000001        2.6567058472276033E-003   0.0000000000000000     
   23.900000000000002       -3.5140737736997826E-003   0.0000000000000000     
   24.000000000000000        4.3546952026481036E-003   0.0000000000000000     
   24.100000000000001       -5.1731228569849748E-003   0.0000000000000000     
   24.200000000000003        5.9640851302960015E-003   0.0000000000000000     
   24.300000000000001       -6.7225435876143670E-003   0.0000000000000000     
   24.400000000000002        7.4437478903285510E-003   0.0000000000000000     
   24.500000000000000       -8.1232872984135750E-003   0.0000000000000000     
   24.600000000000001        8.7571379515087710E-003   0.0000000000000000     
   24.700000000000003       -9.3417051949333495E-003   0.0000000000000000     
   24.800000000000001        9.8738602960449281E-003   0.0000000000000000     
   24.900000000000002       -1.0350970988964104E-002   0.0000000000000000     
   25.000000000000000        1.0770925390129010E-002   0.0000000000000000     
   25.100000000000001       -1.1132148940735108E-002   0.0000000000000000     
   25.200000000000003        1.1433614152944563E-002   0.0000000000000000     
   25.300000000000001       -1.1674843062271359E-002   0.0000000000000000     
   25.400000000000002        1.1855902415575999E-002   0.0000000000000000     
   25.500000000000000       -1.1977391750481981E-002   0.0000000000000000     
   25.600000000000001        1.2040424644898047E-002   0.0000000000000000     
   25.700000000000003       -1.2046603531579740E-002   0.0000000000000000     
   25.800000000000001        1.1997988580457733E-002   0.0000000000000000     
   25.900000000000002       -1.1897061248141850E-002   0.0000000000000000     
   26.000000000000000        1.1746683177363187E-002   0.0000000000000000     
   26.100000000000001       -1.1550051198148985E-002   0.0000000000000000     
   26.200000000000003        1.1310649235094127E-002   0.0000000000000000     
   26.300000000000001       -1.1032197960727488E-002   0.0000000000000000     
   26.400000000000002        1.0718603053384727E-002   0.0000000000000000     
   26.500000000000000       -1.0373902918329986E-002   0.0000000000000000     
   26.600000000000001        1.0002216714477418E-002   0.0000000000000000     
   26.700000000000003       -9.6076934959821343E-003   0.0000000000000000     
   26.800000000000001        9.1944632294274388E-003   0.0000000000000000     
   26.900000000000002       -8.7665903854832750E-003   0.0000000000000000     
   27.000000000000000        8.3280307295655852E-003   0.0000000000000000     
   27.100000000000001       -7.8825918519337193E-003   0.0000000000000000     
   27.200000000000003        7.4338978860081124E-003   0.0000000000000000     
   27.300000000000001       -6.9853587663766493E-003   0.0000000000000000     
   27.400000000000002        6.5401442778423267E-003   0.0000000000000000     
   27.500000000000000       -6.1011630461828481E-003   0.0000000000000000     
   27.600000000000001        5.6710465223274225E-003   0.0000000000000000     
   27.700000000000003       -5.2521379165555932E-003   0.0000000000000000     
   27.800000000000001        4.8464859501782497E-003   0.0000000000000000     
   27.900000000000002       -4.4558432107107519E-003   0.0000000000000000     
   28.000000000000000        4.0816688241315669E-003   0.0000000000000000     
   28.100000000000001       -3.7251350957568968E-003   0.0000000000000000     
   28.200000000000003        3.3871377203720156E-003   0.0000000000000000     
   28.300000000000001       -3.0683091229767060E-003   0.0000000000000000     
   28.400000000000002        2.7690344641537797E-003   0.0000000000000000     
   28.500000000000000       -2.4894698284428948E-003   0.0000000000000000     
   28.600000000000001        2.2295621098138525E-003   0.0000000000000000     
   28.700000000000003       -1.9890701147324318E-003   0.0000000000000000     
   28.800000000000001        1.7675864194074164E-003   0.0000000000000000     
   28.900000000000002       -1.5645595426581464E-003   0.0000000000000000     
   29.000000000000000        1.3793160280121636E-003   0.0000000000000000     
   29.100000000000001       -1.2110820669576170E-003   0.0000000000000000     
   29.200000000000003        1.0590043381929176E-003   0.0000000000000000     
   29.300000000000001       -9.2216978388767019E-004   0.0000000000000000     
   29.400000000000002        7.9962409211543157E-004   0.0000000000000000     
   29.500000000000000       -6.9038870304057650E-004   0.0000000000000000     
   29.600000000000001        5.9347620448442018E-004   0.0000000000000000     
   29.700000000000003       -5.0790402851073218E-004   0.0000000000000000     
   29.800000000000001        4.3270640399303557E-004   0.0000000000000000     
   29.900000000000002       -3.6694456009568204E-004   0.0000000000000000     
   30.000000000000000        3.0971521099940915E-004   0.0000000000000000     
   30.100000000000001       -2.6015738351006632E-004   0.0000000000000000     
   30.200000000000003        2.1745767517958932E-004   0.0000000000000000     
   30.300000000000001       -1.8085405169366220E-004   0.0000000000000000     
   30.400000000000002        1.4963830871103268E-004   0.0000000000000000     
   30.500000000000000       -1.2315733427889039E-004   0.0000000000000000     
   30.600000000000001        1.0081331513074809E-004   0.0000000000000000     
   30.700000000000003       -8.2063032762321600E-005   0.0000000000000000     
   30.800000000000001        6.6416393862823021E-005   0.0000000000000000     
   30.900000000000002       -5.3434335800287489E-005   0.0000000000000000     
   31.000000000000000        4.2726240565605336E-005   0.0000000000000000     
   31.100000000000001       -3.3946981488031524E-005   0.0000000000000000     
   31.200000000000003        2.6793716378069511E-005   0.0000000000000000     
   31.300000000000001       -2.1002528634945304E-005   0.0000000000000000     
   31.400000000000002        1.6345005429545248E-005   0.0000000000000000     
   31.500000000000000       -1.2624829142415115E-005   0.0000000000000000     
   31.600000000000001        9.6744456187110047E-006   0.0000000000000000     
   31.700000000000003       -7.3518605808821421E-006   0.0000000000000000     
   31.800000000000001        5.5376039144919556E-006   0.0000000000000000     
   31.900000000000002       -4.1318911257412141E-006   0.0000000000000000     
   32.000000000000000        3.0520015904976041E-006   0.0000000000000000     
   32.100000000000001       -2.2298847687930531E-006   0.0000000000000000     
   32.200000000000003        1.6099984864871270E-006   0.0000000000000000     
   32.300000000000004       -1.1473772622965159E-006   0.0000000000000000     
   32.399999999999999        8.0592368948034957E-007   0.0000000000000000     
   32.500000000000000       -5.5691223379224371E-007   0.0000000000000000     
   32.600000000000001        3.7769189278012361E-007   0.0000000000000000     
   32.700000000000003       -2.5057218717222122E-007   0.0000000000000000     
   32.800000000000004        1.6187600281990753E-007   0.0000000000000000     
   32.899999999999999       -1.0114209454809706E-007   0.0000000000000000     
   33.000000000000000        6.0460303516101067E-008   0.0000000000000000     
   33.100000000000001       -3.3923040766437377E-008   0.0000000000000000     
   33.200000000000003        1.7177295376453725E-008   0.0000000000000000     
   33.300000000000004       -7.0627446125029108E-009   0.0000000000000000     
   33.399999999999999        1.3225873593639760E-009   0.0000000000000000     
   33.500000000000000        1.6248089060898016E-009   0.0000000000000000     
   33.600000000000001       -2.8640161469748684E-009   0.0000000000000000     
   33.700000000000003        3.1197386584946471E-009   0.0000000000000000     
   33.800000000000004       -2.8609373139233330E-009   0.0000000000000000     
   33.899999999999999        2.3787093360894568E-009   0.0000000000000000     
   34.000000000000000       -1.8435883763155509E-009   0.0000000000000000     
   34.100000000000001        1.3468569793342408E-009   0.0000000000000000     
   34.200000000000003       -9.2977787414038968E-010   0.0000000000000000     
   34.300000000000004        6.0373589485070283E-010   0.0000000000000000     
   34.399999999999999       -3.6365144984547762E-010   0.0000000000000000     
   34.500000000000000        1.9668425379910104E-010   0.0000000000000000     
   34.600000000000001       -8.7517511232490242E-011   0.0000000000000000     
   34.700000000000003        2.1333118959871423E-011   0.0000000000000000     
   34.800000000000004        1.4673886433183004E-011   0.0000000000000000     
   34.899999999999999       -3.0775902011468894E-011   0.0000000000000000     
   35.000000000000000        3.4697049710563917E-011   0.0000000000000000     
   35.100000000000001       -3.1926004964722189E-011   0.0000000000000000     
   35.200000000000003        2.6125855265688503E-011   0.0000000000000000     
   35.300000000000004       -1.9556146792209920E-011   0.0000000000000000     
   35.399999999999999        1.3488234455624122E-011   0.0000000000000000     
   35.500000000000000       -8.5016201493037041E-012   0.0000000000000000     
   35.600000000000001        4.7549172193115554E-012   0.0000000000000000     
   35.700000000000003       -2.1638532108682624E-012   0.0000000000000000     
   35.800000000000004        5.2442368108904754E-013   0.0000000000000000     
   35.899999999999999        3.8938411636771055E-013   0.0000000000000000     
   36.000000000000000       -8.0099294115385001E-013   0.0000000000000000     
   36.100000000000001        8.9655710179929485E-013   0.0000000000000000     
   36.200000000000003       -8.1119728994498288E-013   0.0000000000000000     
   36.300000000000004        6.4620486079700434E-013   0.0000000000000000     
   36.399999999999999       -4.6327488785851605E-013   0.0000000000000000     
   36.500000000000000        2.9891282855704657E-013   0.0000000000000000     
   36.600000000000001       -1.7006592459864491E-013   0.0000000000000000     
   36.700000000000003        7.3630861253001779E-014   0.0000000000000000     
   36.800000000000004       -1.2945165974784680E-014   0.0000000000000000     
   36.899999999999999       -1.9291998473691472E-014   0.0000000000000000     
   37.000000000000000        3.6157565195182626E-014   0.0000000000000000     
   37.100000000000001       -3.7024682140237544E-014   0.0000000000000000     
   37.200000000000003        3.1361948201732333E-014   0.0000000000000000     
   37.300000000000004       -2.4694579315773847E-014   0.0000000000000000     
   37.399999999999999        1.3307861531689212E-014   0.0000000000000000     
   37.500000000000000       -1.2042251303077280E-014   0.0000000000000000     
   37.600000000000001        7.7414749426079977E-015   0.0000000000000000     
   37.700000000000003        3.5723489730398770E-015   0.0000000000000000     
   37.800000000000004        5.6549516338900552E-016   0.0000000000000000     
   37.899999999999999        1.3298454664226599E-015   0.0000000000000000     
   38.000000000000000       -8.4129542739682046E-016   0.0000000000000000     
   38.100000000000001       -1.4536860929982781E-015   0.0000000000000000     
   38.200000000000003       -2.4405520670809691E-015   0.0000000000000000     
   38.300000000000004       -3.7790647825212155E-015   0.0000000000000000     
   38.400000000000006       -3.2037481461524526E-016   0.0000000000000000     
   38.500000000000000        1.3480540988354387E-015   0.0000000000000000     
   38.600000000000001        7.2405470637732407E-016   0.0000000000000000     
   38.700000000000003        2.5054635532214804E-015   0.0000000000000000     
   38.800000000000004       -3.4655227714060988E-016   0.0000000000000000     
   38.900000000000006        3.6607510754703149E-015   0.0000000000000000     
   39.000000000000000       -4.1437933362202318E-015   0.0000000000000000     
   39.100000000000001       -6.7016038295559494E-016   0.0000000000000000     
   39.200000000000003       -1.8631421383023482E-015   0.0000000000000000     
   39.300000000000004        4.2236790649794677E-015   0.0000000000000000     
   39.400000000000006       -2.7062777892400635E-017   0.0000000000000000     
   39.500000000000000        2.0835578067103821E-015   0.0000000000000000     
   39.600000000000001       -1.4397660635636433E-015   0.0000000000000000     
   39.700000000000003        9.1390410241323434E-016   0.0000000000000000     
   39.800000000000004       -6.4624794995892127E-015   0.0000000000000000     
   39.900000000000006        3.8013868824423684E-015   0.0000000000000000     
   40.000000000000000       -4.3493411472423067E-015   0.0000000000000000     
   40.100000000000001        6.9645511510738130E-015   0.0000000000000000     
   40.200000000000003       -2.5743838286924610E-015   0.0000000000000000     
   40.300000000000004        5.1871108730494647E-015   0.0000000000000000     
   40.400000000000006       -3.6232686260805861E-015   0.0000000000000000     
   40.500000000000000        5.0446696470269127E-015   0.0000000000000000     
   40.600000000000001       -4.2577076751376309E-015   0.0000000000000000     
   40.700000000000003       -1.9789871574059357E-016   0.0000000000000000     
   40.800000000000004       -3.7692862024510248E-015   0.0000000000000000     
   40.900000000000006        1.0792114550206163E-015   0.0000000000000000     
   41.000000000000000       -3.6705039329954903E-015   0.0000000000000000     
   41.100000000000001        3.3065398198342165E-015   0.0000000000000000     
   41.200000000000003       -1.8069595001698577E-015   0.0000000000000000     
   41.300000000000004       -5.9010562117013852E-016   0.0000000000000000     
   41.400000000000006       -1.3529688146271123E-015   0.0000000000000000     
   41.500000000000000        2.9019030268336688E-015   0.0000000000000000     
   41.600000000000001        6.3157683166014365E-016   0.0000000000000000     
   41.700000000000003        5.4225776753228920E-017   0.0000000000000000     
   41.800000000000004       -3.6649051382126754E-016   0.0000000000000000     
   41.900000000000006        2.3727750653940250E-015   0.0000000000000000     
   42.000000000000000       -1.3798463751207247E-015   0.0000000000000000     
   42.100000000000001       -3.0143665459712948E-015   0.0000000000000000     
   42.200000000000003       -1.3782480710224071E-015   0.0000000000000000     
   42.300000000000004       -8.0016583817592857E-016   0.0000000000000000     
   42.400000000000006        4.9047751273205969E-016   0.0000000000000000     
   42.500000000000000       -6.4293530600604191E-016   0.0000000000000000     
   42.600000000000001        6.6305353393563249E-015   0.0000000000000000     
   42.700000000000003       -7.8173643203539042E-016   0.0000000000000000     
   42.800000000000004        5.2328561213127642E-015   0.0000000000000000     
   42.900000000000006       -4.0465055257757173E-015   0.0000000000000000     
   43.000000000000000       -3.9053049935303552E-016   0.0000000000000000     
   43.100000000000001       -1.5781628792780699E-015   0.0000000000000000     
   43.200000000000003        1.0787071726671250E-015   0.0000000000000000     
   43.300000000000004       -3.5769599161505793E-015   0.0000000000000000     
   43.400000000000006       -8.8186368903748707E-016   0.0000000000000000     
   43.500000000000000        3.0972453350548085E-015   0.0000000000000000     
   43.600000000000001       -1.2475404420471961E-015   0.0000000000000000     
   43.700000000000003        7.8087785893908145E-016   0.0000000000000000     
   43.800000000000004        2.2203933887365831E-016   0.0000000000000000     
   43.900000000000006        3.1509911955478025E-015   0.0000000000000000     
   44.000000000000000       -5.6275093887480268E-016   0.0000000000000000     
   44.100000000000001       -4.1822004435996097E-017   0.0000000000000000     
   44.200000000000003       -3.1061518506731293E-015   0.0000000000000000     
   44.300000000000004        3.6252441387811063E-015   0.0000000000000000     
   44.400000000000006       -2.6737650728526369E-016   0.0000000000000000     
   44.500000000000000       -8.3003826776169562E-016   0.0000000000000000     
   44.600000000000001       -1.0730998075134277E-015   0.0000000000000000     
   44.700000000000003        5.5376463681586157E-017   0.0000000000000000     
   44.800000000000004       -1.9064562753305805E-015   0.0000000000000000     
   44.900000000000006       -1.6161645158135414E-016   0.0000000000000000     
   45.000000000000000        3.3362387226734758E-015   0.0000000000000000     
   45.100000000000001       -1.5280675061800573E-015   0.0000000000000000     
   45.200000000000003        1.8884035984587060E-015   0.0000000000000000     
   45.300000000000004       -8.9740282762163903E-016   0.0000000000000000     
   45.400000000000006        1.9993297281741796E-015   0.0000000000000000     
   45.500000000000000       -2.3077270986576390E-015   0.0000000000000000     
   45.600000000000001        2.9770331387872131E-015   0.0000000000000000     
   45.700000000000003       -2.1196361498930042E-015   0.0000000000000000     
   45.800000000000004        1.7134227802592499E-015   0.0000000000000000     
   45.900000000000006       -6.8900931384044651E-016   0.0000000000000000     
   46.000000000000000        1.3086515985157935E-015   0.0000000000000000     
   46.100000000000001        1.8077402109447817E-015   0.0000000000000000     
   46.200000000000003        1.4526260946406256E-015   0.0000000000000000     
   46.300000000000004       -1.1436014833696258E-016   0.0000000000000000     
   46.400000000000006       -3.7107885941651319E-015   0.0000000000000000     
   46.500000000000000        7.1627616073634937E-016   0.0000000000000000     
   46.600000000000001       -2.2458137789642180E-015   0.0000000000000000     
   46.700000000000003       -2.0279672387755031E-015   0.0000000000000000     
   46.800000000000004       -4.0159908896925555E-015   0.0000000000000000     
   46.900000000000006        1.1018329260504965E-015   0.0000000000000000     
   47.000000000000000        3.3651420397131159E-015   0.0000000000000000     
   47.100000000000001        1.1449522757296299E-015   0.0000000000000000     
   47.200000000000003        2.4983016509165259E-015   0.0000000000000000     
   47.300000000000004       -3.9691754434067064E-016   0.0000000000000000     
   47.400000000000006        2.7182143193820159E-015   0.0000000000000000     
   47.500000000000000       -4.1025121919043742E-015   0.0000000000000000     
   47.600000000000001       -1.0888905266226710E-015   0.0000000000000000     
   47.700000000000003       -1.6984688784048656E-015   0.0000000000000000     
   47.800000000000004        1.4256886648686651E-015   0.0000000000000000     
   47.900000000000006       -2.5256021099952770E-015   0.0000000000000000     
   48.000000000000000       -2.2789793566494501E-015   0.0000000000000000     
   48.100000000000001        2.6578643117193592E-015   0.0000000000000000     
   48.200000000000003        3.8884997282562408E-016   0.0000000000000000     
   48.300000000000004       -4.3609689197659113E-016   0.0000000000000000     
   48.400000000000006       -2.6089710239367047E-015   0.0000000000000000     
   48.500000000000000        1.4183439874343910E-015   0.0000000000000000     
   48.600000000000001       -7.8908505100746942E-016   0.0000000000000000     
   48.700000000000003        3.0967607054840165E-017   0.0000000000000000     
   48.800000000000004        5.1104314352335104E-016   0.0000000000000000     
   48.900000000000006        1.4841794255047476E-015   0.0000000000000000     
   49.000000000000000        1.6641756826418373E-015   0.0000000000000000     
   49.100000000000001       -2.2486787405541708E-015   0.0000000000000000     
   49.200000000000003        1.3525748685990382E-015   0.0000000000000000     
   49.300000000000004       -1.6376149999543511E-015   0.0000000000000000     
   49.400000000000006        8.4930910342760552E-016   0.0000000000000000     
   49.500000000000000       -2.7892912209931548E-015   0.0000000000000000     
   49.600000000000001       -6.2192519430069550E-017   0.0000000000000000     
   49.700000000000003       -8.0752708914893264E-016   0.0000000000000000     
   49.800000000000004       -4.6877945205376761E-015   0.0000000000000000     
   49.900000000000006        5.0654071924799070E-054   0.0000000000000000     
