   0.0000000000000000        9.4860927361225303E-016   0.0000000000000000     
  0.10000000000000001        4.1462276710865687E-016   0.0000000000000000     
  0.20000000000000001       -2.3702997895798523E-016   0.0000000000000000     
  0.30000000000000004       -6.9295063409493913E-016   0.0000000000000000     
  0.40000000000000002       -5.6856512910132914E-016   0.0000000000000000     
  0.50000000000000000       -1.4908990092802641E-016   0.0000000000000000     
  0.60000000000000009       -2.8542047801309532E-016   0.0000000000000000     
  0.70000000000000007        1.9556213469453282E-016   0.0000000000000000     
  0.80000000000000004        2.8249110546260764E-016   0.0000000000000000     
  0.90000000000000002        9.0294713220625643E-017   0.0000000000000000     
   1.0000000000000000        5.1495343440459184E-016   0.0000000000000000     
   1.1000000000000001       -2.6667461520812365E-016   0.0000000000000000     
   1.2000000000000002       -1.1747419190488316E-015   0.0000000000000000     
   1.3000000000000000       -5.8827526042844528E-016   0.0000000000000000     
   1.4000000000000001        1.6635090764479897E-015   0.0000000000000000     
   1.5000000000000000        2.2029574689988679E-015   0.0000000000000000     
   1.6000000000000001       -1.4089416260651804E-015   0.0000000000000000     
   1.7000000000000002       -1.7023763328198258E-015   0.0000000000000000     
   1.8000000000000000        3.3729148685318468E-016   0.0000000000000000     
   1.9000000000000001       -1.0705074465235205E-015   0.0000000000000000     
   2.0000000000000000       -4.4002565640593228E-016   0.0000000000000000     
   2.1000000000000001        8.3486525818552216E-016   0.0000000000000000     
   2.2000000000000002        8.0668767134028259E-016   0.0000000000000000     
   2.3000000000000003        1.9676146681640734E-015   0.0000000000000000     
   2.4000000000000004        2.1648353067339748E-016   0.0000000000000000     
   2.5000000000000000       -1.4061336610862031E-015   0.0000000000000000     
   2.6000000000000001       -3.3701480203223985E-016   0.0000000000000000     
   2.7000000000000002       -7.9097073469712305E-016   0.0000000000000000     
   2.8000000000000003       -9.6790421382079025E-016   0.0000000000000000     
   2.9000000000000004       -1.5403541657948518E-016   0.0000000000000000     
   3.0000000000000000        3.6696373367909454E-016   0.0000000000000000     
   3.1000000000000001        6.8184782901264406E-016   0.0000000000000000     
   3.2000000000000002        1.3638588503712538E-015   0.0000000000000000     
   3.3000000000000003        2.0060713434816625E-015   0.0000000000000000     
   3.4000000000000004       -5.8005055712070052E-016   0.0000000000000000     
   3.5000000000000000       -2.8840966244433035E-015   0.0000000000000000     
   3.6000000000000001       -1.5436908100669685E-015   0.0000000000000000     
   3.7000000000000002        3.6527395833679140E-016   0.0000000000000000     
   3.8000000000000003        2.2141419791768960E-015   0.0000000000000000     
   3.9000000000000004        1.3317309066823304E-015   0.0000000000000000     
   4.0000000000000000       -1.3220757726470588E-015   0.0000000000000000     
   4.1000000000000005       -6.9400123207602494E-016   0.0000000000000000     
   4.2000000000000002        2.1401033282206774E-016   0.0000000000000000     
   4.2999999999999998       -2.9873002728924577E-016   0.0000000000000000     
   4.4000000000000004       -2.9728560221796088E-017   0.0000000000000000     
   4.5000000000000000        9.6077698690803701E-017   0.0000000000000000     
   4.6000000000000005       -1.8666611160058643E-017   0.0000000000000000     
   4.7000000000000002        1.1530976505588348E-015   0.0000000000000000     
   4.8000000000000007        1.7800242201025079E-015   0.0000000000000000     
   4.9000000000000004       -8.3372635920889164E-016   0.0000000000000000     
   5.0000000000000000       -3.0396970651641511E-015   0.0000000000000000     
   5.1000000000000005       -1.6406379455554399E-015   0.0000000000000000     
   5.2000000000000002        6.5568769687924391E-016   0.0000000000000000     
   5.3000000000000007        1.7091202444001910E-015   0.0000000000000000     
   5.4000000000000004        1.5915728001638595E-015   0.0000000000000000     
   5.5000000000000000        1.1549974723153327E-015   0.0000000000000000     
   5.6000000000000005       -3.7637413300856471E-016   0.0000000000000000     
   5.7000000000000002       -1.7433117533838792E-015   0.0000000000000000     
   5.8000000000000007       -1.0950864306652733E-015   0.0000000000000000     
   5.9000000000000004       -9.0564131929689914E-016   0.0000000000000000     
   6.0000000000000000        4.1797822360427882E-016   0.0000000000000000     
   6.1000000000000005        1.3975334564330589E-015   0.0000000000000000     
   6.2000000000000002       -6.0643272580436111E-016   0.0000000000000000     
   6.3000000000000007        7.7491929858204284E-016   0.0000000000000000     
   6.4000000000000004        2.1159754015208049E-015   0.0000000000000000     
   6.5000000000000000       -6.7244083740847082E-016   0.0000000000000000     
   6.6000000000000005       -1.3003653074153810E-015   0.0000000000000000     
   6.7000000000000002       -1.3725288921949734E-015   0.0000000000000000     
   6.8000000000000007       -1.5387845792422262E-015   0.0000000000000000     
   6.9000000000000004        9.3852355573776704E-017   0.0000000000000000     
   7.0000000000000000        1.2852990141969607E-015   0.0000000000000000     
   7.1000000000000005        2.4414382784432027E-015   0.0000000000000000     
   7.2000000000000002        9.6170338197566211E-016   0.0000000000000000     
   7.3000000000000007       -1.1098812507776593E-015   0.0000000000000000     
   7.4000000000000004        2.3027927619473304E-016   0.0000000000000000     
   7.5000000000000000       -8.0260512643638114E-016   0.0000000000000000     
   7.6000000000000005       -1.8237305820112053E-015   0.0000000000000000     
   7.7000000000000002       -1.1987539274941684E-016   0.0000000000000000     
   7.8000000000000007       -9.1019495817962359E-016   0.0000000000000000     
   7.9000000000000004        2.0006154520455176E-016   0.0000000000000000     
   8.0000000000000000        2.3011130585011602E-015   0.0000000000000000     
   8.0999999999999996       -1.5930114783785378E-016   0.0000000000000000     
   8.2000000000000011       -8.8085523613100102E-017   0.0000000000000000     
   8.3000000000000007        1.9977543420311506E-015   0.0000000000000000     
   8.4000000000000004        2.2643859481809105E-017   0.0000000000000000     
   8.5000000000000000       -1.2264294011340798E-015   0.0000000000000000     
   8.5999999999999996       -9.7326765987408692E-016   0.0000000000000000     
   8.7000000000000011       -1.8447084621949248E-015   0.0000000000000000     
   8.8000000000000007       -6.6102063934600909E-016   0.0000000000000000     
   8.9000000000000004        1.5618921533798844E-015   0.0000000000000000     
   9.0000000000000000        1.1752849476576512E-015   0.0000000000000000     
   9.0999999999999996        6.3078124964467332E-016   0.0000000000000000     
   9.2000000000000011        8.0332484656598585E-016   0.0000000000000000     
   9.3000000000000007       -2.9593132932392891E-016   0.0000000000000000     
   9.4000000000000004       -8.7779057716847914E-016   0.0000000000000000     
   9.5000000000000000       -9.1421759332936964E-016   0.0000000000000000     
   9.6000000000000014       -8.8067329169047968E-016   0.0000000000000000     
   9.7000000000000011        1.2540167980348858E-016   0.0000000000000000     
   9.8000000000000007        4.7318337246799829E-016   0.0000000000000000     
   9.9000000000000004        1.1223344314020222E-015   0.0000000000000000     
   10.000000000000000        1.1997216992845211E-015   0.0000000000000000     
   10.100000000000001       -2.8671012348225075E-016   0.0000000000000000     
   10.200000000000001       -3.8184281284821814E-016   0.0000000000000000     
   10.300000000000001       -1.7461320484253564E-015   0.0000000000000000     
   10.400000000000000       -1.7248967514946824E-015   0.0000000000000000     
   10.500000000000000        1.7986157356744291E-015   0.0000000000000000     
   10.600000000000001        1.0324634903768897E-015   0.0000000000000000     
   10.700000000000001        3.1156247583785220E-016   0.0000000000000000     
   10.800000000000001        1.6287066081403533E-015   0.0000000000000000     
   10.900000000000000       -9.4629545122783956E-016   0.0000000000000000     
   11.000000000000000       -1.9619656207005438E-015   0.0000000000000000     
   11.100000000000001       -1.2347181760756333E-015   0.0000000000000000     
   11.200000000000001       -6.1678541303593765E-016   0.0000000000000000     
   11.300000000000001        2.4541397814275836E-015   0.0000000000000000     
   11.400000000000000        2.3842255496434141E-015   0.0000000000000000     
   11.500000000000000       -4.4124389501919475E-016   0.0000000000000000     
   11.600000000000001       -4.5487516329691576E-016   0.0000000000000000     
   11.700000000000001        2.5102032397139956E-016   0.0000000000000000     
   11.800000000000001       -1.1353866999632057E-015   0.0000000000000000     
   11.900000000000000       -2.3680316242137522E-015   0.0000000000000000     
   12.000000000000000       -1.4732921644483803E-015   0.0000000000000000     
   12.100000000000001       -6.8596500804568358E-016   0.0000000000000000     
   12.200000000000001        1.1709359986582300E-015   0.0000000000000000     
   12.300000000000001        4.3927248073490700E-015   0.0000000000000000     
   12.400000000000000        2.2819346201843197E-015   0.0000000000000000     
   12.500000000000000       -4.5006311219061851E-017   0.0000000000000000     
   12.600000000000001        3.8865405714959748E-016   0.0000000000000000     
   12.700000000000001       -2.9230756654933964E-015   0.0000000000000000     
   12.800000000000001       -5.5611598598548297E-015   0.0000000000000000     
   12.900000000000000       -9.3142594707044766E-016   0.0000000000000000     
   13.000000000000000        1.9751450828196475E-015   0.0000000000000000     
   13.100000000000001        2.9523036150123461E-015   0.0000000000000000     
   13.200000000000001        1.6940748565610710E-015   0.0000000000000000     
   13.300000000000001        4.9146563825694919E-016   0.0000000000000000     
   13.400000000000000       -1.7169630285900977E-015   0.0000000000000000     
   13.500000000000000        5.2235186801183323E-016   0.0000000000000000     
   13.600000000000001       -1.5582633773004026E-015   0.0000000000000000     
   13.700000000000001        1.0371043121059382E-015   0.0000000000000000     
   13.800000000000001       -1.9510490920587031E-015   0.0000000000000000     
   13.900000000000000        2.1764390800399228E-015   0.0000000000000000     
   14.000000000000000       -2.7364836159566512E-015   0.0000000000000000     
   14.100000000000001        4.9596898771339626E-015   0.0000000000000000     
   14.200000000000001       -3.7919357987742772E-015   0.0000000000000000     
   14.300000000000001        6.1734768038045461E-015   0.0000000000000000     
   14.400000000000000       -1.0650925065429072E-014   0.0000000000000000     
   14.500000000000000        8.6075637777002645E-015   0.0000000000000000     
   14.600000000000001       -1.2800282491608162E-014   0.0000000000000000     
   14.700000000000001        1.9570397516852682E-014   0.0000000000000000     
   14.800000000000001       -2.0655948402260327E-014   0.0000000000000000     
   14.900000000000000        2.7594634888547899E-014   0.0000000000000000     
   15.000000000000000       -3.6264137803905008E-014   0.0000000000000000     
   15.100000000000001        4.6898367099470537E-014   0.0000000000000000     
   15.200000000000001       -5.9482217593645688E-014   0.0000000000000000     
   15.300000000000001        7.2907901319690004E-014   0.0000000000000000     
   15.400000000000000       -9.6356231327974824E-014   0.0000000000000000     
   15.500000000000000        1.2202496633417796E-013   0.0000000000000000     
   15.600000000000001       -1.5333959819507360E-013   0.0000000000000000     
   15.700000000000001        1.9916156152488439E-013   0.0000000000000000     
   15.800000000000001       -2.5120079408755717E-013   0.0000000000000000     
   15.900000000000000        3.1845981967930171E-013   0.0000000000000000     
   16.000000000000000       -4.0509972712093007E-013   0.0000000000000000     
   16.100000000000001        5.1205778631290290E-013   0.0000000000000000     
   16.199999999999999       -6.5296661201243202E-013   0.0000000000000000     
   16.300000000000001        8.2958482063638795E-013   0.0000000000000000     
   16.400000000000002       -1.0481662270594643E-012   0.0000000000000000     
   16.500000000000000        1.3270736176726291E-012   0.0000000000000000     
   16.600000000000001       -1.6803789205321785E-012   0.0000000000000000     
   16.699999999999999        2.1225232430371203E-012   0.0000000000000000     
   16.800000000000001       -2.6816264895355600E-012   0.0000000000000000     
   16.900000000000002        3.3900036832572521E-012   0.0000000000000000     
   17.000000000000000       -4.2763639263248897E-012   0.0000000000000000     
   17.100000000000001        5.3882836666397476E-012   0.0000000000000000     
   17.199999999999999       -6.7907072226875813E-012   0.0000000000000000     
   17.300000000000001        8.5487905663804188E-012   0.0000000000000000     
   17.400000000000002       -1.0751651569980506E-011   0.0000000000000000     
   17.500000000000000        1.3515687699934376E-011   0.0000000000000000     
   17.600000000000001       -1.6972816243400303E-011   0.0000000000000000     
   17.699999999999999        2.1298247310601117E-011   0.0000000000000000     
   17.800000000000001       -2.6707661710996660E-011   0.0000000000000000     
   17.900000000000002        3.3459322773270773E-011   0.0000000000000000     
   18.000000000000000       -4.1883077205249638E-011   0.0000000000000000     
   18.100000000000001        5.2386746528283023E-011   0.0000000000000000     
   18.199999999999999       -6.5466548234968620E-011   0.0000000000000000     
   18.300000000000001        8.1736209266746602E-011   0.0000000000000000     
   18.400000000000002       -1.0196707215246270E-010   0.0000000000000000     
   18.500000000000000        1.2709461973497389E-010   0.0000000000000000     
   18.600000000000001       -1.5827012038462498E-010   0.0000000000000000     
   18.699999999999999        1.9691614444257107E-010   0.0000000000000000     
   18.800000000000001       -2.4477238986452355E-010   0.0000000000000000     
   18.900000000000002        3.0398663111461929E-010   0.0000000000000000     
   19.000000000000000       -3.7717327931691578E-010   0.0000000000000000     
   19.100000000000001        4.6754348766768047E-010   0.0000000000000000     
   19.200000000000003       -5.7902490316868278E-010   0.0000000000000000     
   19.300000000000001        7.1640014520740866E-010   0.0000000000000000     
   19.400000000000002       -8.8551902763738107E-010   0.0000000000000000     
   19.500000000000000        1.0935048173922403E-009   0.0000000000000000     
   19.600000000000001       -1.3490302917460318E-009   0.0000000000000000     
   19.700000000000003        1.6626242940433414E-009   0.0000000000000000     
   19.800000000000001       -2.0470835499226597E-009   0.0000000000000000     
   19.900000000000002        2.5179340382930313E-009   0.0000000000000000     
   20.000000000000000       -3.0939623699277738E-009   0.0000000000000000     
   20.100000000000001        3.7979154942691338E-009   0.0000000000000000     
   20.200000000000003       -4.6572693829087386E-009   0.0000000000000000     
   20.300000000000001        5.7051894046917143E-009   0.0000000000000000     
   20.400000000000002       -6.9816553842183132E-009   0.0000000000000000     
   20.500000000000000        8.5347851131350617E-009   0.0000000000000000     
   20.600000000000001       -1.0422447233200185E-008   0.0000000000000000     
   20.700000000000003        1.2714127513602550E-008   0.0000000000000000     
   20.800000000000001       -1.5493154138286786E-008   0.0000000000000000     
   20.900000000000002        1.8859337052818551E-008   0.0000000000000000     
   21.000000000000000       -2.2932062251387424E-008   0.0000000000000000     
   21.100000000000001        2.7853952274530006E-008   0.0000000000000000     
   21.200000000000003       -3.3795161058977211E-008   0.0000000000000000     
   21.300000000000001        4.0958401121877725E-008   0.0000000000000000     
   21.400000000000002       -4.9584870827419914E-008   0.0000000000000000     
   21.500000000000000        5.9961165931104468E-008   0.0000000000000000     
   21.600000000000001       -7.2427344938825029E-008   0.0000000000000000     
   21.700000000000003        8.7386357755417292E-008   0.0000000000000000     
   21.800000000000001       -1.0531500620119470E-007   0.0000000000000000     
   21.900000000000002        1.2677669472758190E-007   0.0000000000000000     
   22.000000000000000       -1.5243620083832853E-007   0.0000000000000000     
   22.100000000000001        1.8307679829370629E-007   0.0000000000000000     
   22.200000000000003       -2.1962007835864912E-007   0.0000000000000000     
   22.300000000000001        2.6314874902715539E-007   0.0000000000000000     
   22.400000000000002       -3.1493296481537947E-007   0.0000000000000000     
   22.500000000000000        3.7646058163489891E-007   0.0000000000000000     
   22.600000000000001       -4.4947182461766528E-007   0.0000000000000000     
   22.700000000000003        5.3599908110507336E-007   0.0000000000000000     
   22.800000000000001       -6.3841228947069780E-007   0.0000000000000000     
   22.900000000000002        7.5947078294197929E-007   0.0000000000000000     
   23.000000000000000       -9.0238228928497180E-007   0.0000000000000000     
   23.100000000000001        1.0708699076589148E-006   0.0000000000000000     
   23.200000000000003       -1.2692481407660737E-006   0.0000000000000000     
   23.300000000000001        1.5025087958539054E-006   0.0000000000000000     
   23.400000000000002       -1.7764180100848866E-006   0.0000000000000000     
   23.500000000000000        2.0976254769947535E-006   0.0000000000000000     
   23.600000000000001       -2.4737871898957093E-006   0.0000000000000000     
   23.700000000000003        2.9137030619974365E-006   0.0000000000000000     
   23.800000000000001       -3.4274707302250301E-006   0.0000000000000000     
   23.900000000000002        4.0266572189115196E-006   0.0000000000000000     
   24.000000000000000       -4.7244898800885166E-006   0.0000000000000000     
   24.100000000000001        5.5360683010754506E-006   0.0000000000000000     
   24.200000000000003       -6.4785988363302943E-006   0.0000000000000000     
   24.300000000000001        7.5716534641763730E-006   0.0000000000000000     
   24.400000000000002       -8.8374546479504133E-006   0.0000000000000000     
   24.500000000000000        1.0301187886616101E-005   0.0000000000000000     
   24.600000000000001       -1.1991343661791901E-005   0.0000000000000000     
   24.700000000000003        1.3940090188335843E-005   0.0000000000000000     
   24.800000000000001       -1.6183678565978578E-005   0.0000000000000000     
   24.900000000000002        1.8762881494616966E-005   0.0000000000000000     
   25.000000000000000       -2.1723466592390788E-005   0.0000000000000000     
   25.100000000000001        2.5116705154887831E-005   0.0000000000000000     
   25.200000000000003       -2.8999916675529897E-005   0.0000000000000000     
   25.300000000000001        3.3437049223333551E-005   0.0000000000000000     
   25.400000000000002       -3.8499295047447335E-005   0.0000000000000000     
   25.500000000000000        4.4265740468863001E-005   0.0000000000000000     
   25.600000000000001       -5.0824048212666647E-005   0.0000000000000000     
   25.700000000000003        5.8271169575016286E-005   0.0000000000000000     
   25.800000000000001       -6.6714083222943943E-005   0.0000000000000000     
   25.900000000000002        7.6270555989000309E-005   0.0000000000000000     
   26.000000000000000       -8.7069920307776156E-005   0.0000000000000000     
   26.100000000000001        9.9253861603784081E-005   0.0000000000000000     
   26.200000000000003       -1.1297720753112397E-004   0.0000000000000000     
   26.300000000000001        1.2840870978370338E-004   0.0000000000000000     
   26.400000000000002       -1.4573180739751144E-004   0.0000000000000000     
   26.500000000000000        1.6514535914167414E-004   0.0000000000000000     
   26.600000000000001       -1.8686433068024132E-004   0.0000000000000000     
   26.700000000000003        2.1112042059124965E-004   0.0000000000000000     
   26.800000000000001       -2.3816260754350058E-004   0.0000000000000000     
   26.900000000000002        2.6825759894935814E-004   0.0000000000000000     
   27.000000000000000       -3.0169015993693654E-004   0.0000000000000000     
   27.100000000000001        3.3876329944548247E-004   0.0000000000000000     
   27.200000000000003       -3.7979828879282465E-004   0.0000000000000000     
   27.300000000000001        4.2513448643431527E-004   0.0000000000000000     
   27.400000000000002       -4.7512894128543800E-004   0.0000000000000000     
   27.500000000000000        5.3015574598297335E-004   0.0000000000000000     
   27.600000000000001       -5.9060511042462605E-004   0.0000000000000000     
   27.700000000000003        6.5688212560697742E-004   0.0000000000000000     
   27.800000000000001       -7.2940518763817727E-004   0.0000000000000000     
   27.900000000000002        8.0860405217875295E-004   0.0000000000000000     
   28.000000000000000       -8.9491749057547787E-004   0.0000000000000000     
   28.100000000000001        9.8879052039724854E-004   0.0000000000000000     
   28.200000000000003       -1.0906711854122464E-003   0.0000000000000000     
   28.300000000000001        1.2010068629120991E-003   0.0000000000000000     
   28.400000000000002       -1.3202400800223911E-003   0.0000000000000000     
   28.500000000000000        1.4488038253232583E-003   0.0000000000000000     
   28.600000000000001       -1.5871163473793629E-003   0.0000000000000000     
   28.700000000000003        1.7355754383022843E-003   0.0000000000000000     
   28.800000000000001       -1.8945522075410691E-003   0.0000000000000000     
   28.900000000000002        2.0643843594519221E-003   0.0000000000000000     
   29.000000000000000       -2.2453689971517286E-003   0.0000000000000000     
   29.100000000000001        2.4377549850225387E-003   0.0000000000000000     
   29.200000000000003       -2.6417349130408150E-003   0.0000000000000000     
   29.300000000000001        2.8574367173698945E-003   0.0000000000000000     
   29.400000000000002       -3.0849150236248531E-003   0.0000000000000000     
   29.500000000000000        3.3241422915743783E-003   0.0000000000000000     
   29.600000000000001       -3.5749998526602798E-003   0.0000000000000000     
   29.700000000000003        3.8372689444315937E-003   0.0000000000000000     
   29.800000000000001       -4.1106218584053261E-003   0.0000000000000000     
   29.900000000000002        4.3946133299507242E-003   0.0000000000000000     
   30.000000000000000       -4.6886723103189802E-003   0.0000000000000000     
   30.100000000000001        4.9920942710139507E-003   0.0000000000000000     
   30.200000000000003       -5.3040342001056100E-003   0.0000000000000000     
   30.300000000000001        5.6235004572280341E-003   0.0000000000000000     
   30.400000000000002       -5.9493496596339053E-003   0.0000000000000000     
   30.500000000000000        6.2802827748306795E-003   0.0000000000000000     
   30.600000000000001       -6.6148425957988262E-003   0.0000000000000000     
   30.700000000000003        6.9514127725628372E-003   0.0000000000000000     
   30.800000000000001       -7.2882185681961585E-003   0.0000000000000000     
   30.900000000000002        7.6233294985021205E-003   0.0000000000000000     
   31.000000000000000       -7.9546640018076098E-003   0.0000000000000000     
   31.100000000000001        8.2799962690434815E-003   0.0000000000000000     
   31.200000000000003       -8.5969653439804342E-003   0.0000000000000000     
   31.300000000000001        8.9030865791304876E-003   0.0000000000000000     
   31.400000000000002       -9.1957655051576447E-003   0.0000000000000000     
   31.500000000000000        9.4723141397249806E-003   0.0000000000000000     
   31.600000000000001       -9.7299697267237816E-003   0.0000000000000000     
   31.700000000000003        9.9659158587452265E-003   0.0000000000000000     
   31.800000000000001       -1.0177305894738595E-002   0.0000000000000000     
   31.900000000000002        1.0361288542012142E-002   0.0000000000000000     
   32.000000000000000       -1.0515035427299231E-002   0.0000000000000000     
   32.100000000000001        1.0635770436528096E-002   0.0000000000000000     
   32.200000000000003       -1.0720800557743078E-002   0.0000000000000000     
   32.300000000000004        1.0767547917646426E-002   0.0000000000000000     
   32.399999999999999       -1.0773582659731851E-002   0.0000000000000000     
   32.500000000000000        1.0736656272615146E-002   0.0000000000000000     
   32.600000000000001       -1.0654734941405142E-002   0.0000000000000000     
   32.700000000000003        1.0526032464121548E-002   0.0000000000000000     
   32.800000000000004       -1.0349042250138924E-002   0.0000000000000000     
   32.899999999999999        1.0122567899137805E-002   0.0000000000000000     
   33.000000000000000       -9.8457518483375840E-003   0.0000000000000000     
   33.100000000000001        9.5181015732484810E-003   0.0000000000000000     
   33.200000000000003       -9.1395128337676650E-003   0.0000000000000000     
   33.300000000000004        8.7102894731967678E-003   0.0000000000000000     
   33.399999999999999       -8.2311593036801540E-003   0.0000000000000000     
   33.500000000000000        7.7032856470678514E-003   0.0000000000000000     
   33.600000000000001       -7.1282741456944942E-003   0.0000000000000000     
   33.700000000000003        6.5081745126763573E-003   0.0000000000000000     
   33.800000000000004       -5.8454769551582134E-003   0.0000000000000000     
   33.899999999999999        5.1431030765591414E-003   0.0000000000000000     
   34.000000000000000       -4.4043911432228413E-003   0.0000000000000000     
   34.100000000000001        3.6330756868546352E-003   0.0000000000000000     
   34.200000000000003       -2.8332615044652392E-003   0.0000000000000000     
   34.300000000000004        2.0093922112804645E-003   0.0000000000000000     
   34.399999999999999       -1.1662135970530957E-003   0.0000000000000000     
   34.500000000000000        3.0873213091108567E-004   0.0000000000000000     
   34.600000000000001        5.5783094783068139E-004   0.0000000000000000     
   34.700000000000003       -1.4280894276492654E-003   0.0000000000000000     
   34.800000000000004        2.2965452044965712E-003   0.0000000000000000     
   34.899999999999999       -3.1576439628997251E-003   0.0000000000000000     
   35.000000000000000        4.0058327146703654E-003   0.0000000000000000     
   35.100000000000001       -4.8356183997752050E-003   0.0000000000000000     
   35.200000000000003        5.6416267155762548E-003   0.0000000000000000     
   35.300000000000004       -6.4186603163783581E-003   0.0000000000000000     
   35.399999999999999        7.1617555167051315E-003   0.0000000000000000     
   35.500000000000000       -7.8662366389008840E-003   0.0000000000000000     
   35.600000000000001        8.5277671693683374E-003   0.0000000000000000     
   35.700000000000003       -9.1423969274536717E-003   0.0000000000000000     
   35.800000000000004        9.7066045066914897E-003   0.0000000000000000     
   35.899999999999999       -1.0217334318647011E-002   0.0000000000000000     
   36.000000000000000        1.0672027653959337E-002   0.0000000000000000     
   36.100000000000001       -1.1068647272005237E-002   0.0000000000000000     
   36.200000000000003        1.1405695137414290E-002   0.0000000000000000     
   36.300000000000004       -1.1682223037455895E-002   0.0000000000000000     
   36.399999999999999        1.1897835935511714E-002   0.0000000000000000     
   36.500000000000000       -1.2052688040976459E-002   0.0000000000000000     
   36.600000000000001        1.2147471701576569E-002   0.0000000000000000     
   36.700000000000003       -1.2183399348223860E-002   0.0000000000000000     
   36.800000000000004        1.2162178841915757E-002   0.0000000000000000     
   36.899999999999999       -1.2085982684696524E-002   0.0000000000000000     
   37.000000000000000        1.1957411659669005E-002   0.0000000000000000     
   37.100000000000001       -1.1779453556197113E-002   0.0000000000000000     
   37.200000000000003        1.1555437714250620E-002   0.0000000000000000     
   37.300000000000004       -1.1288986183962259E-002   0.0000000000000000     
   37.399999999999999        1.0983962342558608E-002   0.0000000000000000     
   37.500000000000000       -1.0644417839164609E-002   0.0000000000000000     
   37.600000000000001        1.0274538748760956E-002   0.0000000000000000     
   37.700000000000003       -9.8785918095007919E-003   0.0000000000000000     
   37.800000000000004        9.4608715930444079E-003   0.0000000000000000     
   37.899999999999999       -9.0256494168552640E-003   0.0000000000000000     
   38.000000000000000        8.5771247508093784E-003   0.0000000000000000     
   38.100000000000001       -8.1193798008835066E-003   0.0000000000000000     
   38.200000000000003        7.6563378705703016E-003   0.0000000000000000     
   38.300000000000004       -7.1917260095475588E-003   0.0000000000000000     
   38.400000000000006        6.7290423600647820E-003   0.0000000000000000     
   38.500000000000000       -6.2715285079828617E-003   0.0000000000000000     
   38.600000000000001        5.8221470392557156E-003   0.0000000000000000     
   38.700000000000003       -5.3835643967012764E-003   0.0000000000000000     
   38.800000000000004        4.9581390284765357E-003   0.0000000000000000     
   38.900000000000006       -4.5479147209546798E-003   0.0000000000000000     
   39.000000000000000        4.1546189170569865E-003   0.0000000000000000     
   39.100000000000001       -3.7796657379486169E-003   0.0000000000000000     
   39.200000000000003        3.4241633531888757E-003   0.0000000000000000     
   39.300000000000004       -3.0889252830278917E-003   0.0000000000000000     
   39.400000000000006        2.7744851674834986E-003   0.0000000000000000     
   39.500000000000000       -2.4811145005204580E-003   0.0000000000000000     
   39.600000000000001        2.2088428043996714E-003   0.0000000000000000     
   39.700000000000003       -1.9574797087429305E-003   0.0000000000000000     
   39.800000000000004        1.7266384005484741E-003   0.0000000000000000     
   39.900000000000006       -1.5157599248808865E-003   0.0000000000000000     
   40.000000000000000        1.3241378393381411E-003   0.0000000000000000     
   40.100000000000001       -1.1509427585986208E-003   0.0000000000000000     
   40.200000000000003        9.9524636568180318E-004   0.0000000000000000     
   40.300000000000004       -8.5604451357318390E-004   0.0000000000000000     
   40.400000000000006        7.3227909228220907E-004   0.0000000000000000     
   40.500000000000000       -6.2285839072509974E-004   0.0000000000000000     
   40.600000000000001        5.2667573885865947E-004   0.0000000000000000     
   40.700000000000003       -4.4262627108710112E-004   0.0000000000000000     
   40.800000000000004        3.6962170652238703E-004   0.0000000000000000     
   40.900000000000006       -3.0660309297356577E-004   0.0000000000000000     
   41.000000000000000        2.5255150976240238E-004   0.0000000000000000     
   41.100000000000001       -2.0649676747444082E-004   0.0000000000000000     
   41.200000000000003        1.6752418071777238E-004   0.0000000000000000     
   41.300000000000004       -1.3477952229292909E-004   0.0000000000000000     
   41.400000000000006        1.0747229321845274E-004   0.0000000000000000     
   41.500000000000000       -8.4877463245443653E-005   0.0000000000000000     
   41.600000000000001        6.6335850634217911E-005   0.0000000000000000     
   41.700000000000003       -5.1253318359403305E-005   0.0000000000000000     
   41.800000000000004        3.9098967165323243E-005   0.0000000000000000     
   41.900000000000006       -2.9402504223872325E-005   0.0000000000000000     
   42.000000000000000        2.1750960317239795E-005   0.0000000000000000     
   42.100000000000001       -1.5784919266725343E-005   0.0000000000000000     
   42.200000000000003        1.1194411004713639E-005   0.0000000000000000     
   42.300000000000004       -7.7146055506635874E-006   0.0000000000000000     
   42.400000000000006        5.1214291434917172E-006   0.0000000000000000     
   42.500000000000000       -3.2272072513532787E-006   0.0000000000000000     
   42.600000000000001        1.8764221700159201E-006   0.0000000000000000     
   42.700000000000003       -9.4165621108886519E-007   0.0000000000000000     
   42.800000000000004        3.1977546164284731E-007   0.0000000000000000     
   42.900000000000006        7.1606022635478064E-008   0.0000000000000000     
   43.000000000000000       -2.9735516064826034E-007   0.0000000000000000     
   43.100000000000001        4.0772803445000640E-007   0.0000000000000000     
   43.200000000000003       -4.4095366381598372E-007   0.0000000000000000     
   43.300000000000004        4.2549873838462768E-007   0.0000000000000000     
   43.400000000000006       -3.8202572248692227E-007   0.0000000000000000     
   43.500000000000000        3.2506247997835071E-007   0.0000000000000000     
   43.600000000000001       -2.6440532297986211E-007   0.0000000000000000     
   43.700000000000003        2.0628029762363072E-007   0.0000000000000000     
   43.800000000000004       -1.5428874293779155E-007   0.0000000000000000     
   43.900000000000006        1.1016371297425337E-007   0.0000000000000000     
   44.000000000000000       -7.4363180601452546E-008   0.0000000000000000     
   44.100000000000001        4.6524900552674674E-008   0.0000000000000000     
   44.200000000000003       -2.5806093936518305E-008   0.0000000000000000     
   44.300000000000004        1.1128953347986117E-008   0.0000000000000000     
   44.400000000000006       -1.3509468114899570E-009   0.0000000000000000     
   44.500000000000000       -4.6238706433987942E-009   0.0000000000000000     
   44.600000000000001        7.7782145919065216E-009   0.0000000000000000     
   44.700000000000003       -8.9479937236533220E-009   0.0000000000000000     
   44.800000000000004        8.8119970962543646E-009   0.0000000000000000     
   44.900000000000006       -7.8971942948476907E-009   0.0000000000000000     
   45.000000000000000        6.5936043945752104E-009   0.0000000000000000     
   45.100000000000001       -5.1741769963402567E-009   0.0000000000000000     
   45.200000000000003        3.8164870975109794E-009   0.0000000000000000     
   45.300000000000004       -2.6239040140896875E-009   0.0000000000000000     
   45.400000000000006        1.6449255654259151E-009   0.0000000000000000     
   45.500000000000000       -8.8977087163794714E-010   0.0000000000000000     
   45.600000000000001        3.4400166007507326E-010   0.0000000000000000     
   45.700000000000003        2.0841455523725533E-011   0.0000000000000000     
   45.800000000000004       -2.3936575580812204E-010   0.0000000000000000     
   45.900000000000006        3.4685116487592996E-010   0.0000000000000000     
   46.000000000000000       -3.7573031646217983E-010   0.0000000000000000     
   46.100000000000001        3.5365830760415497E-010   0.0000000000000000     
   46.200000000000003       -3.0269743518306551E-010   0.0000000000000000     
   46.300000000000004        2.3933389581424472E-010   0.0000000000000000     
   46.400000000000006       -1.7497632593403996E-010   0.0000000000000000     
   46.500000000000000        1.1679089096037225E-010   0.0000000000000000     
   46.600000000000001       -6.8559479303033194E-011   0.0000000000000000     
   46.700000000000003        3.1598678492995928E-011   0.0000000000000000     
   46.800000000000004       -5.5443016341178740E-012   0.0000000000000000     
   46.900000000000006       -1.0968816101955626E-011   0.0000000000000000     
   47.000000000000000        1.9805472655940310E-011   0.0000000000000000     
   47.100000000000001       -2.2945842777268508E-011   0.0000000000000000     
   47.200000000000003        2.2225508286260800E-011   0.0000000000000000     
   47.300000000000004       -1.9209297169350039E-011   0.0000000000000000     
   47.400000000000006        1.5116594390715838E-011   0.0000000000000000     
   47.500000000000000       -1.0836588212395960E-011   0.0000000000000000     
   47.600000000000001        6.9245193913588465E-012   0.0000000000000000     
   47.700000000000003       -3.6969443297803400E-012   0.0000000000000000     
   47.800000000000004        1.2713066359808958E-012   0.0000000000000000     
   47.900000000000006        3.6950397277557756E-013   0.0000000000000000     
   48.000000000000000       -1.3390717446207632E-012   0.0000000000000000     
   48.100000000000001        1.7663891137306325E-012   0.0000000000000000     
   48.200000000000003       -1.8166411570793551E-012   0.0000000000000000     
   48.300000000000004        1.6164039124614976E-012   0.0000000000000000     
   48.400000000000006       -1.2924036237750629E-012   0.0000000000000000     
   48.500000000000000        9.2773127998321152E-013   0.0000000000000000     
   48.600000000000001       -5.8945854625388527E-013   0.0000000000000000     
   48.700000000000003        2.9734321848673842E-013   0.0000000000000000     
   48.800000000000004       -8.1546500843130448E-014   0.0000000000000000     
   48.900000000000006       -5.9602011134347408E-014   0.0000000000000000     
   49.000000000000000        1.4428630486552225E-013   0.0000000000000000     
   49.100000000000001       -1.7557395136556908E-013   0.0000000000000000     
   49.200000000000003        1.7038260695922298E-013   0.0000000000000000     
   49.300000000000004       -1.5021996751371577E-013   0.0000000000000000     
   49.400000000000006        1.0299807038381167E-013   0.0000000000000000     
   49.500000000000000       -8.6423314843845831E-014   0.0000000000000000     
   49.600000000000001        3.4174396378648670E-014   0.0000000000000000     
   49.700000000000003       -3.4604768505922448E-014   0.0000000000000000     
   49.800000000000004       -5.2685423684895946E-014   0.0000000000000000     
   49.900000000000006        5.0654071924799070E-054   0.0000000000000000     
