   0.0000000000000000        1.8087646483606909E-008   0.0000000000000000     
  0.10000000000000001        1.5622594832205245E-008   0.0000000000000000     
  0.20000000000000001        1.0828205349623627E-008   0.0000000000000000     
  0.30000000000000004        1.5035023364877934E-008   0.0000000000000000     
  0.40000000000000002        5.3886492873465596E-009   0.0000000000000000     
  0.50000000000000000        1.3278505368926474E-008   0.0000000000000000     
  0.60000000000000009       -7.3493256274987095E-010   0.0000000000000000     
  0.70000000000000007        1.3176442160567023E-008   0.0000000000000000     
  0.80000000000000004       -6.7116803696259104E-009   0.0000000000000000     
  0.90000000000000002        1.5724619774126728E-008   0.0000000000000000     
   1.0000000000000000       -1.3591512720909715E-008   0.0000000000000000     
   1.1000000000000001        2.1220109716770161E-008   0.0000000000000000     
   1.2000000000000002       -2.2607359237962231E-008   0.0000000000000000     
   1.3000000000000000        3.0453913408806904E-008   0.0000000000000000     
   1.4000000000000001       -3.5268122909096607E-008   0.0000000000000000     
   1.5000000000000000        4.4808134362719747E-008   0.0000000000000000     
   1.6000000000000001       -5.3581926593614466E-008   0.0000000000000000     
   1.7000000000000002        6.6425663037063128E-008   0.0000000000000000     
   1.8000000000000000       -8.0333270579199669E-008   0.0000000000000000     
   1.9000000000000001        9.8476357181462461E-008   0.0000000000000000     
   2.0000000000000000       -1.1944523090214243E-007   0.0000000000000000     
   2.1000000000000001        1.4554439377308969E-007   0.0000000000000000     
   2.2000000000000002       -1.7646473925497737E-007   0.0000000000000000     
   2.3000000000000003        2.1417254053234750E-007   0.0000000000000000     
   2.4000000000000004       -2.5921807694311372E-007   0.0000000000000000     
   2.5000000000000000        3.1361181317643810E-007   0.0000000000000000     
   2.6000000000000001       -3.7869568972385631E-007   0.0000000000000000     
   2.7000000000000002        4.5684023909325068E-007   0.0000000000000000     
   2.8000000000000003       -5.5024077854349610E-007   0.0000000000000000     
   2.9000000000000004        6.6193227488623791E-007   0.0000000000000000     
   3.0000000000000000       -7.9513481210162425E-007   0.0000000000000000     
   3.1000000000000001        9.5388164075721440E-007   0.0000000000000000     
   3.2000000000000002       -1.1426952358926853E-006   0.0000000000000000     
   3.3000000000000003        1.3670044843444906E-006   0.0000000000000000     
   3.4000000000000004       -1.6330262151534036E-006   0.0000000000000000     
   3.5000000000000000        1.9480772308978615E-006   0.0000000000000000     
   3.6000000000000001       -2.3205917971691343E-006   0.0000000000000000     
   3.7000000000000002        2.7603933296442398E-006   0.0000000000000000     
   3.8000000000000003       -3.2788113341799671E-006   0.0000000000000000     
   3.9000000000000004        3.8889540814566949E-006   0.0000000000000000     
   4.0000000000000000       -4.6059080612014487E-006   0.0000000000000000     
   4.1000000000000005        5.4470394924194010E-006   0.0000000000000000     
   4.2000000000000002       -6.4322709492380313E-006   0.0000000000000000     
   4.2999999999999998        7.5844319295915041E-006   0.0000000000000000     
   4.4000000000000004       -8.9296138465892347E-006   0.0000000000000000     
   4.5000000000000000        1.0497585291503231E-005   0.0000000000000000     
   4.6000000000000005       -1.2322230033897129E-005   0.0000000000000000     
   4.7000000000000002        1.4442039366744549E-005   0.0000000000000000     
   4.8000000000000007       -1.6900638801856827E-005   0.0000000000000000     
   4.9000000000000004        1.9747366954334390E-005   0.0000000000000000     
   5.0000000000000000       -2.3037895809528546E-005   0.0000000000000000     
   5.1000000000000005        2.6834901992061785E-005   0.0000000000000000     
   5.2000000000000002       -3.1208782750450648E-005   0.0000000000000000     
   5.3000000000000007        3.6238420881650028E-005   0.0000000000000000     
   5.4000000000000004       -4.2011993745060071E-005   0.0000000000000000     
   5.5000000000000000        4.8627826729158873E-005   0.0000000000000000     
   5.6000000000000005       -5.6195285819424863E-005   0.0000000000000000     
   5.7000000000000002        6.4835706019982859E-005   0.0000000000000000     
   5.8000000000000007       -7.4683348599827678E-005   0.0000000000000000     
   5.9000000000000004        8.5886380232316225E-005   0.0000000000000000     
   6.0000000000000000       -9.8607864113790789E-005   0.0000000000000000     
   6.1000000000000005        1.1302675224728241E-004   0.0000000000000000     
   6.2000000000000002       -1.2933886529257471E-004   0.0000000000000000     
   6.3000000000000007        1.4775784468998955E-004   0.0000000000000000     
   6.4000000000000004       -1.6851605918143645E-004   0.0000000000000000     
   6.5000000000000000        1.9186544567834313E-004   0.0000000000000000     
   6.6000000000000005       -2.1807826172610256E-004   0.0000000000000000     
   6.7000000000000002        2.4744772455671967E-004   0.0000000000000000     
   6.8000000000000007       -2.8028850909572891E-004   0.0000000000000000     
   6.9000000000000004        3.1693707486749940E-004   0.0000000000000000     
   7.0000000000000000       -3.5775178952293180E-004   0.0000000000000000     
   7.1000000000000005        4.0311281454841376E-004   0.0000000000000000     
   7.2000000000000002       -4.5342171677409903E-004   0.0000000000000000     
   7.3000000000000007        5.0910076794383858E-004   0.0000000000000000     
   7.4000000000000004       -5.7059189336672376E-004   0.0000000000000000     
   7.5000000000000000        6.3835523005986814E-004   0.0000000000000000     
   7.6000000000000005       -7.1286725493660910E-004   0.0000000000000000     
   7.7000000000000002        7.9461844416368486E-004   0.0000000000000000     
   7.8000000000000007       -8.8411042634976421E-004   0.0000000000000000     
   7.9000000000000004        9.8185259469625217E-004   0.0000000000000000     
   8.0000000000000000       -1.0883581465043050E-003   0.0000000000000000     
   8.0999999999999996        1.2041395229503719E-003   0.0000000000000000     
   8.2000000000000011       -1.3297032276094118E-003   0.0000000000000000     
   8.3000000000000007        1.4655440089009417E-003   0.0000000000000000     
   8.4000000000000004       -1.6121383997538359E-003   0.0000000000000000     
   8.5000000000000000        1.7699376169627774E-003   0.0000000000000000     
   8.5999999999999996       -1.9393598331936496E-003   0.0000000000000000     
   8.7000000000000011        2.1207818464382081E-003   0.0000000000000000     
   8.8000000000000007       -2.3145301844944639E-003   0.0000000000000000     
   8.9000000000000004        2.5208716960215651E-003   0.0000000000000000     
   9.0000000000000000       -2.7400036946504218E-003   0.0000000000000000     
   9.0999999999999996        2.9720437381598463E-003   0.0000000000000000     
   9.2000000000000011       -3.2170191409612984E-003   0.0000000000000000     
   9.3000000000000007        3.4748563345851514E-003   0.0000000000000000     
   9.4000000000000004       -3.7453702072749715E-003   0.0000000000000000     
   9.5000000000000000        4.0282535699899856E-003   0.0000000000000000     
   9.6000000000000014       -4.3230669114815217E-003   0.0000000000000000     
   9.7000000000000011        4.6292286194562016E-003   0.0000000000000000     
   9.8000000000000007       -4.9460058577463087E-003   0.0000000000000000     
   9.9000000000000004        5.2725063002016298E-003   0.0000000000000000     
   10.000000000000000       -5.6076709305456487E-003   0.0000000000000000     
   10.100000000000001        5.9502681231383735E-003   0.0000000000000000     
   10.200000000000001       -6.2988892219046277E-003   0.0000000000000000     
   10.300000000000001        6.6519458334163267E-003   0.0000000000000000     
   10.400000000000000       -7.0076690447459060E-003   0.0000000000000000     
   10.500000000000000        7.3641107669105577E-003   0.0000000000000000     
   10.600000000000001       -7.7191473903273616E-003   0.0000000000000000     
   10.700000000000001        8.0704859193607981E-003   0.0000000000000000     
   10.800000000000001       -8.4156727288014002E-003   0.0000000000000000     
   10.900000000000000        8.7521050558882953E-003   0.0000000000000000     
   11.000000000000000       -9.0770453073537472E-003   0.0000000000000000     
   11.100000000000001        9.3876382222496009E-003   0.0000000000000000     
   11.200000000000001       -9.6809308882540093E-003   0.0000000000000000     
   11.300000000000001        9.9538955622765941E-003   0.0000000000000000     
   11.400000000000000       -1.0203455196154950E-002   0.0000000000000000     
   11.500000000000000        1.0426511515649051E-002   0.0000000000000000     
   11.600000000000001       -1.0619975446770506E-002   0.0000000000000000     
   11.700000000000001        1.0780799628744094E-002   0.0000000000000000     
   11.800000000000001       -1.0906012698496687E-002   0.0000000000000000     
   11.900000000000000        1.0992754978729839E-002   0.0000000000000000     
   12.000000000000000       -1.1038315151692936E-002   0.0000000000000000     
   12.100000000000001        1.1040167454822008E-002   0.0000000000000000     
   12.200000000000001       -1.0996008893626357E-002   0.0000000000000000     
   12.300000000000001        1.0903795933085497E-002   0.0000000000000000     
   12.400000000000000       -1.0761780102400576E-002   0.0000000000000000     
   12.500000000000000        1.0568541930100485E-002   0.0000000000000000     
   12.600000000000001       -1.0323022618556490E-002   0.0000000000000000     
   12.700000000000001        1.0024552869585287E-002   0.0000000000000000     
   12.800000000000001       -9.6728782864107538E-003   0.0000000000000000     
   12.900000000000000        9.2681808025737410E-003   0.0000000000000000     
   13.000000000000000       -8.8110956254264326E-003   0.0000000000000000     
   13.100000000000001        8.3027232304106573E-003   0.0000000000000000     
   13.200000000000001       -7.7446360023104965E-003   0.0000000000000000     
   13.300000000000001        7.1388791902525965E-003   0.0000000000000000     
   13.400000000000000       -6.4879659234723568E-003   0.0000000000000000     
   13.500000000000000        5.7948661237482253E-003   0.0000000000000000     
   13.600000000000001       -5.0629892463202727E-003   0.0000000000000000     
   13.700000000000001        4.2961608823669532E-003   0.0000000000000000     
   13.800000000000001       -3.4985933609663349E-003   0.0000000000000000     
   13.900000000000000        2.6748505947813551E-003   0.0000000000000000     
   14.000000000000000       -1.8298075191808209E-003   0.0000000000000000     
   14.100000000000001        9.6860457702219530E-004   0.0000000000000000     
   14.200000000000001       -9.6597798761747930E-005   0.0000000000000000     
   14.300000000000001       -7.8069488271240519E-004   0.0000000000000000     
   14.400000000000000        1.6576503630638989E-003   0.0000000000000000     
   14.500000000000000       -2.5285993551278762E-003   0.0000000000000000     
   14.600000000000001        3.3878867919257998E-003   0.0000000000000000     
   14.700000000000001       -4.2299327607386479E-003   0.0000000000000000     
   14.800000000000001        5.0492930606770283E-003   0.0000000000000000     
   14.900000000000000       -5.8407184692400530E-003   0.0000000000000000     
   15.000000000000000        6.5992118138451039E-003   0.0000000000000000     
   15.100000000000001       -7.3200819722638094E-003   0.0000000000000000     
   15.200000000000001        7.9989939713320662E-003   0.0000000000000000     
   15.300000000000001       -8.6320144150936143E-003   0.0000000000000000     
   15.400000000000000        9.2156515507805931E-003   0.0000000000000000     
   15.500000000000000       -9.7468893722683567E-003   0.0000000000000000     
   15.600000000000001        1.0223215263684863E-002   0.0000000000000000     
   15.700000000000001       -1.0642640798954392E-002   0.0000000000000000     
   15.800000000000001        1.1003715433572762E-002   0.0000000000000000     
   15.900000000000000       -1.1305532950134383E-002   0.0000000000000000     
   16.000000000000000        1.1547730646726082E-002   0.0000000000000000     
   16.100000000000001       -1.1730481384085419E-002   0.0000000000000000     
   16.199999999999999        1.1854478730807146E-002   0.0000000000000000     
   16.300000000000001       -1.1920915563373045E-002   0.0000000000000000     
   16.400000000000002        1.1931456586500380E-002   0.0000000000000000     
   16.500000000000000       -1.1888205337300466E-002   0.0000000000000000     
   16.600000000000001        1.1793666321912607E-002   0.0000000000000000     
   16.699999999999999       -1.1650703003834167E-002   0.0000000000000000     
   16.800000000000001        1.1462492418069816E-002   0.0000000000000000     
   16.900000000000002       -1.1232477223340415E-002   0.0000000000000000     
   17.000000000000000        1.0964316025585731E-002   0.0000000000000000     
   17.100000000000001       -1.0661832809836690E-002   0.0000000000000000     
   17.199999999999999        1.0328966304444777E-002   0.0000000000000000     
   17.300000000000001       -9.9697200726662719E-003   0.0000000000000000     
   17.400000000000002        9.5881140825774779E-003   0.0000000000000000     
   17.500000000000000       -9.1881384488599650E-003   0.0000000000000000     
   17.600000000000001        8.7737099710097233E-003   0.0000000000000000     
   17.699999999999999       -8.3486320136050961E-003   0.0000000000000000     
   17.800000000000001        7.9165581880109252E-003   0.0000000000000000     
   17.900000000000002       -7.4809602033020905E-003   0.0000000000000000     
   18.000000000000000        7.0451001593860611E-003   0.0000000000000000     
   18.100000000000001       -6.6120074600999621E-003   0.0000000000000000     
   18.199999999999999        6.1844604300479817E-003   0.0000000000000000     
   18.300000000000001       -5.7649726283846023E-003   0.0000000000000000     
   18.400000000000002        5.3557837678478281E-003   0.0000000000000000     
   18.500000000000000       -4.9588550690670714E-003   0.0000000000000000     
   18.600000000000001        4.5758688104004961E-003   0.0000000000000000     
   18.699999999999999       -4.2082317733182183E-003   0.0000000000000000     
   18.800000000000001        3.8570822330322189E-003   0.0000000000000000     
   18.900000000000002       -3.5233001047681759E-003   0.0000000000000000     
   19.000000000000000        3.2075198275021066E-003   0.0000000000000000     
   19.100000000000001       -2.9101455490573931E-003   0.0000000000000000     
   19.200000000000003        2.6313681692469036E-003   0.0000000000000000     
   19.300000000000001       -2.3711838000918684E-003   0.0000000000000000     
   19.400000000000002        2.1294132135210348E-003   0.0000000000000000     
   19.500000000000000       -1.9057218664903397E-003   0.0000000000000000     
   19.600000000000001        1.6996401197457388E-003   0.0000000000000000     
   19.700000000000003       -1.5105832985701862E-003   0.0000000000000000     
   19.800000000000001        1.3378712804016392E-003   0.0000000000000000     
   19.900000000000002       -1.1807473339884166E-003   0.0000000000000000     
   20.000000000000000        1.0383959766100078E-003   0.0000000000000000     
   20.100000000000001       -9.0995965844087648E-004   0.0000000000000000     
   20.200000000000003        7.9455412558098284E-004   0.0000000000000000     
   20.300000000000001       -6.9128235447401783E-004   0.0000000000000000     
   20.400000000000002        5.9924698946156423E-004   0.0000000000000000     
   20.500000000000000       -5.1756125161962990E-004   0.0000000000000000     
   20.600000000000001        4.4535831997289017E-004   0.0000000000000000     
   20.700000000000003       -3.8179921539330583E-004   0.0000000000000000     
   20.800000000000001        3.2607924266546390E-004   0.0000000000000000     
   20.900000000000002       -2.7743306713777960E-004   0.0000000000000000     
   21.000000000000000        2.3513851925742479E-004   0.0000000000000000     
   21.100000000000001       -1.9851923283697987E-004   0.0000000000000000     
   21.200000000000003        1.6694623166724494E-004   0.0000000000000000     
   21.300000000000001       -1.3983858437215531E-004   0.0000000000000000     
   21.400000000000002        1.1666324897994604E-004   0.0000000000000000     
   21.500000000000000       -9.6934227704955278E-005   0.0000000000000000     
   21.600000000000001        8.0211148935683890E-005   0.0000000000000000     
   21.700000000000003       -6.6097387453491018E-005   0.0000000000000000     
   21.800000000000001        5.4237826830351638E-005   0.0000000000000000     
   21.900000000000002       -4.4316359330693713E-005   0.0000000000000000     
   22.000000000000000        3.6053208981408705E-005   0.0000000000000000     
   22.100000000000001       -2.9202153871249068E-005   0.0000000000000000     
   22.200000000000003        2.3547713442417645E-005   0.0000000000000000     
   22.300000000000001       -1.8902356486761256E-005   0.0000000000000000     
   22.400000000000002        1.5103776119511945E-005   0.0000000000000000     
   22.500000000000000       -1.2012268617435162E-005   0.0000000000000000     
   22.600000000000001        9.5082447038497408E-006   0.0000000000000000     
   22.700000000000003       -7.4898941520111648E-006   0.0000000000000000     
   22.800000000000001        5.8710175882215991E-006   0.0000000000000000     
   22.900000000000002       -4.5790336725009199E-006   0.0000000000000000     
   23.000000000000000        3.5531644812134620E-006   0.0000000000000000     
   23.100000000000001       -2.7427977435113527E-006   0.0000000000000000     
   23.200000000000003        2.1060213209154966E-006   0.0000000000000000     
   23.300000000000001       -1.6083223337145154E-006   0.0000000000000000     
   23.400000000000002        1.2214416009902497E-006   0.0000000000000000     
   23.500000000000000       -9.2237260238123575E-007   0.0000000000000000     
   23.600000000000001        6.9249316327843552E-007   0.0000000000000000     
   23.700000000000003       -5.1681791778475967E-007   0.0000000000000000     
   23.800000000000001        3.8335933272159782E-007   0.0000000000000000     
   23.900000000000002       -2.8258543522352511E-007   0.0000000000000000     
   24.000000000000000        2.0696294123156231E-007   0.0000000000000000     
   24.100000000000001       -1.5057494353562612E-007   0.0000000000000000     
   24.200000000000003        1.0880331270894136E-007   0.0000000000000000     
   24.300000000000001       -7.8066700284853915E-008   0.0000000000000000     
   24.400000000000002        5.5605910882698467E-008   0.0000000000000000     
   24.500000000000000       -3.9309354430801803E-008   0.0000000000000000     
   24.600000000000001        2.7572037794502051E-008   0.0000000000000000     
   24.700000000000003       -1.9182557424905665E-008   0.0000000000000000     
   24.800000000000001        1.3233135036294922E-008   0.0000000000000000     
   24.900000000000002       -9.0484815371416245E-009   0.0000000000000000     
   25.000000000000000        6.1300749494283438E-009   0.0000000000000000     
   25.100000000000001       -4.1127532040627655E-009   0.0000000000000000     
   25.200000000000003        2.7311860067312413E-009   0.0000000000000000     
   25.300000000000001       -1.7941887913418447E-009   0.0000000000000000     
   25.400000000000002        1.1651717240634605E-009   0.0000000000000000     
   25.500000000000000       -7.4745341137962211E-010   0.0000000000000000     
   25.600000000000001        4.7322208516810278E-010   0.0000000000000000     
   25.700000000000003       -2.9536762451382067E-010   0.0000000000000000     
   25.800000000000001        1.8152950058866072E-010   0.0000000000000000     
   25.900000000000002       -1.0968664071332862E-010   0.0000000000000000     
   26.000000000000000        6.5032498055422498E-011   0.0000000000000000     
   26.100000000000001       -3.7749012886387910E-011   0.0000000000000000     
   26.200000000000003        2.1383705875937327E-011   0.0000000000000000     
   26.300000000000001       -1.1769751740119821E-011   0.0000000000000000     
   26.400000000000002        6.2589102332085112E-012   0.0000000000000000     
   26.500000000000000       -3.1870209612337715E-012   0.0000000000000000     
   26.600000000000001        1.5323225733061582E-012   0.0000000000000000     
   26.700000000000003       -6.7703369295359502E-013   0.0000000000000000     
   26.800000000000001        2.5896897917517084E-013   0.0000000000000000     
   26.900000000000002       -7.0266017373846223E-014   0.0000000000000000     
   27.000000000000000       -3.0826090670640368E-015   0.0000000000000000     
   27.100000000000001        2.3354255066495718E-014   0.0000000000000000     
   27.200000000000003       -2.4268878899537930E-014   0.0000000000000000     
   27.300000000000001        1.6915591418700352E-014   0.0000000000000000     
   27.400000000000002       -9.6906831501011660E-015   0.0000000000000000     
   27.500000000000000        5.7740775150292421E-015   0.0000000000000000     
   27.600000000000001       -3.0462476900197256E-015   0.0000000000000000     
   27.700000000000003        1.2946292534300706E-015   0.0000000000000000     
   27.800000000000001        2.3645143188263634E-015   0.0000000000000000     
   27.900000000000002       -4.1652107974469096E-015   0.0000000000000000     
   28.000000000000000        2.6149873762888029E-016   0.0000000000000000     
   28.100000000000001        1.8852143914730689E-015   0.0000000000000000     
   28.200000000000003        2.4971003746552195E-015   0.0000000000000000     
   28.300000000000001       -4.3538379823016541E-015   0.0000000000000000     
   28.400000000000002        3.5569042248525820E-016   0.0000000000000000     
   28.500000000000000        9.0517675426491381E-016   0.0000000000000000     
   28.600000000000001       -9.6407344310577110E-016   0.0000000000000000     
   28.700000000000003        1.0543478245894931E-016   0.0000000000000000     
   28.800000000000001        1.4261727568161520E-015   0.0000000000000000     
   28.900000000000002        7.4805427999196280E-016   0.0000000000000000     
   29.000000000000000        1.0612242655671397E-015   0.0000000000000000     
   29.100000000000001       -2.2579687866487857E-015   0.0000000000000000     
   29.200000000000003       -1.5335813157107015E-015   0.0000000000000000     
   29.300000000000001        2.8730938428511560E-016   0.0000000000000000     
   29.400000000000002        9.2087603783326357E-016   0.0000000000000000     
   29.500000000000000        1.3763149908544724E-017   0.0000000000000000     
   29.600000000000001        6.3835496280664604E-017   0.0000000000000000     
   29.700000000000003        2.2130872341950238E-015   0.0000000000000000     
   29.800000000000001       -2.9569726478406920E-015   0.0000000000000000     
   29.900000000000002        1.7555612087212512E-015   0.0000000000000000     
   30.000000000000000       -2.8662609067790044E-015   0.0000000000000000     
   30.100000000000001        4.4832576156498272E-015   0.0000000000000000     
   30.200000000000003       -4.5180122707858441E-015   0.0000000000000000     
   30.300000000000001        4.6633346616267968E-015   0.0000000000000000     
   30.400000000000002       -4.2645767130780431E-015   0.0000000000000000     
   30.500000000000000        3.4927539142752789E-015   0.0000000000000000     
   30.600000000000001       -4.2887759843746686E-015   0.0000000000000000     
   30.700000000000003        2.1705167082765482E-015   0.0000000000000000     
   30.800000000000001       -1.1451405681938189E-015   0.0000000000000000     
   30.900000000000002        4.2475596366912105E-015   0.0000000000000000     
   31.000000000000000       -4.3210636269323315E-015   0.0000000000000000     
   31.100000000000001        3.6212835772773386E-015   0.0000000000000000     
   31.200000000000003       -1.3807026225039264E-015   0.0000000000000000     
   31.300000000000001        1.9798983824354447E-015   0.0000000000000000     
   31.400000000000002       -6.8832807863138517E-015   0.0000000000000000     
   31.500000000000000        2.2254316367207881E-015   0.0000000000000000     
   31.600000000000001       -2.4465217580191186E-016   0.0000000000000000     
   31.700000000000003        5.3366618316432350E-015   0.0000000000000000     
   31.800000000000001       -3.3500484057684187E-015   0.0000000000000000     
   31.900000000000002        3.3291790954142438E-015   0.0000000000000000     
   32.000000000000000       -2.5722668804544652E-015   0.0000000000000000     
   32.100000000000001        1.9730109475444443E-016   0.0000000000000000     
   32.200000000000003       -4.2743611913318339E-015   0.0000000000000000     
   32.300000000000004        1.0399072152565061E-015   0.0000000000000000     
   32.399999999999999        2.5416233234245847E-015   0.0000000000000000     
   32.500000000000000        1.2098118667182090E-015   0.0000000000000000     
   32.600000000000001        1.3481909887241703E-015   0.0000000000000000     
   32.700000000000003       -1.5497491947805373E-015   0.0000000000000000     
   32.800000000000004        2.9952982225282004E-016   0.0000000000000000     
   32.899999999999999       -4.4769974874560329E-015   0.0000000000000000     
   33.000000000000000        1.3731462294932037E-015   0.0000000000000000     
   33.100000000000001       -4.4841090958504867E-016   0.0000000000000000     
   33.200000000000003        4.2461246600374240E-015   0.0000000000000000     
   33.300000000000004       -9.4664720103685966E-016   0.0000000000000000     
   33.399999999999999        1.5379455978614776E-015   0.0000000000000000     
   33.500000000000000       -2.6223180551862137E-015   0.0000000000000000     
   33.600000000000001       -2.0078231414070546E-016   0.0000000000000000     
   33.700000000000003       -2.7729468596149755E-015   0.0000000000000000     
   33.800000000000004        2.4228186426961980E-015   0.0000000000000000     
   33.899999999999999        1.4766459677127609E-015   0.0000000000000000     
   34.000000000000000        4.8998081328620868E-017   0.0000000000000000     
   34.100000000000001       -1.6766564166637461E-015   0.0000000000000000     
   34.200000000000003       -1.1577421600222500E-015   0.0000000000000000     
   34.300000000000004        4.2569439918351312E-015   0.0000000000000000     
   34.399999999999999       -2.3521118767967107E-015   0.0000000000000000     
   34.500000000000000        6.4893842213630449E-016   0.0000000000000000     
   34.600000000000001       -1.5506198705558671E-015   0.0000000000000000     
   34.700000000000003        3.5179787105866118E-015   0.0000000000000000     
   34.800000000000004       -4.1353967628063931E-015   0.0000000000000000     
   34.899999999999999       -1.8230364372440209E-015   0.0000000000000000     
   35.000000000000000        1.2696712481411514E-015   0.0000000000000000     
   35.100000000000001        3.2929943695140075E-015   0.0000000000000000     
   35.200000000000003        1.6872650718273369E-015   0.0000000000000000     
   35.300000000000004       -1.3624631509401257E-015   0.0000000000000000     
   35.399999999999999       -3.6190800479291052E-016   0.0000000000000000     
   35.500000000000000       -2.4943139315429458E-015   0.0000000000000000     
   35.600000000000001        6.0507719292255076E-016   0.0000000000000000     
   35.700000000000003       -3.0853518337597533E-015   0.0000000000000000     
   35.800000000000004        3.2766571429812706E-015   0.0000000000000000     
   35.899999999999999       -1.2138375345684792E-015   0.0000000000000000     
   36.000000000000000        5.9599903324689382E-015   0.0000000000000000     
   36.100000000000001       -2.0758723521624132E-015   0.0000000000000000     
   36.200000000000003       -4.3374128532389888E-016   0.0000000000000000     
   36.300000000000004       -5.9646956648095006E-016   0.0000000000000000     
   36.399999999999999       -4.9853212721481062E-015   0.0000000000000000     
   36.500000000000000        1.8849946293726909E-015   0.0000000000000000     
   36.600000000000001       -1.0630482867028512E-015   0.0000000000000000     
   36.700000000000003        2.5064590959507903E-015   0.0000000000000000     
   36.800000000000004        1.1395239264839187E-015   0.0000000000000000     
   36.899999999999999        1.8669513551210427E-015   0.0000000000000000     
   37.000000000000000        1.9251297112218054E-015   0.0000000000000000     
   37.100000000000001       -4.2202221984623525E-015   0.0000000000000000     
   37.200000000000003       -1.6390544050759623E-015   0.0000000000000000     
   37.300000000000004        8.9744025312027127E-016   0.0000000000000000     
   37.399999999999999        1.1853935597009137E-015   0.0000000000000000     
   37.500000000000000       -4.1266714596041182E-015   0.0000000000000000     
   37.600000000000001        2.3095291751038658E-015   0.0000000000000000     
   37.700000000000003       -5.3328994047139334E-016   0.0000000000000000     
   37.800000000000004        2.5870785908995066E-015   0.0000000000000000     
   37.899999999999999        4.5137457622478745E-016   0.0000000000000000     
   38.000000000000000       -3.1395123143572402E-016   0.0000000000000000     
   38.100000000000001        1.5066123540259798E-015   0.0000000000000000     
   38.200000000000003       -5.4707982734990091E-016   0.0000000000000000     
   38.300000000000004       -1.7767172753483589E-015   0.0000000000000000     
   38.400000000000006       -3.5879703001733756E-015   0.0000000000000000     
   38.500000000000000        8.2669704003792305E-016   0.0000000000000000     
   38.600000000000001        2.6192152093130971E-016   0.0000000000000000     
   38.700000000000003        3.6249901744620597E-015   0.0000000000000000     
   38.800000000000004        4.9597726709874888E-016   0.0000000000000000     
   38.900000000000006       -1.2680705689971089E-016   0.0000000000000000     
   39.000000000000000        6.4874977175537386E-016   0.0000000000000000     
   39.100000000000001       -5.3573396968765727E-015   0.0000000000000000     
   39.200000000000003        2.8121130367784243E-015   0.0000000000000000     
   39.300000000000004       -2.5546676658743148E-015   0.0000000000000000     
   39.400000000000006        2.9350502515929786E-015   0.0000000000000000     
   39.500000000000000        6.5825920034069198E-016   0.0000000000000000     
   39.600000000000001        3.8636697334680669E-016   0.0000000000000000     
   39.700000000000003        7.8408486399323917E-016   0.0000000000000000     
   39.800000000000004       -3.9076120144384186E-015   0.0000000000000000     
   39.900000000000006        1.9998509671953472E-015   0.0000000000000000     
   40.000000000000000        3.7358326241369882E-016   0.0000000000000000     
   40.100000000000001        1.6356773250974128E-015   0.0000000000000000     
   40.200000000000003       -3.7936652864254046E-015   0.0000000000000000     
   40.300000000000004       -3.2877918680915002E-016   0.0000000000000000     
   40.400000000000006        5.9329734854773940E-016   0.0000000000000000     
   40.500000000000000        9.3551213753075581E-016   0.0000000000000000     
   40.600000000000001        7.2542895531070433E-016   0.0000000000000000     
   40.700000000000003        1.2360366538524214E-015   0.0000000000000000     
   40.800000000000004       -5.1892311776966864E-016   0.0000000000000000     
   40.900000000000006       -8.8530383624878802E-016   0.0000000000000000     
   41.000000000000000       -4.5777226836129542E-016   0.0000000000000000     
   41.100000000000001        1.5828573069727535E-015   0.0000000000000000     
   41.200000000000003       -1.4169969510371802E-015   0.0000000000000000     
   41.300000000000004        1.1423246573396397E-015   0.0000000000000000     
   41.400000000000006       -1.7141408864001156E-015   0.0000000000000000     
   41.500000000000000       -5.0158483693509293E-016   0.0000000000000000     
   41.600000000000001       -2.1292094700633533E-016   0.0000000000000000     
   41.700000000000003        9.2175332893741425E-016   0.0000000000000000     
   41.800000000000004        6.5682211702993544E-016   0.0000000000000000     
   41.900000000000006        2.9997008590314867E-015   0.0000000000000000     
   42.000000000000000       -4.3839203330500695E-015   0.0000000000000000     
   42.100000000000001        1.1090264857434048E-015   0.0000000000000000     
   42.200000000000003        7.2679398174048905E-016   0.0000000000000000     
   42.300000000000004       -1.3066161294815423E-015   0.0000000000000000     
   42.400000000000006        6.6449242280509191E-017   0.0000000000000000     
   42.500000000000000       -5.1435145066375230E-016   0.0000000000000000     
   42.600000000000001        3.4981166861270826E-015   0.0000000000000000     
   42.700000000000003       -2.8088004222344660E-017   0.0000000000000000     
   42.800000000000004       -2.3875594056622951E-015   0.0000000000000000     
   42.900000000000006       -8.6327844076598274E-016   0.0000000000000000     
   43.000000000000000       -1.7634736019975634E-015   0.0000000000000000     
   43.100000000000001        4.6775961920968728E-015   0.0000000000000000     
   43.200000000000003       -3.2745047055482333E-015   0.0000000000000000     
   43.300000000000004        2.3015430792040277E-015   0.0000000000000000     
   43.400000000000006       -1.5712949990274554E-015   0.0000000000000000     
   43.500000000000000        8.0942429600235976E-016   0.0000000000000000     
   43.600000000000001        6.9176997990912865E-016   0.0000000000000000     
   43.700000000000003       -2.6504194587277810E-015   0.0000000000000000     
   43.800000000000004        8.0631290791149149E-016   0.0000000000000000     
   43.900000000000006        1.5336766689089816E-015   0.0000000000000000     
   44.000000000000000        9.8845108080789920E-016   0.0000000000000000     
   44.100000000000001        2.0630325680838023E-017   0.0000000000000000     
   44.200000000000003       -8.9872811007438668E-016   0.0000000000000000     
   44.300000000000004       -1.5710818594688552E-015   0.0000000000000000     
   44.400000000000006       -8.5267037547849723E-016   0.0000000000000000     
   44.500000000000000        2.2711290065812642E-016   0.0000000000000000     
   44.600000000000001        3.4009464079961991E-016   0.0000000000000000     
   44.700000000000003        2.5063703860652826E-015   0.0000000000000000     
   44.800000000000004        1.1530268086968875E-015   0.0000000000000000     
   44.900000000000006       -8.0815044583353976E-016   0.0000000000000000     
   45.000000000000000       -7.2837995449648845E-016   0.0000000000000000     
   45.100000000000001       -3.7968211135218157E-015   0.0000000000000000     
   45.200000000000003        3.1335200194791803E-015   0.0000000000000000     
   45.300000000000004       -5.7908932217463849E-016   0.0000000000000000     
   45.400000000000006       -1.4158763092913279E-015   0.0000000000000000     
   45.500000000000000       -1.3919252838804704E-016   0.0000000000000000     
   45.600000000000001       -1.8158560880381539E-016   0.0000000000000000     
   45.700000000000003        2.5983911286460983E-015   0.0000000000000000     
   45.800000000000004        3.4040023271007112E-017   0.0000000000000000     
   45.900000000000006        5.9130640705204996E-016   0.0000000000000000     
   46.000000000000000        1.7846576369992119E-015   0.0000000000000000     
   46.100000000000001        8.1327813396968999E-018   0.0000000000000000     
   46.200000000000003        3.5656490497696884E-016   0.0000000000000000     
   46.300000000000004       -4.4539648187931282E-015   0.0000000000000000     
   46.400000000000006       -1.2738387278759836E-015   0.0000000000000000     
   46.500000000000000       -1.9150717658773068E-016   0.0000000000000000     
   46.600000000000001       -2.5623792917363465E-016   0.0000000000000000     
   46.700000000000003        1.4313202915934952E-015   0.0000000000000000     
   46.800000000000004        8.6064970569302924E-016   0.0000000000000000     
   46.900000000000006        2.0405002798872078E-015   0.0000000000000000     
   47.000000000000000        3.0161733432278199E-017   0.0000000000000000     
   47.100000000000001       -4.5798207341267048E-016   0.0000000000000000     
   47.200000000000003       -9.2091249696336470E-016   0.0000000000000000     
   47.300000000000004       -3.4085689211806767E-016   0.0000000000000000     
   47.400000000000006       -6.7303249087683217E-016   0.0000000000000000     
   47.500000000000000       -2.1067731858448526E-015   0.0000000000000000     
   47.600000000000001        3.9308810732669391E-015   0.0000000000000000     
   47.700000000000003        1.0203971087708014E-016   0.0000000000000000     
   47.800000000000004        1.9008596328601580E-015   0.0000000000000000     
   47.900000000000006       -3.0302002481960429E-015   0.0000000000000000     
   48.000000000000000       -8.9992717352268808E-016   0.0000000000000000     
   48.100000000000001        6.7990046667440941E-016   0.0000000000000000     
   48.200000000000003       -1.0674819308142585E-015   0.0000000000000000     
   48.300000000000004        2.7364038051632021E-015   0.0000000000000000     
   48.400000000000006       -1.1188937614425919E-015   0.0000000000000000     
   48.500000000000000       -1.7294023718052362E-015   0.0000000000000000     
   48.600000000000001        7.3463813462447922E-016   0.0000000000000000     
   48.700000000000003       -9.5846796274971406E-016   0.0000000000000000     
   48.800000000000004        6.6053705509130317E-016   0.0000000000000000     
   48.900000000000006        1.7088697663310284E-015   0.0000000000000000     
   49.000000000000000       -1.0802935677948803E-015   0.0000000000000000     
   49.100000000000001        1.5236196795505891E-015   0.0000000000000000     
   49.200000000000003        6.0965591872782756E-016   0.0000000000000000     
   49.300000000000004        6.0273383883982703E-016   0.0000000000000000     
   49.400000000000006       -2.3982406853227514E-015   0.0000000000000000     
   49.500000000000000        2.6965623869769045E-016   0.0000000000000000     
   49.600000000000001       -1.5935110586468931E-015   0.0000000000000000     
   49.700000000000003        3.2602519167153699E-015   0.0000000000000000     
   49.800000000000004        2.3457478437689742E-015   0.0000000000000000     
   49.900000000000006        5.0654071924799070E-054   0.0000000000000000     
