   0.0000000000000000        1.8546096957105080E-005   0.0000000000000000     
  0.10000000000000001        1.6444342246824001E-005   0.0000000000000000     
  0.20000000000000001        1.3222834766994937E-005   0.0000000000000000     
  0.30000000000000004        1.4572245515445512E-005   0.0000000000000000     
  0.40000000000000002        8.8712659208466223E-006   0.0000000000000000     
  0.50000000000000000        1.1992388756394536E-005   0.0000000000000000     
  0.60000000000000009        4.2517370408341165E-006   0.0000000000000000     
  0.70000000000000007        1.0070114118900927E-005   0.0000000000000000     
  0.80000000000000004        3.7681265045503137E-007   0.0000000000000000     
  0.90000000000000002        9.5797894250842292E-006   0.0000000000000000     
   1.0000000000000000       -3.1855576318290447E-006   0.0000000000000000     
   1.1000000000000001        1.0367717759761642E-005   0.0000000000000000     
   1.2000000000000002       -6.8753970688895754E-006   0.0000000000000000     
   1.3000000000000000        1.2419547568840574E-005   0.0000000000000000     
   1.4000000000000001       -1.1107471708300291E-005   0.0000000000000000     
   1.5000000000000000        1.5850542183523957E-005   0.0000000000000000     
   1.6000000000000001       -1.6309233234651410E-005   0.0000000000000000     
   1.7000000000000002        2.0901121871409369E-005   0.0000000000000000     
   1.8000000000000000       -2.2955153568334589E-005   0.0000000000000000     
   1.9000000000000001        2.7941120635331249E-005   0.0000000000000000     
   2.0000000000000000       -3.1599145784931009E-005   0.0000000000000000     
   2.1000000000000001        3.7481378328928389E-005   0.0000000000000000     
   2.2000000000000002       -4.2906542732254604E-005   0.0000000000000000     
   2.3000000000000003        5.0191529754071042E-005   0.0000000000000000     
   2.4000000000000004       -5.7686589592610698E-005   0.0000000000000000     
   2.5000000000000000        6.6922959831483724E-005   0.0000000000000000     
   2.6000000000000001       -7.6925904098481342E-005   0.0000000000000000     
   2.7000000000000002        8.8735854521779478E-005   0.0000000000000000     
   2.8000000000000003       -1.0182284333804657E-004   0.0000000000000000     
   2.9000000000000004        1.1692909837563985E-004   0.0000000000000000     
   3.0000000000000000       -1.3382216803058177E-004   0.0000000000000000     
   3.1000000000000001        1.5307145978937957E-004   0.0000000000000000     
   3.2000000000000002       -1.7464880109078533E-004   0.0000000000000000     
   3.3000000000000003        1.9903207679586356E-004   0.0000000000000000     
   3.4000000000000004       -2.2633883370363309E-004   0.0000000000000000     
   3.5000000000000000        2.5700772908594614E-004   0.0000000000000000     
   3.6000000000000001       -2.9126524749880744E-004   0.0000000000000000     
   3.7000000000000002        3.2954378402445312E-004   0.0000000000000000     
   3.8000000000000003       -3.7215511865226850E-004   0.0000000000000000     
   3.9000000000000004        4.1954507676449050E-004   0.0000000000000000     
   4.0000000000000000       -4.7209438695879313E-004   0.0000000000000000     
   4.1000000000000005        5.3027238162723592E-004   0.0000000000000000     
   4.2000000000000002       -5.9451566570159812E-004   0.0000000000000000     
   4.2999999999999998        6.6531962318570523E-004   0.0000000000000000     
   4.4000000000000004       -7.4316410836401518E-004   0.0000000000000000     
   4.5000000000000000        8.2856664524315186E-004   0.0000000000000000     
   4.6000000000000005       -9.2203612241683849E-004   0.0000000000000000     
   4.7000000000000002        1.0241022998380136E-003   0.0000000000000000     
   4.8000000000000007       -1.1352858262292493E-003   0.0000000000000000     
   4.9000000000000004        1.2561129391899122E-003   0.0000000000000000     
   5.0000000000000000       -1.3870946838073898E-003   0.0000000000000000     
   5.1000000000000005        1.5287321929738089E-003   0.0000000000000000     
   5.2000000000000002       -1.6815008198640118E-003   0.0000000000000000     
   5.3000000000000007        1.8458492822212658E-003   0.0000000000000000     
   5.4000000000000004       -2.0221861938837750E-003   0.0000000000000000     
   5.5000000000000000        2.2108751251366165E-003   0.0000000000000000     
   5.6000000000000005       -2.4122221444301578E-003   0.0000000000000000     
   5.7000000000000002        2.6264681574630282E-003   0.0000000000000000     
   5.8000000000000007       -2.8537768059963080E-003   0.0000000000000000     
   5.9000000000000004        3.0942250938589860E-003   0.0000000000000000     
   6.0000000000000000       -3.3477914909138687E-003   0.0000000000000000     
   6.1000000000000005        3.6143457029143696E-003   0.0000000000000000     
   6.2000000000000002       -3.8936371859654363E-003   0.0000000000000000     
   6.3000000000000007        4.1852848839116193E-003   0.0000000000000000     
   6.4000000000000004       -4.4887666217920648E-003   0.0000000000000000     
   6.5000000000000000        4.8034096611106903E-003   0.0000000000000000     
   6.6000000000000005       -5.1283816340809410E-003   0.0000000000000000     
   6.7000000000000002        5.4626828118974893E-003   0.0000000000000000     
   6.8000000000000007       -5.8051393727325323E-003   0.0000000000000000     
   6.9000000000000004        6.1543983096128893E-003   0.0000000000000000     
   7.0000000000000000       -6.5089238922044273E-003   0.0000000000000000     
   7.1000000000000005        6.8669961343533802E-003   0.0000000000000000     
   7.2000000000000002       -7.2267113062244766E-003   0.0000000000000000     
   7.3000000000000007        7.5859848173907502E-003   0.0000000000000000     
   7.4000000000000004       -7.9425565546100228E-003   0.0000000000000000     
   7.5000000000000000        8.2939989007123870E-003   0.0000000000000000     
   7.6000000000000005       -8.6377275086492629E-003   0.0000000000000000     
   7.7000000000000002        8.9710149620014414E-003   0.0000000000000000     
   7.8000000000000007       -9.2910073468929523E-003   0.0000000000000000     
   7.9000000000000004        9.5947437665237067E-003   0.0000000000000000     
   8.0000000000000000       -9.8791787451722526E-003   0.0000000000000000     
   8.0999999999999996        1.0141207444629208E-002   0.0000000000000000     
   8.2000000000000011       -1.0377693542249678E-002   0.0000000000000000     
   8.3000000000000007        1.0585499578823845E-002   0.0000000000000000     
   8.4000000000000004       -1.0761519517277983E-002   0.0000000000000000     
   8.5000000000000000        1.0902713204808472E-002   0.0000000000000000     
   8.5999999999999996       -1.1006142370489580E-002   0.0000000000000000     
   8.7000000000000011        1.1069007742415990E-002   0.0000000000000000     
   8.8000000000000007       -1.1088686817255963E-002   0.0000000000000000     
   8.9000000000000004        1.1062771774376980E-002   0.0000000000000000     
   9.0000000000000000       -1.0989106988649414E-002   0.0000000000000000     
   9.0999999999999996        1.0865825568695963E-002   0.0000000000000000     
   9.2000000000000011       -1.0691384326714268E-002   0.0000000000000000     
   9.3000000000000007        1.0464596576737241E-002   0.0000000000000000     
   9.4000000000000004       -1.0184662158816736E-002   0.0000000000000000     
   9.5000000000000000        9.8511940991809072E-003   0.0000000000000000     
   9.6000000000000014       -9.4642413403280296E-003   0.0000000000000000     
   9.7000000000000011        9.0243070115455376E-003   0.0000000000000000     
   9.8000000000000007       -8.5323617583006293E-003   0.0000000000000000     
   9.9000000000000004        7.9898517088525262E-003   0.0000000000000000     
   10.000000000000000       -7.3987007272680845E-003   0.0000000000000000     
   10.100000000000001        6.7613066827564745E-003   0.0000000000000000     
   10.200000000000001       -6.0805315549175114E-003   0.0000000000000000     
   10.300000000000001        5.3596852916205431E-003   0.0000000000000000     
   10.400000000000000       -4.6025034387502835E-003   0.0000000000000000     
   10.500000000000000        3.8131186674920194E-003   0.0000000000000000     
   10.600000000000001       -2.9960264328625225E-003   0.0000000000000000     
   10.700000000000001        2.1560451044859603E-003   0.0000000000000000     
   10.800000000000001       -1.2982710151046664E-003   0.0000000000000000     
   10.900000000000000        4.2802897156599492E-004   0.0000000000000000     
   11.000000000000000        4.4918113529185649E-004   0.0000000000000000     
   11.100000000000001       -1.3277409034015701E-003   0.0000000000000000     
   11.200000000000001        2.2019723861291000E-003   0.0000000000000000     
   11.300000000000001       -3.0661986073326208E-003   0.0000000000000000     
   11.400000000000000        3.9148047376337744E-003   0.0000000000000000     
   11.500000000000000       -4.7422990193488196E-003   0.0000000000000000     
   11.600000000000001        5.5433725193438175E-003   0.0000000000000000     
   11.700000000000001       -6.3129567985770055E-003   0.0000000000000000     
   11.800000000000001        7.0462786143260505E-003   0.0000000000000000     
   11.900000000000000       -7.7389108157924526E-003   0.0000000000000000     
   12.000000000000000        8.3868186551256784E-003   0.0000000000000000     
   12.100000000000001       -8.9864008127548290E-003   0.0000000000000000     
   12.200000000000001        9.5345245268035079E-003   0.0000000000000000     
   12.300000000000001       -1.0028554319302461E-002   0.0000000000000000     
   12.400000000000000        1.0466373924746312E-002   0.0000000000000000     
   12.500000000000000       -1.0846401146939685E-002   0.0000000000000000     
   12.600000000000001        1.1167595495296945E-002   0.0000000000000000     
   12.700000000000001       -1.1429458579118375E-002   0.0000000000000000     
   12.800000000000001        1.1632027365103798E-002   0.0000000000000000     
   12.900000000000000       -1.1775860526689601E-002   0.0000000000000000     
   13.000000000000000        1.1862018231106729E-002   0.0000000000000000     
   13.100000000000001       -1.1892035818775626E-002   0.0000000000000000     
   13.200000000000001        1.1867891927574139E-002   0.0000000000000000     
   13.300000000000001       -1.1791971699734817E-002   0.0000000000000000     
   13.400000000000000        1.1667025779787524E-002   0.0000000000000000     
   13.500000000000000       -1.1496125867002861E-002   0.0000000000000000     
   13.600000000000001        1.1282617624369431E-002   0.0000000000000000     
   13.700000000000001       -1.1030071767542251E-002   0.0000000000000000     
   13.800000000000001        1.0742234161691318E-002   0.0000000000000000     
   13.900000000000000       -1.0422975742086390E-002   0.0000000000000000     
   14.000000000000000        1.0076243046139197E-002   0.0000000000000000     
   14.100000000000001       -9.7060101019673193E-003   0.0000000000000000     
   14.200000000000001        9.3162323626192374E-003   0.0000000000000000     
   14.300000000000001       -8.9108033075450711E-003   0.0000000000000000     
   14.400000000000000        8.4935142559603629E-003   0.0000000000000000     
   14.500000000000000       -8.0680178523243242E-003   0.0000000000000000     
   14.600000000000001        7.6377955944420357E-003   0.0000000000000000     
   14.700000000000001       -7.2061296821302806E-003   0.0000000000000000     
   14.800000000000001        6.7760793709883433E-003   0.0000000000000000     
   14.900000000000000       -6.3504619238084785E-003   0.0000000000000000     
   15.000000000000000        5.9318381635538008E-003   0.0000000000000000     
   15.100000000000001       -5.5225025483524141E-003   0.0000000000000000     
   15.200000000000001        5.1244776122766214E-003   0.0000000000000000     
   15.300000000000001       -4.7395125470479421E-003   0.0000000000000000     
   15.400000000000000        4.3690856403311587E-003   0.0000000000000000     
   15.500000000000000       -4.0144102367036345E-003   0.0000000000000000     
   15.600000000000001        3.6764438480797572E-003   0.0000000000000000     
   15.700000000000001       -3.3559000116860473E-003   0.0000000000000000     
   15.800000000000001        3.0532624753905613E-003   0.0000000000000000     
   15.900000000000000       -2.7688012818928628E-003   0.0000000000000000     
   16.000000000000000        2.5025903246031294E-003   0.0000000000000000     
   16.100000000000001       -2.2545259579974759E-003   0.0000000000000000     
   16.199999999999999        2.0243462629467280E-003   0.0000000000000000     
   16.300000000000001       -1.8116505920515676E-003   0.0000000000000000     
   16.400000000000002        1.6159190500463249E-003   0.0000000000000000     
   16.500000000000000       -1.4365315988018195E-003   0.0000000000000000     
   16.600000000000001        1.2727865141474539E-003   0.0000000000000000     
   16.699999999999999       -1.1239179614013276E-003   0.0000000000000000     
   16.800000000000001        9.8911249717743279E-004   0.0000000000000000     
   16.900000000000002       -8.6752434552365987E-004   0.0000000000000000     
   17.000000000000000        7.5828933590680724E-004   0.0000000000000000     
   17.100000000000001       -6.6053742825798625E-004   0.0000000000000000     
   17.199999999999999        5.7340378528626234E-004   0.0000000000000000     
   17.300000000000001       -4.9603838428925284E-004   0.0000000000000000     
   17.400000000000002        4.2761418925852708E-004   0.0000000000000000     
   17.500000000000000       -3.6733392869837652E-004   0.0000000000000000     
   17.600000000000001        3.1443554543667121E-004   0.0000000000000000     
   17.699999999999999       -2.6819640157770019E-004   0.0000000000000000     
   17.800000000000001        2.2793633466182671E-004   0.0000000000000000     
   17.900000000000002       -1.9301967045375786E-004   0.0000000000000000     
   18.000000000000000        1.6285630351887468E-004   0.0000000000000000     
   18.100000000000001       -1.3690195939173504E-004   0.0000000000000000     
   18.199999999999999        1.1465775208340335E-004   0.0000000000000000     
   18.300000000000001       -9.5669147948111005E-005   0.0000000000000000     
   18.400000000000002        7.9524442349170429E-005   0.0000000000000000     
   18.500000000000000       -6.5852849358729568E-005   0.0000000000000000     
   18.600000000000001        5.4322297027614235E-005   0.0000000000000000     
   18.699999999999999       -4.4637012424325755E-005   0.0000000000000000     
   18.800000000000001        3.6534971652609262E-005   0.0000000000000000     
   18.900000000000002       -2.9785280644731646E-005   0.0000000000000000     
   19.000000000000000        2.4185543398821396E-005   0.0000000000000000     
   19.100000000000001       -1.9559265258431519E-005   0.0000000000000000     
   19.200000000000003        1.5753330101045500E-005   0.0000000000000000     
   19.300000000000001       -1.2635582363657909E-005   0.0000000000000000     
   19.400000000000002        1.0092537375782928E-005   0.0000000000000000     
   19.500000000000000       -8.0272367621004489E-006   0.0000000000000000     
   19.600000000000001        6.3572598821335229E-006   0.0000000000000000     
   19.700000000000003       -5.0128970968175871E-006   0.0000000000000000     
   19.800000000000001        3.9354863468973248E-006   0.0000000000000000     
   19.900000000000002       -3.0759110506697199E-006   0.0000000000000000     
   20.000000000000000        2.3932543711812119E-006   0.0000000000000000     
   20.100000000000001       -1.8536026818807618E-006   0.0000000000000000     
   20.200000000000003        1.4289895340230949E-006   0.0000000000000000     
   20.300000000000001       -1.0964702561554758E-006   0.0000000000000000     
   20.400000000000002        8.3731658717633261E-007   0.0000000000000000     
   20.500000000000000       -6.3632054793199474E-007   0.0000000000000000     
   20.600000000000001        4.8119675846334294E-007   0.0000000000000000     
   20.700000000000003       -3.6207257884613884E-007   0.0000000000000000     
   20.800000000000001        2.7105598915266451E-007   0.0000000000000000     
   20.900000000000002       -2.0187172881754274E-007   0.0000000000000000     
   21.000000000000000        1.4955680634630368E-007   0.0000000000000000     
   21.100000000000001       -1.1020729746826461E-007   0.0000000000000000     
   21.200000000000003        8.0769141093896562E-008   0.0000000000000000     
   21.300000000000001       -5.8866340322907503E-008   0.0000000000000000     
   21.400000000000002        4.2660749941509199E-008   0.0000000000000000     
   21.500000000000000       -3.0738375857114860E-008   0.0000000000000000     
   21.600000000000001        2.2017756813725227E-008   0.0000000000000000     
   21.700000000000003       -1.5676577929620565E-008   0.0000000000000000     
   21.800000000000001        1.1093254328711850E-008   0.0000000000000000     
   21.900000000000002       -7.8007553906760297E-009   0.0000000000000000     
   22.000000000000000        5.4503158792254282E-009   0.0000000000000000     
   22.100000000000001       -3.7830988030720999E-009   0.0000000000000000     
   22.200000000000003        2.6082288102262278E-009   0.0000000000000000     
   22.300000000000001       -1.7858393696642927E-009   0.0000000000000000     
   22.400000000000002        1.2141090258033743E-009   0.0000000000000000     
   22.500000000000000       -8.1942778679883089E-010   0.0000000000000000     
   22.600000000000001        5.4892948830677896E-010   0.0000000000000000     
   22.700000000000003       -3.6490352559270964E-010   0.0000000000000000     
   22.800000000000001        2.4065561846311502E-010   0.0000000000000000     
   22.900000000000002       -1.5742244335601262E-010   0.0000000000000000     
   23.000000000000000        1.0211396412888686E-010   0.0000000000000000     
   23.100000000000001       -6.5664158918357312E-011   0.0000000000000000     
   23.200000000000003        4.1843655428735988E-011   0.0000000000000000     
   23.300000000000001       -2.6418679722946415E-011   0.0000000000000000     
   23.400000000000002        1.6521455124805878E-011   0.0000000000000000     
   23.500000000000000       -1.0227239082576717E-011   0.0000000000000000     
   23.600000000000001        6.2665695838917354E-012   0.0000000000000000     
   23.700000000000003       -3.7975011930929411E-012   0.0000000000000000     
   23.800000000000001        2.2750376038012033E-012   0.0000000000000000     
   23.900000000000002       -1.3492682464848667E-012   0.0000000000000000     
   24.000000000000000        7.8881774829955645E-013   0.0000000000000000     
   24.100000000000001       -4.5540922575227940E-013   0.0000000000000000     
   24.200000000000003        2.6053759658438970E-013   0.0000000000000000     
   24.300000000000001       -1.4729293129397817E-013   0.0000000000000000     
   24.400000000000002        8.4194769202164374E-014   0.0000000000000000     
   24.500000000000000       -4.4790951558390645E-014   0.0000000000000000     
   24.600000000000001        2.2478880915705740E-014   0.0000000000000000     
   24.700000000000003       -1.4167392066821536E-014   0.0000000000000000     
   24.800000000000001        7.6371326189938787E-015   0.0000000000000000     
   24.900000000000002       -3.8128667214500444E-015   0.0000000000000000     
   25.000000000000000        4.3675719178946296E-016   0.0000000000000000     
   25.100000000000001        9.8600931860762751E-016   0.0000000000000000     
   25.200000000000003        3.6505293746026854E-015   0.0000000000000000     
   25.300000000000001       -1.5279057831320371E-015   0.0000000000000000     
   25.400000000000002       -1.5669050618092866E-015   0.0000000000000000     
   25.500000000000000       -2.5542088722053328E-015   0.0000000000000000     
   25.600000000000001        2.3417717889519737E-015   0.0000000000000000     
   25.700000000000003       -8.9449675270096412E-016   0.0000000000000000     
   25.800000000000001        3.3451431194731039E-016   0.0000000000000000     
   25.900000000000002        5.6310785465146507E-016   0.0000000000000000     
   26.000000000000000        2.5726469661897622E-015   0.0000000000000000     
   26.100000000000001       -6.9668727923842311E-016   0.0000000000000000     
   26.200000000000003       -4.1073792339687673E-015   0.0000000000000000     
   26.300000000000001        2.0935978904588417E-015   0.0000000000000000     
   26.400000000000002       -5.1493522390712444E-016   0.0000000000000000     
   26.500000000000000        2.7301872033954810E-015   0.0000000000000000     
   26.600000000000001       -4.0519448108500805E-015   0.0000000000000000     
   26.700000000000003        2.4789650605039262E-015   0.0000000000000000     
   26.800000000000001       -2.7740293970170199E-015   0.0000000000000000     
   26.900000000000002        5.3396279868414616E-015   0.0000000000000000     
   27.000000000000000       -2.7470539213634708E-015   0.0000000000000000     
   27.100000000000001        2.8161528449938379E-015   0.0000000000000000     
   27.200000000000003       -5.4815294102942395E-015   0.0000000000000000     
   27.300000000000001        7.8457961107463020E-016   0.0000000000000000     
   27.400000000000002       -2.0310472694540012E-015   0.0000000000000000     
   27.500000000000000        6.1109630128045540E-015   0.0000000000000000     
   27.600000000000001       -9.0880023913761415E-016   0.0000000000000000     
   27.700000000000003        1.7281012356978981E-015   0.0000000000000000     
   27.800000000000001       -5.8186456475478827E-015   0.0000000000000000     
   27.900000000000002        3.9508111317415743E-015   0.0000000000000000     
   28.000000000000000       -3.8283458469937662E-015   0.0000000000000000     
   28.100000000000001        1.9435025261438937E-015   0.0000000000000000     
   28.200000000000003       -2.1869691980411892E-015   0.0000000000000000     
   28.300000000000001        6.6146078811401351E-015   0.0000000000000000     
   28.400000000000002       -4.4428045645220153E-015   0.0000000000000000     
   28.500000000000000        2.4731174937544572E-015   0.0000000000000000     
   28.600000000000001       -3.4504425538358784E-015   0.0000000000000000     
   28.700000000000003        2.8926539654686519E-015   0.0000000000000000     
   28.800000000000001       -1.4958636719940565E-015   0.0000000000000000     
   28.900000000000002       -2.8031464930120773E-015   0.0000000000000000     
   29.000000000000000        1.4603493167295709E-015   0.0000000000000000     
   29.100000000000001        2.6235852173253322E-015   0.0000000000000000     
   29.200000000000003       -1.1626628135317965E-015   0.0000000000000000     
   29.300000000000001        1.5284055725265522E-015   0.0000000000000000     
   29.400000000000002        8.6086141419195981E-016   0.0000000000000000     
   29.500000000000000       -2.7194381130789137E-015   0.0000000000000000     
   29.600000000000001        6.6903004124571021E-016   0.0000000000000000     
   29.700000000000003       -4.0717995370575477E-015   0.0000000000000000     
   29.800000000000001        4.2329644137678104E-015   0.0000000000000000     
   29.900000000000002       -2.7418805102484843E-015   0.0000000000000000     
   30.000000000000000        1.7943347025143100E-015   0.0000000000000000     
   30.100000000000001        2.5776461252353599E-016   0.0000000000000000     
   30.200000000000003        4.4728034792857651E-015   0.0000000000000000     
   30.300000000000001       -3.3621703163734067E-016   0.0000000000000000     
   30.400000000000002       -3.3373272450287444E-015   0.0000000000000000     
   30.500000000000000       -4.2454025276641090E-015   0.0000000000000000     
   30.600000000000001        6.2254480107996095E-018   0.0000000000000000     
   30.700000000000003        4.5139079841789240E-016   0.0000000000000000     
   30.800000000000001        2.1475531517512813E-015   0.0000000000000000     
   30.900000000000002        4.6147837785159370E-015   0.0000000000000000     
   31.000000000000000       -7.5971255683913928E-016   0.0000000000000000     
   31.100000000000001        1.1203445051903994E-015   0.0000000000000000     
   31.200000000000003       -5.3827313982578594E-015   0.0000000000000000     
   31.300000000000001        1.0414341698584347E-015   0.0000000000000000     
   31.400000000000002       -2.6389218731721422E-015   0.0000000000000000     
   31.500000000000000        1.1150369298275617E-015   0.0000000000000000     
   31.600000000000001       -6.4792938960690161E-016   0.0000000000000000     
   31.700000000000003        4.0780519143445778E-015   0.0000000000000000     
   31.800000000000001        1.6316867667535450E-015   0.0000000000000000     
   31.900000000000002       -3.0590491838829647E-015   0.0000000000000000     
   32.000000000000000        2.0288425424260798E-015   0.0000000000000000     
   32.100000000000001       -3.8643221898110095E-015   0.0000000000000000     
   32.200000000000003        3.0625976896199573E-015   0.0000000000000000     
   32.300000000000004       -3.4071687829577136E-015   0.0000000000000000     
   32.399999999999999        1.5672329964569088E-015   0.0000000000000000     
   32.500000000000000       -9.1376169224114752E-017   0.0000000000000000     
   32.600000000000001       -1.1067048261803046E-016   0.0000000000000000     
   32.700000000000003        6.2446962587944337E-016   0.0000000000000000     
   32.800000000000004        1.2599934978440865E-015   0.0000000000000000     
   32.899999999999999       -5.2180934234568403E-016   0.0000000000000000     
   33.000000000000000        4.3985980917948172E-017   0.0000000000000000     
   33.100000000000001        9.0727503297618931E-016   0.0000000000000000     
   33.200000000000003       -2.7192337720005342E-015   0.0000000000000000     
   33.300000000000004        5.3976628931048752E-016   0.0000000000000000     
   33.399999999999999       -1.4179572478370656E-015   0.0000000000000000     
   33.500000000000000        6.3158594211092090E-016   0.0000000000000000     
   33.600000000000001        2.6347742191597184E-015   0.0000000000000000     
   33.700000000000003        2.4363351948806101E-016   0.0000000000000000     
   33.800000000000004       -5.8489464555890813E-016   0.0000000000000000     
   33.899999999999999       -2.5663562903401561E-015   0.0000000000000000     
   34.000000000000000        3.4098836197216313E-015   0.0000000000000000     
   34.100000000000001       -3.4136347263510613E-015   0.0000000000000000     
   34.200000000000003        1.7075403769535403E-015   0.0000000000000000     
   34.300000000000004       -7.1773526756637689E-016   0.0000000000000000     
   34.399999999999999        1.6500758586825095E-015   0.0000000000000000     
   34.500000000000000        1.1332242187615784E-016   0.0000000000000000     
   34.600000000000001       -2.3648018337632729E-015   0.0000000000000000     
   34.700000000000003        1.3215356414252407E-015   0.0000000000000000     
   34.800000000000004       -2.1713823098944021E-015   0.0000000000000000     
   34.899999999999999        3.2886990294925539E-015   0.0000000000000000     
   35.000000000000000       -6.4368311618829320E-016   0.0000000000000000     
   35.100000000000001       -2.7934387850213104E-016   0.0000000000000000     
   35.200000000000003       -2.4933686318498833E-016   0.0000000000000000     
   35.300000000000004        8.0027468393078210E-019   0.0000000000000000     
   35.399999999999999        2.6236443424376458E-015   0.0000000000000000     
   35.500000000000000       -4.9394757865081414E-015   0.0000000000000000     
   35.600000000000001        1.5707995801051124E-015   0.0000000000000000     
   35.700000000000003       -1.4561116056772339E-015   0.0000000000000000     
   35.800000000000004        2.1750363749439043E-015   0.0000000000000000     
   35.899999999999999        1.8621463268159897E-015   0.0000000000000000     
   36.000000000000000       -4.7910808258000041E-016   0.0000000000000000     
   36.100000000000001       -7.9591524805135943E-016   0.0000000000000000     
   36.200000000000003       -1.3379013101988325E-015   0.0000000000000000     
   36.300000000000004        6.6398417754539511E-017   0.0000000000000000     
   36.399999999999999        5.6648743536921168E-016   0.0000000000000000     
   36.500000000000000       -3.2780144544113334E-016   0.0000000000000000     
   36.600000000000001        8.1347826436561578E-016   0.0000000000000000     
   36.700000000000003        1.1736015421097469E-015   0.0000000000000000     
   36.800000000000004       -4.4673490171512470E-015   0.0000000000000000     
   36.899999999999999        2.6556197592573541E-015   0.0000000000000000     
   37.000000000000000        9.4218165941581059E-016   0.0000000000000000     
   37.100000000000001        1.2764047856413342E-015   0.0000000000000000     
   37.200000000000003       -7.9239117196385496E-016   0.0000000000000000     
   37.300000000000004       -2.4933470855484464E-015   0.0000000000000000     
   37.399999999999999        3.5812636524435704E-016   0.0000000000000000     
   37.500000000000000        6.0821998814356294E-016   0.0000000000000000     
   37.600000000000001        1.0483638574291459E-015   0.0000000000000000     
   37.700000000000003       -2.3142974174099713E-016   0.0000000000000000     
   37.800000000000004       -2.3469975219167440E-015   0.0000000000000000     
   37.899999999999999        3.1387806373301058E-015   0.0000000000000000     
   38.000000000000000       -1.8566568282940629E-015   0.0000000000000000     
   38.100000000000001        2.2703295871597174E-015   0.0000000000000000     
   38.200000000000003       -2.3308636634697419E-015   0.0000000000000000     
   38.300000000000004        5.5144308780442367E-016   0.0000000000000000     
   38.400000000000006       -5.2341671898461412E-017   0.0000000000000000     
   38.500000000000000        9.4644876079116640E-016   0.0000000000000000     
   38.600000000000001       -4.9409849204493923E-016   0.0000000000000000     
   38.700000000000003       -1.6317754724475128E-015   0.0000000000000000     
   38.800000000000004        5.9004127512895794E-016   0.0000000000000000     
   38.900000000000006        1.5847541753729971E-016   0.0000000000000000     
   39.000000000000000        2.7651264994036068E-015   0.0000000000000000     
   39.100000000000001       -1.2820299334384607E-015   0.0000000000000000     
   39.200000000000003       -1.6565319570665595E-015   0.0000000000000000     
   39.300000000000004        2.3024037170904315E-015   0.0000000000000000     
   39.400000000000006       -4.4089868396820572E-015   0.0000000000000000     
   39.500000000000000        2.1624663738563640E-015   0.0000000000000000     
   39.600000000000001       -6.6997269707532612E-016   0.0000000000000000     
   39.700000000000003        3.8517196017056532E-015   0.0000000000000000     
   39.800000000000004        4.8802326883055788E-016   0.0000000000000000     
   39.900000000000006       -1.9586936153096764E-015   0.0000000000000000     
   40.000000000000000       -1.8164858497074928E-015   0.0000000000000000     
   40.100000000000001       -2.2950888219713597E-015   0.0000000000000000     
   40.200000000000003        1.4677802125269588E-016   0.0000000000000000     
   40.300000000000004        3.5804979508795847E-015   0.0000000000000000     
   40.400000000000006        3.7706249324979583E-016   0.0000000000000000     
   40.500000000000000        1.7709130097223194E-015   0.0000000000000000     
   40.600000000000001       -9.9843284375484954E-016   0.0000000000000000     
   40.700000000000003       -1.8927100423047959E-015   0.0000000000000000     
   40.800000000000004       -8.8635249759116514E-016   0.0000000000000000     
   40.900000000000006        3.4771686139013871E-016   0.0000000000000000     
   41.000000000000000       -1.5491264942016193E-015   0.0000000000000000     
   41.100000000000001        5.7983439329661521E-016   0.0000000000000000     
   41.200000000000003        3.1315688980430553E-015   0.0000000000000000     
   41.300000000000004       -7.5867676196299859E-017   0.0000000000000000     
   41.400000000000006        1.7631260524048648E-015   0.0000000000000000     
   41.500000000000000       -3.0513937533950497E-015   0.0000000000000000     
   41.600000000000001       -1.3277170291210417E-015   0.0000000000000000     
   41.700000000000003       -1.3038000361416716E-015   0.0000000000000000     
   41.800000000000004       -4.3730116555904325E-016   0.0000000000000000     
   41.900000000000006        4.0402124650041539E-015   0.0000000000000000     
   42.000000000000000        2.3161701142169918E-016   0.0000000000000000     
   42.100000000000001       -4.5327999657019789E-016   0.0000000000000000     
   42.200000000000003        1.0204276863228009E-015   0.0000000000000000     
   42.300000000000004       -6.3707275486119303E-016   0.0000000000000000     
   42.400000000000006        2.6431172419686829E-016   0.0000000000000000     
   42.500000000000000       -3.8126711094534964E-015   0.0000000000000000     
   42.600000000000001        7.7891728512410790E-017   0.0000000000000000     
   42.700000000000003        2.4839553645765429E-016   0.0000000000000000     
   42.800000000000004        1.3890530979643515E-015   0.0000000000000000     
   42.900000000000006        1.0842755448838080E-015   0.0000000000000000     
   43.000000000000000       -6.9188228383914059E-016   0.0000000000000000     
   43.100000000000001        5.0654117015771305E-016   0.0000000000000000     
   43.200000000000003        1.3259057848662919E-015   0.0000000000000000     
   43.300000000000004        2.8244397768749857E-015   0.0000000000000000     
   43.400000000000006       -3.3540153208295110E-015   0.0000000000000000     
   43.500000000000000       -2.0074245587568051E-015   0.0000000000000000     
   43.600000000000001       -8.2337330219446954E-016   0.0000000000000000     
   43.700000000000003       -2.5679492268194288E-015   0.0000000000000000     
   43.800000000000004        2.2343433427167582E-015   0.0000000000000000     
   43.900000000000006        1.2769297184730779E-016   0.0000000000000000     
   44.000000000000000        4.3850923803035521E-015   0.0000000000000000     
   44.100000000000001        2.4632666953514723E-015   0.0000000000000000     
   44.200000000000003       -1.8142028894093168E-015   0.0000000000000000     
   44.300000000000004       -4.1137842727720292E-015   0.0000000000000000     
   44.400000000000006       -1.5260999902222445E-015   0.0000000000000000     
   44.500000000000000       -7.1063220604722825E-017   0.0000000000000000     
   44.600000000000001        1.0467583605458714E-015   0.0000000000000000     
   44.700000000000003        9.9595628695242738E-016   0.0000000000000000     
   44.800000000000004        3.0259709187079626E-015   0.0000000000000000     
   44.900000000000006        4.9009946269673482E-016   0.0000000000000000     
   45.000000000000000       -1.4586605727091274E-015   0.0000000000000000     
   45.100000000000001       -2.1597714982654595E-015   0.0000000000000000     
   45.200000000000003       -4.2015111187441977E-016   0.0000000000000000     
   45.300000000000004       -5.2099183854229556E-016   0.0000000000000000     
   45.400000000000006        5.4276304636056725E-016   0.0000000000000000     
   45.500000000000000        1.9952624014825398E-015   0.0000000000000000     
   45.600000000000001       -2.5768160592998933E-015   0.0000000000000000     
   45.700000000000003        9.7838119156090144E-016   0.0000000000000000     
   45.800000000000004        3.5864041771215080E-016   0.0000000000000000     
   45.900000000000006        1.7265698381695360E-015   0.0000000000000000     
   46.000000000000000        5.6286735822121223E-016   0.0000000000000000     
   46.100000000000001       -7.5262874157981396E-016   0.0000000000000000     
   46.200000000000003       -1.5580333104049773E-015   0.0000000000000000     
   46.300000000000004        2.7600966863548933E-015   0.0000000000000000     
   46.400000000000006       -3.8894049444153172E-015   0.0000000000000000     
   46.500000000000000       -2.6409023562977838E-015   0.0000000000000000     
   46.600000000000001        2.8799323051684910E-015   0.0000000000000000     
   46.700000000000003        2.5177446991645254E-015   0.0000000000000000     
   46.800000000000004        4.9462172349055956E-017   0.0000000000000000     
   46.900000000000006       -1.1639794911486317E-015   0.0000000000000000     
   47.000000000000000        5.3159633156561020E-016   0.0000000000000000     
   47.100000000000001       -6.6190658441415784E-016   0.0000000000000000     
   47.200000000000003       -7.4674748239845942E-016   0.0000000000000000     
   47.300000000000004       -1.1398851149667043E-015   0.0000000000000000     
   47.400000000000006        1.6352001523474733E-015   0.0000000000000000     
   47.500000000000000        1.8619797276569723E-015   0.0000000000000000     
   47.600000000000001       -1.3770555250807911E-015   0.0000000000000000     
   47.700000000000003       -3.4966317277602112E-016   0.0000000000000000     
   47.800000000000004        1.4901310301775923E-015   0.0000000000000000     
   47.900000000000006       -2.1708676695142590E-015   0.0000000000000000     
   48.000000000000000        5.2374526075637494E-017   0.0000000000000000     
   48.100000000000001        9.2712377778065805E-016   0.0000000000000000     
   48.200000000000003       -5.6474161461997946E-016   0.0000000000000000     
   48.300000000000004        1.1516065333417896E-015   0.0000000000000000     
   48.400000000000006       -1.2252808724477974E-015   0.0000000000000000     
   48.500000000000000        1.0371947931257356E-015   0.0000000000000000     
   48.600000000000001       -8.7492172530671771E-016   0.0000000000000000     
   48.700000000000003       -2.2467512680209687E-015   0.0000000000000000     
   48.800000000000004        1.4444135404210505E-015   0.0000000000000000     
   48.900000000000006        1.9297000624342813E-015   0.0000000000000000     
   49.000000000000000        2.2642709694272430E-015   0.0000000000000000     
   49.100000000000001       -3.4149263784014936E-015   0.0000000000000000     
   49.200000000000003       -6.8329814548944334E-016   0.0000000000000000     
   49.300000000000004        7.2183555588343509E-016   0.0000000000000000     
   49.400000000000006       -1.6181258821772432E-015   0.0000000000000000     
   49.500000000000000        1.7809257525402922E-015   0.0000000000000000     
   49.600000000000001        7.4720119821939132E-016   0.0000000000000000     
   49.700000000000003        1.4171479096370285E-015   0.0000000000000000     
   49.800000000000004        6.4789496446702497E-017   0.0000000000000000     
   49.900000000000006        5.0654071924799070E-054   0.0000000000000000     
