   0.0000000000000000        9.2706229992921522E-017   0.0000000000000000     
  0.10000000000000001        9.8532694820693862E-016   0.0000000000000000     
  0.20000000000000001        1.3822863375566474E-015   0.0000000000000000     
  0.30000000000000004        1.4963017236061762E-015   0.0000000000000000     
  0.40000000000000002       -1.6012925646938083E-015   0.0000000000000000     
  0.50000000000000000       -2.0917690361391394E-015   0.0000000000000000     
  0.60000000000000009       -7.7242174944970968E-016   0.0000000000000000     
  0.70000000000000007        3.9529276481578506E-017   0.0000000000000000     
  0.80000000000000004        1.1382250513409001E-015   0.0000000000000000     
  0.90000000000000002        2.4754830475178058E-015   0.0000000000000000     
   1.0000000000000000       -5.1126557628341638E-017   0.0000000000000000     
   1.1000000000000001        6.3038847003905804E-016   0.0000000000000000     
   1.2000000000000002       -1.9570453761350440E-015   0.0000000000000000     
   1.3000000000000000       -1.7596272705887504E-015   0.0000000000000000     
   1.4000000000000001       -2.3157591680004910E-015   0.0000000000000000     
   1.5000000000000000        3.8501484754294187E-015   0.0000000000000000     
   1.6000000000000001       -8.4500522525703186E-016   0.0000000000000000     
   1.7000000000000002        3.7593714304429856E-015   0.0000000000000000     
   1.8000000000000000       -3.4147848681698247E-015   0.0000000000000000     
   1.9000000000000001        4.1831817258178965E-015   0.0000000000000000     
   2.0000000000000000       -7.6051943091339452E-015   0.0000000000000000     
   2.1000000000000001        7.1087431348266485E-015   0.0000000000000000     
   2.2000000000000002       -1.1480831654615318E-014   0.0000000000000000     
   2.3000000000000003        1.5121286715894056E-014   0.0000000000000000     
   2.4000000000000004       -1.6396346311862543E-014   0.0000000000000000     
   2.5000000000000000        2.2712638742059432E-014   0.0000000000000000     
   2.6000000000000001       -2.8849877374361138E-014   0.0000000000000000     
   2.7000000000000002        3.7081082476995613E-014   0.0000000000000000     
   2.8000000000000003       -4.8234303165698430E-014   0.0000000000000000     
   2.9000000000000004        6.1559166682091173E-014   0.0000000000000000     
   3.0000000000000000       -8.0433305543019228E-014   0.0000000000000000     
   3.1000000000000001        1.0005107337861099E-013   0.0000000000000000     
   3.2000000000000002       -1.2852564927494229E-013   0.0000000000000000     
   3.3000000000000003        1.6763496161932174E-013   0.0000000000000000     
   3.4000000000000004       -2.1083666181583498E-013   0.0000000000000000     
   3.5000000000000000        2.7056955913487536E-013   0.0000000000000000     
   3.6000000000000001       -3.4736394406728344E-013   0.0000000000000000     
   3.7000000000000002        4.4189844813217451E-013   0.0000000000000000     
   3.8000000000000003       -5.6709566549740668E-013   0.0000000000000000     
   3.9000000000000004        7.2130394061579218E-013   0.0000000000000000     
   4.0000000000000000       -9.1764387033809421E-013   0.0000000000000000     
   4.1000000000000005        1.1726148209655037E-012   0.0000000000000000     
   4.2000000000000002       -1.4915601285327891E-012   0.0000000000000000     
   4.2999999999999998        1.8984669076146135E-012   0.0000000000000000     
   4.4000000000000004       -2.4163828985074450E-012   0.0000000000000000     
   4.5000000000000000        3.0705806238040350E-012   0.0000000000000000     
   4.6000000000000005       -3.8999724848523175E-012   0.0000000000000000     
   4.7000000000000002        4.9475096386167508E-012   0.0000000000000000     
   4.8000000000000007       -6.2768765534947127E-012   0.0000000000000000     
   4.9000000000000004        7.9568213530144331E-012   0.0000000000000000     
   5.0000000000000000       -1.0073197540874501E-011   0.0000000000000000     
   5.1000000000000005        1.2751028245377770E-011   0.0000000000000000     
   5.2000000000000002       -1.6125035095046400E-011   0.0000000000000000     
   5.3000000000000007        2.0370618280813062E-011   0.0000000000000000     
   5.4000000000000004       -2.5720180879164445E-011   0.0000000000000000     
   5.5000000000000000        3.2445956550185892E-011   0.0000000000000000     
   5.6000000000000005       -4.0896824021611429E-011   0.0000000000000000     
   5.7000000000000002        5.1504976756745214E-011   0.0000000000000000     
   5.8000000000000007       -6.4809712700691419E-011   0.0000000000000000     
   5.9000000000000004        8.1486611355269959E-011   0.0000000000000000     
   6.0000000000000000       -1.0235585664264680E-010   0.0000000000000000     
   6.1000000000000005        1.2845632312550407E-010   0.0000000000000000     
   6.2000000000000002       -1.6107664292342157E-010   0.0000000000000000     
   6.3000000000000007        2.0178909938985776E-010   0.0000000000000000     
   6.4000000000000004       -2.5255999958121345E-010   0.0000000000000000     
   6.5000000000000000        3.1580937979556257E-010   0.0000000000000000     
   6.6000000000000005       -3.9452050180514953E-010   0.0000000000000000     
   6.7000000000000002        4.9238306059687171E-010   0.0000000000000000     
   6.8000000000000007       -6.1392128174350296E-010   0.0000000000000000     
   6.9000000000000004        7.6470710720839694E-010   0.0000000000000000     
   7.0000000000000000       -9.5158548959705488E-010   0.0000000000000000     
   7.1000000000000005        1.1829411641917690E-009   0.0000000000000000     
   7.2000000000000002       -1.4690541374493305E-009   0.0000000000000000     
   7.3000000000000007        1.8224974548362472E-009   0.0000000000000000     
   7.4000000000000004       -2.2586368483693658E-009   0.0000000000000000     
   7.5000000000000000        2.7962170476241631E-009   0.0000000000000000     
   7.6000000000000005       -3.4580874070854004E-009   0.0000000000000000     
   7.7000000000000002        4.2720702395335474E-009   0.0000000000000000     
   7.8000000000000007       -5.2719604481451573E-009   0.0000000000000000     
   7.9000000000000004        6.4988042980165703E-009   0.0000000000000000     
   8.0000000000000000       -8.0023708627111333E-009   0.0000000000000000     
   8.0999999999999996        9.8428946127325731E-009   0.0000000000000000     
   8.2000000000000011       -1.2093225825804920E-008   0.0000000000000000     
   8.3000000000000007        1.4841309658443266E-008   0.0000000000000000     
   8.4000000000000004       -1.8193193824322685E-008   0.0000000000000000     
   8.5000000000000000        2.2276585667943492E-008   0.0000000000000000     
   8.5999999999999996       -2.7244998882775322E-008   0.0000000000000000     
   8.7000000000000011        3.3282782678547007E-008   0.0000000000000000     
   8.8000000000000007       -4.0610969091361681E-008   0.0000000000000000     
   8.9000000000000004        4.9494145574193957E-008   0.0000000000000000     
   9.0000000000000000       -6.0248648588245541E-008   0.0000000000000000     
   9.0999999999999996        7.3252076787255447E-008   0.0000000000000000     
   9.2000000000000011       -8.8954487363118733E-008   0.0000000000000000     
   9.3000000000000007        1.0789153026787283E-007   0.0000000000000000     
   9.4000000000000004       -1.3069971584098140E-007   0.0000000000000000     
   9.5000000000000000        1.5813427485548980E-007   0.0000000000000000     
   9.6000000000000014       -1.9108991127192756E-007   0.0000000000000000     
   9.7000000000000011        2.3062490226482332E-007   0.0000000000000000     
   9.8000000000000007       -2.7798905602206101E-007   0.0000000000000000     
   9.9000000000000004        3.3465600090766172E-007   0.0000000000000000     
   10.000000000000000       -4.0236049561960980E-007   0.0000000000000000     
   10.100000000000001        4.8314140680084947E-007   0.0000000000000000     
   10.200000000000001       -5.7939108698465894E-007   0.0000000000000000     
   10.300000000000001        6.9391203254886450E-007   0.0000000000000000     
   10.400000000000000       -8.2998172057349696E-007   0.0000000000000000     
   10.500000000000000        9.9142665360830832E-007   0.0000000000000000     
   10.600000000000001       -1.1827067413692976E-006   0.0000000000000000     
   10.700000000000001        1.4090112048631467E-006   0.0000000000000000     
   10.800000000000001       -1.6763673228918321E-006   0.0000000000000000     
   10.900000000000000        1.9917635100612821E-006   0.0000000000000000     
   11.000000000000000       -2.3632882019095920E-006   0.0000000000000000     
   11.100000000000001        2.8002861538167364E-006   0.0000000000000000     
   11.200000000000001       -3.3135340076531818E-006   0.0000000000000000     
   11.300000000000001        3.9154368534186202E-006   0.0000000000000000     
   11.400000000000000       -4.6202477199192665E-006   0.0000000000000000     
   11.500000000000000        5.4443120795562711E-006   0.0000000000000000     
   11.600000000000001       -6.4063392743968992E-006   0.0000000000000000     
   11.700000000000001        7.5277030469094451E-006   0.0000000000000000     
   11.800000000000001       -8.8327732420163449E-006   0.0000000000000000     
   11.900000000000000        1.0349280656641550E-005   0.0000000000000000     
   12.000000000000000       -1.2108717187122944E-005   0.0000000000000000     
   12.100000000000001        1.4146773008650630E-005   0.0000000000000000     
   12.200000000000001       -1.6503812504724293E-005   0.0000000000000000     
   12.300000000000001        1.9225390571475677E-005   0.0000000000000000     
   12.400000000000000       -2.2362810298942663E-005   0.0000000000000000     
   12.500000000000000        2.5973722894282873E-005   0.0000000000000000     
   12.600000000000001       -3.0122770261153865E-005   0.0000000000000000     
   12.700000000000001        3.4882269872580665E-005   0.0000000000000000     
   12.800000000000001       -4.0332941089279123E-005   0.0000000000000000     
   12.900000000000000        4.6564671274253960E-005   0.0000000000000000     
   13.000000000000000       -5.3677319044179965E-005   0.0000000000000000     
   13.100000000000001        6.1781551062638795E-005   0.0000000000000000     
   13.200000000000001       -7.0999707589487887E-005   0.0000000000000000     
   13.300000000000001        8.1466690631745405E-005   0.0000000000000000     
   13.400000000000000       -9.3330867200054702E-005   0.0000000000000000     
   13.500000000000000        1.0675497854209990E-004   0.0000000000000000     
   13.600000000000001       -1.2191704445529595E-004   0.0000000000000000     
   13.700000000000001        1.3901125005377939E-004   0.0000000000000000     
   13.800000000000001       -1.5824880032644357E-004   0.0000000000000000     
   13.900000000000000        1.7985872577364168E-004   0.0000000000000000     
   14.000000000000000       -2.0408862033904535E-004   0.0000000000000000     
   14.100000000000001        2.3120529059282813E-004   0.0000000000000000     
   14.200000000000001       -2.6149529299082349E-004   0.0000000000000000     
   14.300000000000001        2.9526533380628547E-004   0.0000000000000000     
   14.400000000000000       -3.3284250421461718E-004   0.0000000000000000     
   14.500000000000000        3.7457432106185204E-004   0.0000000000000000     
   14.600000000000001       -4.2082854194168271E-004   0.0000000000000000     
   14.700000000000001        4.7199272162785937E-004   0.0000000000000000     
   14.800000000000001       -5.2847347564584574E-004   0.0000000000000000     
   14.900000000000000        5.9069541582700827E-004   0.0000000000000000     
   15.000000000000000       -6.5909972216972475E-004   0.0000000000000000     
   15.100000000000001        7.3414231544429050E-004   0.0000000000000000     
   15.200000000000001       -8.1629159572191409E-004   0.0000000000000000     
   15.300000000000001        9.0602571324754433E-004   0.0000000000000000     
   15.400000000000000       -1.0038293403659363E-003   0.0000000000000000     
   15.500000000000000        1.1101899162203417E-003   0.0000000000000000     
   15.600000000000001       -1.2255933398190799E-003   0.0000000000000000     
   15.700000000000001        1.3505190922013081E-003   0.0000000000000000     
   15.800000000000001       -1.4854347742610046E-003   0.0000000000000000     
   15.900000000000000        1.6307900539723069E-003   0.0000000000000000     
   16.000000000000000       -1.7870100250650558E-003   0.0000000000000000     
   16.100000000000001        1.9544879883007090E-003   0.0000000000000000     
   16.199999999999999       -2.1335776771161611E-003   0.0000000000000000     
   16.300000000000001        2.3245849607845667E-003   0.0000000000000000     
   16.400000000000002       -2.5277590705650383E-003   0.0000000000000000     
   16.500000000000000        2.7432834077499115E-003   0.0000000000000000     
   16.600000000000001       -2.9712660063388684E-003   0.0000000000000000     
   16.699999999999999        3.2117297376677567E-003   0.0000000000000000     
   16.800000000000001       -3.4646023591660101E-003   0.0000000000000000     
   16.900000000000002        3.7297065242500654E-003   0.0000000000000000     
   17.000000000000000       -4.0067498852124654E-003   0.0000000000000000     
   17.100000000000001        4.2953154350631306E-003   0.0000000000000000     
   17.199999999999999       -4.5948522476854789E-003   0.0000000000000000     
   17.300000000000001        4.9046667878684972E-003   0.0000000000000000     
   17.400000000000002       -5.2239149732386993E-003   0.0000000000000000     
   17.500000000000000        5.5515951787984798E-003   0.0000000000000000     
   17.600000000000001       -5.8865423808628038E-003   0.0000000000000000     
   17.699999999999999        6.2274236406058645E-003   0.0000000000000000     
   17.800000000000001       -6.5727351277717954E-003   0.0000000000000000     
   17.900000000000002        6.9208008816540626E-003   0.0000000000000000     
   18.000000000000000       -7.2697734994279662E-003   0.0000000000000000     
   18.100000000000001        7.6176369306945567E-003   0.0000000000000000     
   18.199999999999999       -7.9622115414096223E-003   0.0000000000000000     
   18.300000000000001        8.3011615904760565E-003   0.0000000000000000     
   18.400000000000002       -8.6320052375966801E-003   0.0000000000000000     
   18.500000000000000        8.9521271718637861E-003   0.0000000000000000     
   18.600000000000001       -9.2587939172474685E-003   0.0000000000000000     
   18.699999999999999        9.5491718333613144E-003   0.0000000000000000     
   18.800000000000001       -9.8203477885675898E-003   0.0000000000000000     
   18.900000000000002        1.0069352437848306E-002   0.0000000000000000     
   19.000000000000000       -1.0293185990277199E-002   0.0000000000000000     
   19.100000000000001        1.0488846301559654E-002   0.0000000000000000     
   19.200000000000003       -1.0653359076415174E-002   0.0000000000000000     
   19.300000000000001        1.0783809914532762E-002   0.0000000000000000     
   19.400000000000002       -1.0877377883539353E-002   0.0000000000000000     
   19.500000000000000        1.0931370253810172E-002   0.0000000000000000     
   19.600000000000001       -1.0943257984330315E-002   0.0000000000000000     
   19.700000000000003        1.0910711507030388E-002   0.0000000000000000     
   19.800000000000001       -1.0831636320525393E-002   0.0000000000000000     
   19.900000000000002        1.0704207873993786E-002   0.0000000000000000     
   20.000000000000000       -1.0526905198915462E-002   0.0000000000000000     
   20.100000000000001        1.0298542732016096E-002   0.0000000000000000     
   20.200000000000003       -1.0018299767349161E-002   0.0000000000000000     
   20.300000000000001        9.6857469800859328E-003   0.0000000000000000     
   20.400000000000002       -9.3008694798983535E-003   0.0000000000000000     
   20.500000000000000        8.8640858776637514E-003   0.0000000000000000     
   20.600000000000001       -8.3762628865118125E-003   0.0000000000000000     
   20.700000000000003        7.8387250262215210E-003   0.0000000000000000     
   20.800000000000001       -7.2532590584812639E-003   0.0000000000000000     
   20.900000000000002        6.6221128494005519E-003   0.0000000000000000     
   21.000000000000000       -5.9479884332018836E-003   0.0000000000000000     
   21.100000000000001        5.2340291369142528E-003   0.0000000000000000     
   21.200000000000003       -4.4838007183892314E-003   0.0000000000000000     
   21.300000000000001        3.7012665672421174E-003   0.0000000000000000     
   21.400000000000002       -2.8907571194330267E-003   0.0000000000000000     
   21.500000000000000        2.0569337381707315E-003   0.0000000000000000     
   21.600000000000001       -1.2047474152483573E-003   0.0000000000000000     
   21.700000000000003        3.3939274577933395E-004   0.0000000000000000     
   21.800000000000001        5.3374227737907113E-004   0.0000000000000000     
   21.900000000000002       -1.4091300165607571E-003   0.0000000000000000     
   22.000000000000000        2.2811597793822944E-003   0.0000000000000000     
   22.100000000000001       -3.1441964698417178E-003   0.0000000000000000     
   22.200000000000003        3.9926404707571915E-003   0.0000000000000000     
   22.300000000000001       -4.8209878892035655E-003   0.0000000000000000     
   22.400000000000002        5.6238902732795347E-003   0.0000000000000000     
   22.500000000000000       -6.3962129015801440E-003   0.0000000000000000     
   22.600000000000001        7.1330907571537502E-003   0.0000000000000000     
   22.700000000000003       -7.8299813249613041E-003   0.0000000000000000     
   22.800000000000001        8.4827133961829053E-003   0.0000000000000000     
   22.900000000000002       -9.0875311233127153E-003   0.0000000000000000     
   23.000000000000000        9.6411326457643051E-003   0.0000000000000000     
   23.100000000000001       -1.0140702695450102E-002   0.0000000000000000     
   23.200000000000003        1.0583938693459480E-002   0.0000000000000000     
   23.300000000000001       -1.0969069960833949E-002   0.0000000000000000     
   23.400000000000002        1.1294869785841337E-002   0.0000000000000000     
   23.500000000000000       -1.1560660214794138E-002   0.0000000000000000     
   23.600000000000001        1.1766309560718193E-002   0.0000000000000000     
   23.700000000000003       -1.1912222750919556E-002   0.0000000000000000     
   23.800000000000001        1.1999324758580791E-002   0.0000000000000000     
   23.900000000000002       -1.2029037481725320E-002   0.0000000000000000     
   24.000000000000000        1.2003250542883953E-002   0.0000000000000000     
   24.100000000000001       -1.1924286582462928E-002   0.0000000000000000     
   24.200000000000003        1.1794861705493136E-002   0.0000000000000000     
   24.300000000000001       -1.1618041814106736E-002   0.0000000000000000     
   24.400000000000002        1.1397195614732790E-002   0.0000000000000000     
   24.500000000000000       -1.1135945128792023E-002   0.0000000000000000     
   24.600000000000001        1.0838114558451378E-002   0.0000000000000000     
   24.700000000000003       -1.0507678363741885E-002   0.0000000000000000     
   24.800000000000001        1.0148709395171287E-002   0.0000000000000000     
   24.900000000000002       -9.7653278971580638E-003   0.0000000000000000     
   25.000000000000000        9.3616521530783658E-003   0.0000000000000000     
   25.100000000000001       -8.9417514844276919E-003   0.0000000000000000     
   25.200000000000003        8.5096022456400376E-003   0.0000000000000000     
   25.300000000000001       -8.0690473750107804E-003   0.0000000000000000     
   25.400000000000002        7.6237599728508987E-003   0.0000000000000000     
   25.500000000000000       -7.1772112826322797E-003   0.0000000000000000     
   25.600000000000001        6.7326433523149333E-003   0.0000000000000000     
   25.700000000000003       -6.2930465531846561E-003   0.0000000000000000     
   25.800000000000001        5.8611420348874529E-003   0.0000000000000000     
   25.900000000000002       -5.4393691001313063E-003   0.0000000000000000     
   26.000000000000000        5.0298773927265807E-003   0.0000000000000000     
   26.100000000000001       -4.6345237100087399E-003   0.0000000000000000     
   26.200000000000003        4.2548731766656822E-003   0.0000000000000000     
   26.300000000000001       -3.8922044530483846E-003   0.0000000000000000     
   26.400000000000002        3.5475185978160817E-003   0.0000000000000000     
   26.500000000000000       -3.2215511629600838E-003   0.0000000000000000     
   26.600000000000001        2.9147870691701000E-003   0.0000000000000000     
   26.700000000000003       -2.6274777909752588E-003   0.0000000000000000     
   26.800000000000001        2.3596603738869084E-003   0.0000000000000000     
   26.900000000000002       -2.1111778091921231E-003   0.0000000000000000     
   27.000000000000000        1.8817003053418165E-003   0.0000000000000000     
   27.100000000000001       -1.6707470169054339E-003   0.0000000000000000     
   27.200000000000003        1.4777078216456701E-003   0.0000000000000000     
   27.300000000000001       -1.3018647722782004E-003   0.0000000000000000     
   27.400000000000002        1.1424128902877532E-003   0.0000000000000000     
   27.500000000000000       -9.9848001347903727E-004   0.0000000000000000     
   27.600000000000001        8.6914545564117419E-004   0.0000000000000000     
   27.700000000000003       -7.5345728403948911E-004   0.0000000000000000     
   27.800000000000001        6.5044806743229443E-004   0.0000000000000000     
   27.900000000000002       -5.5914899306254299E-004   0.0000000000000000     
   28.000000000000000        4.7860229411076451E-004   0.0000000000000000     
   28.100000000000001       -4.0787196904535061E-004   0.0000000000000000     
   28.200000000000003        3.4605281040698079E-004   0.0000000000000000     
   28.300000000000001       -2.9227779213856809E-004   0.0000000000000000     
   28.400000000000002        2.4572389166226680E-004   0.0000000000000000     
   28.500000000000000       -2.0561644502880633E-004   0.0000000000000000     
   28.600000000000001        1.7123215077868603E-004   0.0000000000000000     
   28.700000000000003       -1.4190085080031389E-004   0.0000000000000000     
   28.800000000000001        1.1700622457554522E-004   0.0000000000000000     
   28.900000000000002       -9.5985537216521698E-005   0.0000000000000000     
   29.000000000000000        7.8328581961294692E-005   0.0000000000000000     
   29.100000000000001       -6.3575954756675982E-005   0.0000000000000000     
   29.200000000000003        5.1316792794534334E-005   0.0000000000000000     
   29.300000000000001       -4.1186100877474975E-005   0.0000000000000000     
   29.400000000000002        3.2861779588389689E-005   0.0000000000000000     
   29.500000000000000       -2.6061458306646005E-005   0.0000000000000000     
   29.600000000000001        2.0539224233846549E-005   0.0000000000000000     
   29.700000000000003       -1.6082326291278054E-005   0.0000000000000000     
   29.800000000000001        1.2507920734984263E-005   0.0000000000000000     
   29.900000000000002       -9.6599132209066324E-006   0.0000000000000000     
   30.000000000000000        7.4059408768094553E-006   0.0000000000000000     
   30.100000000000001       -5.6345274731942349E-006   0.0000000000000000     
   30.200000000000003        4.2524349945959002E-006   0.0000000000000000     
   30.300000000000001       -3.1822266966795293E-006   0.0000000000000000     
   30.400000000000002        2.3600491473470488E-006   0.0000000000000000     
   30.500000000000000       -1.7336344248215544E-006   0.0000000000000000     
   30.600000000000001        1.2605186987026266E-006   0.0000000000000000     
   30.700000000000003       -9.0646902778348801E-007   0.0000000000000000     
   30.800000000000001        6.4410717704457500E-007   0.0000000000000000     
   30.900000000000002       -4.5171705483319945E-007   0.0000000000000000     
   31.000000000000000        3.1222068888021677E-007   0.0000000000000000     
   31.100000000000001       -2.1230708049299046E-007   0.0000000000000000     
   31.200000000000003        1.4169792983318932E-007   0.0000000000000000     
   31.300000000000001       -9.2534371733914419E-008   0.0000000000000000     
   31.400000000000002        5.8869693946573607E-008   0.0000000000000000     
   31.500000000000000       -3.6253672137059152E-008   0.0000000000000000     
   31.600000000000001        2.1395278538797942E-008   0.0000000000000000     
   31.700000000000003       -1.1891783711367765E-008   0.0000000000000000     
   31.800000000000001        6.0133950454887315E-009   0.0000000000000000     
   31.900000000000002       -2.5339141000764841E-009   0.0000000000000000     
   32.000000000000000        5.9907330583511536E-010   0.0000000000000000     
   32.100000000000001        3.7461580589867799E-010   0.0000000000000000     
   32.200000000000003       -7.7660301929420535E-010   0.0000000000000000     
   32.300000000000004        8.5970267363800500E-010   0.0000000000000000     
   32.399999999999999       -7.8243387200964991E-010   0.0000000000000000     
   32.500000000000000        6.3976799896729069E-010   0.0000000000000000     
   32.600000000000001       -4.8499176281364098E-010   0.0000000000000000     
   32.700000000000003        3.4501815053317983E-010   0.0000000000000000     
   32.800000000000004       -2.3080682121015172E-010   0.0000000000000000     
   32.899999999999999        1.4426880006424354E-010   0.0000000000000000     
   33.000000000000000       -8.2729516644713113E-011   0.0000000000000000     
   33.100000000000001        4.1603339408325882E-011   0.0000000000000000     
   33.200000000000003       -1.5969659939160105E-011   0.0000000000000000     
   33.300000000000004        1.3738404424632824E-012   0.0000000000000000     
   33.399999999999999        5.8463267391242426E-012   0.0000000000000000     
   33.500000000000000       -8.4660630464307800E-012   0.0000000000000000     
   33.600000000000001        8.4843358107334889E-012   0.0000000000000000     
   33.700000000000003       -7.2329505465510512E-012   0.0000000000000000     
   33.800000000000004        5.5387390556700260E-012   0.0000000000000000     
   33.899999999999999       -3.8822344793745845E-012   0.0000000000000000     
   34.000000000000000        2.4815522647345078E-012   0.0000000000000000     
   34.100000000000001       -1.4197433689100288E-012   0.0000000000000000     
   34.200000000000003        6.7999213523910620E-013   0.0000000000000000     
   34.300000000000004       -2.0604938689122116E-013   0.0000000000000000     
   34.399999999999999       -5.2271833606074266E-014   0.0000000000000000     
   34.500000000000000        1.7484377324107381E-013   0.0000000000000000     
   34.600000000000001       -2.0833371628262493E-013   0.0000000000000000     
   34.700000000000003        1.8798384642602727E-013   0.0000000000000000     
   34.800000000000004       -1.5353964432438375E-013   0.0000000000000000     
   34.899999999999999        1.0886132164566138E-013   0.0000000000000000     
   35.000000000000000       -6.5567128750375138E-014   0.0000000000000000     
   35.100000000000001        3.6112074931682452E-014   0.0000000000000000     
   35.200000000000003       -1.6133685912873246E-014   0.0000000000000000     
   35.300000000000004        2.7346320174806749E-015   0.0000000000000000     
   35.399999999999999        4.1939945182851230E-015   0.0000000000000000     
   35.500000000000000       -7.1886844770744564E-015   0.0000000000000000     
   35.600000000000001        5.4435948324791576E-015   0.0000000000000000     
   35.700000000000003       -6.2764441607740973E-015   0.0000000000000000     
   35.800000000000004        7.8656158423364934E-015   0.0000000000000000     
   35.899999999999999       -2.4120468403449906E-015   0.0000000000000000     
   36.000000000000000        3.5506936440721815E-015   0.0000000000000000     
   36.100000000000001       -2.6065471373447926E-015   0.0000000000000000     
   36.200000000000003       -2.7287495762033711E-016   0.0000000000000000     
   36.300000000000004       -4.1445051057693737E-015   0.0000000000000000     
   36.399999999999999        2.3550763713596963E-015   0.0000000000000000     
   36.500000000000000        5.4179808629893501E-016   0.0000000000000000     
   36.600000000000001       -1.1383696140786381E-015   0.0000000000000000     
   36.700000000000003        3.0557520145963924E-015   0.0000000000000000     
   36.800000000000004       -1.6518254965653932E-015   0.0000000000000000     
   36.899999999999999        7.9282917109692387E-016   0.0000000000000000     
   37.000000000000000       -1.3827678049228770E-015   0.0000000000000000     
   37.100000000000001       -3.9640638643189158E-016   0.0000000000000000     
   37.200000000000003       -2.5189303453740526E-015   0.0000000000000000     
   37.300000000000004        2.5492524101468982E-015   0.0000000000000000     
   37.399999999999999        5.2665590307585489E-018   0.0000000000000000     
   37.500000000000000        8.3077004099208782E-016   0.0000000000000000     
   37.600000000000001        9.3749625281413490E-016   0.0000000000000000     
   37.700000000000003        4.9904931182908798E-015   0.0000000000000000     
   37.800000000000004       -4.9904218677673335E-015   0.0000000000000000     
   37.899999999999999        1.3376918842220152E-015   0.0000000000000000     
   38.000000000000000       -6.1486376253640965E-015   0.0000000000000000     
   38.100000000000001        3.5891342464827367E-015   0.0000000000000000     
   38.200000000000003       -3.9040554965368192E-015   0.0000000000000000     
   38.300000000000004        5.1635170962608171E-015   0.0000000000000000     
   38.400000000000006       -2.0078563293935597E-015   0.0000000000000000     
   38.500000000000000        5.6171854170272740E-015   0.0000000000000000     
   38.600000000000001       -5.7265179639452932E-015   0.0000000000000000     
   38.700000000000003        1.5443925374180265E-015   0.0000000000000000     
   38.800000000000004       -2.3531242909980876E-015   0.0000000000000000     
   38.900000000000006        5.1439414586984784E-015   0.0000000000000000     
   39.000000000000000       -5.1048541652664632E-015   0.0000000000000000     
   39.100000000000001        2.1516255123836042E-016   0.0000000000000000     
   39.200000000000003       -1.2441491580999475E-015   0.0000000000000000     
   39.300000000000004        3.9564574868900690E-015   0.0000000000000000     
   39.400000000000006       -3.9921580028721792E-016   0.0000000000000000     
   39.500000000000000        7.9044605881255102E-016   0.0000000000000000     
   39.600000000000001       -1.3779937778030707E-015   0.0000000000000000     
   39.700000000000003        7.1700238228826281E-016   0.0000000000000000     
   39.800000000000004       -2.1177110762588308E-015   0.0000000000000000     
   39.900000000000006        2.6105673568123332E-015   0.0000000000000000     
   40.000000000000000       -1.4840463132509708E-016   0.0000000000000000     
   40.100000000000001        1.3990521551977989E-015   0.0000000000000000     
   40.200000000000003       -2.5125646614663148E-015   0.0000000000000000     
   40.300000000000004       -1.4509411978376010E-015   0.0000000000000000     
   40.400000000000006        1.3662656547278793E-015   0.0000000000000000     
   40.500000000000000       -9.5176310608318071E-016   0.0000000000000000     
   40.600000000000001        9.0113128685197944E-016   0.0000000000000000     
   40.700000000000003       -5.3279971118318063E-015   0.0000000000000000     
   40.800000000000004        2.8209115442905857E-015   0.0000000000000000     
   40.900000000000006       -1.1911750210458379E-015   0.0000000000000000     
   41.000000000000000        5.3559768387999372E-015   0.0000000000000000     
   41.100000000000001        3.0945210633645028E-016   0.0000000000000000     
   41.200000000000003        3.3496042736426929E-015   0.0000000000000000     
   41.300000000000004       -1.2508779701278362E-015   0.0000000000000000     
   41.400000000000006       -9.2498149784865327E-016   0.0000000000000000     
   41.500000000000000       -3.5619296227853069E-015   0.0000000000000000     
   41.600000000000001       -1.7388924279642761E-015   0.0000000000000000     
   41.700000000000003        5.3379343837948141E-017   0.0000000000000000     
   41.800000000000004        1.8032336591496160E-016   0.0000000000000000     
   41.900000000000006        3.6710851923134091E-015   0.0000000000000000     
   42.000000000000000        7.9898357090964169E-016   0.0000000000000000     
   42.100000000000001        9.5619531548879941E-016   0.0000000000000000     
   42.200000000000003       -2.0644502749023988E-015   0.0000000000000000     
   42.300000000000004        2.5860845731947135E-015   0.0000000000000000     
   42.400000000000006       -3.0734278436611223E-015   0.0000000000000000     
   42.500000000000000       -1.5171359828398008E-015   0.0000000000000000     
   42.600000000000001       -1.1447877209636881E-015   0.0000000000000000     
   42.700000000000003        4.2193157131160425E-015   0.0000000000000000     
   42.800000000000004        5.6817541024645822E-016   0.0000000000000000     
   42.900000000000006       -1.8278562848128242E-015   0.0000000000000000     
   43.000000000000000       -2.5012931261669476E-015   0.0000000000000000     
   43.100000000000001       -2.3770219272611997E-015   0.0000000000000000     
   43.200000000000003       -1.1984100223424584E-015   0.0000000000000000     
   43.300000000000004       -3.5135529864369432E-015   0.0000000000000000     
   43.400000000000006        3.3786937993869791E-015   0.0000000000000000     
   43.500000000000000        2.1602531122225590E-015   0.0000000000000000     
   43.600000000000001        4.9175057563869402E-015   0.0000000000000000     
   43.700000000000003       -3.2127480689319947E-015   0.0000000000000000     
   43.800000000000004        2.2423290932768545E-015   0.0000000000000000     
   43.900000000000006       -9.4035781647273385E-016   0.0000000000000000     
   44.000000000000000       -6.4555874864611058E-016   0.0000000000000000     
   44.100000000000001       -4.5625023382328260E-015   0.0000000000000000     
   44.200000000000003        6.5232895283813298E-016   0.0000000000000000     
   44.300000000000004        1.9903007399804030E-015   0.0000000000000000     
   44.400000000000006       -8.3767047567412077E-016   0.0000000000000000     
   44.500000000000000        1.7398594160967809E-015   0.0000000000000000     
   44.600000000000001        5.9756442538200622E-017   0.0000000000000000     
   44.700000000000003        2.3855192404621813E-015   0.0000000000000000     
   44.800000000000004       -1.1957625921683690E-015   0.0000000000000000     
   44.900000000000006        9.4196473864400033E-016   0.0000000000000000     
   45.000000000000000       -1.7170631140157564E-016   0.0000000000000000     
   45.100000000000001        1.5136214797248061E-015   0.0000000000000000     
   45.200000000000003        1.5360207819027914E-015   0.0000000000000000     
   45.300000000000004       -3.6473885195723086E-015   0.0000000000000000     
   45.400000000000006       -3.3414732247381189E-016   0.0000000000000000     
   45.500000000000000       -3.8834876508429254E-015   0.0000000000000000     
   45.600000000000001       -1.0797561176431418E-016   0.0000000000000000     
   45.700000000000003       -5.6426149104696411E-016   0.0000000000000000     
   45.800000000000004        4.5142291428719303E-015   0.0000000000000000     
   45.900000000000006        1.5034995591722575E-015   0.0000000000000000     
   46.000000000000000        1.6153863625844297E-015   0.0000000000000000     
   46.100000000000001        5.5008788747874140E-016   0.0000000000000000     
   46.200000000000003        1.9903067433981977E-016   0.0000000000000000     
   46.300000000000004       -8.6692652828410556E-016   0.0000000000000000     
   46.400000000000006       -2.8347277979542890E-015   0.0000000000000000     
   46.500000000000000        8.6699309886938103E-016   0.0000000000000000     
   46.600000000000001       -3.2933266653587893E-015   0.0000000000000000     
   46.700000000000003        8.5774359724051057E-016   0.0000000000000000     
   46.800000000000004        2.5607997213291942E-016   0.0000000000000000     
   46.900000000000006        2.1521422149632453E-015   0.0000000000000000     
   47.000000000000000        2.2908134009939316E-015   0.0000000000000000     
   47.100000000000001       -2.5304533299365864E-015   0.0000000000000000     
   47.200000000000003        8.5108543777003293E-016   0.0000000000000000     
   47.300000000000004       -1.4706193505694810E-015   0.0000000000000000     
   47.400000000000006        3.7667952644433384E-015   0.0000000000000000     
   47.500000000000000       -1.5053794982147511E-015   0.0000000000000000     
   47.600000000000001        7.9151596150122363E-016   0.0000000000000000     
   47.700000000000003        2.5883269482681460E-015   0.0000000000000000     
   47.800000000000004       -8.2759146280464490E-016   0.0000000000000000     
   47.900000000000006       -6.1663409742658641E-016   0.0000000000000000     
   48.000000000000000       -2.7191741177999261E-015   0.0000000000000000     
   48.100000000000001        4.0120169513624139E-015   0.0000000000000000     
   48.200000000000003       -2.0015288938839040E-015   0.0000000000000000     
   48.300000000000004        1.0947522991960847E-015   0.0000000000000000     
   48.400000000000006       -3.3613919990765512E-015   0.0000000000000000     
   48.500000000000000        1.8805809966098258E-015   0.0000000000000000     
   48.600000000000001       -3.4101177885761978E-016   0.0000000000000000     
   48.700000000000003       -2.3005468368434382E-015   0.0000000000000000     
   48.800000000000004       -2.2466723418803007E-015   0.0000000000000000     
   48.900000000000006        8.7654840631825659E-016   0.0000000000000000     
   49.000000000000000       -8.9801293445893060E-016   0.0000000000000000     
   49.100000000000001        1.2419528584395307E-017   0.0000000000000000     
   49.200000000000003        2.5862535685092358E-015   0.0000000000000000     
   49.300000000000004        6.8749966701179873E-016   0.0000000000000000     
   49.400000000000006        1.2909639975495295E-015   0.0000000000000000     
   49.500000000000000        1.0068030477633890E-015   0.0000000000000000     
   49.600000000000001        3.4139551861554907E-016   0.0000000000000000     
   49.700000000000003       -6.9909971396114356E-016   0.0000000000000000     
   49.800000000000004       -5.6913798663744054E-015   0.0000000000000000     
   49.900000000000006        5.0654071924799070E-054   0.0000000000000000     
