   0.0000000000000000        2.6939477713114283E-015   0.0000000000000000     
  0.10000000000000001        2.8688880394926409E-015   0.0000000000000000     
  0.20000000000000001        1.4401562542961065E-015   0.0000000000000000     
  0.30000000000000004       -1.0003464502942146E-015   0.0000000000000000     
  0.40000000000000002       -3.1062927001159189E-015   0.0000000000000000     
  0.50000000000000000       -6.7747850938898965E-016   0.0000000000000000     
  0.60000000000000009       -6.0362316002613926E-016   0.0000000000000000     
  0.70000000000000007       -1.1907290017572438E-015   0.0000000000000000     
  0.80000000000000004        1.0357776330928470E-015   0.0000000000000000     
  0.90000000000000002        1.3392385774692231E-015   0.0000000000000000     
   1.0000000000000000        2.2179491688847824E-015   0.0000000000000000     
   1.1000000000000001        1.7645493921869600E-015   0.0000000000000000     
   1.2000000000000002       -1.3293955941853807E-015   0.0000000000000000     
   1.3000000000000000       -2.2297599050522934E-015   0.0000000000000000     
   1.4000000000000001       -1.4475910729229453E-015   0.0000000000000000     
   1.5000000000000000       -9.2037528377333238E-016   0.0000000000000000     
   1.6000000000000001       -7.0217242710321666E-016   0.0000000000000000     
   1.7000000000000002        1.7778429357736158E-015   0.0000000000000000     
   1.8000000000000000        2.8344705947312177E-015   0.0000000000000000     
   1.9000000000000001       -9.2150682534695921E-016   0.0000000000000000     
   2.0000000000000000       -2.0569930823352985E-016   0.0000000000000000     
   2.1000000000000001        1.9303287219440576E-015   0.0000000000000000     
   2.2000000000000002       -1.7211493343931602E-015   0.0000000000000000     
   2.3000000000000003       -1.4606536357381357E-015   0.0000000000000000     
   2.4000000000000004        5.9777700921268918E-016   0.0000000000000000     
   2.5000000000000000       -1.1914354067779530E-015   0.0000000000000000     
   2.6000000000000001        4.8580045696173776E-016   0.0000000000000000     
   2.7000000000000002        7.3077016917208566E-016   0.0000000000000000     
   2.8000000000000003       -1.5852362268197343E-015   0.0000000000000000     
   2.9000000000000004        1.5263076256384032E-015   0.0000000000000000     
   3.0000000000000000        2.0146196069178440E-015   0.0000000000000000     
   3.1000000000000001       -1.6353764643963820E-015   0.0000000000000000     
   3.2000000000000002       -9.4391773139436843E-016   0.0000000000000000     
   3.3000000000000003        1.6359072487242501E-015   0.0000000000000000     
   3.4000000000000004        1.0450864880488835E-015   0.0000000000000000     
   3.5000000000000000       -1.8707066439937170E-015   0.0000000000000000     
   3.6000000000000001       -1.0868476289357631E-015   0.0000000000000000     
   3.7000000000000002        1.0688430164935216E-015   0.0000000000000000     
   3.8000000000000003       -1.8848008831867013E-016   0.0000000000000000     
   3.9000000000000004       -3.1677425706458476E-016   0.0000000000000000     
   4.0000000000000000       -1.0429771590124500E-015   0.0000000000000000     
   4.1000000000000005       -1.3196170227712424E-015   0.0000000000000000     
   4.2000000000000002        2.3483085526523704E-015   0.0000000000000000     
   4.2999999999999998        2.6620484592317613E-015   0.0000000000000000     
   4.4000000000000004       -2.4129173549191182E-016   0.0000000000000000     
   4.5000000000000000       -1.7464459908082418E-015   0.0000000000000000     
   4.6000000000000005       -5.8481381851193345E-016   0.0000000000000000     
   4.7000000000000002        1.7811607445666548E-015   0.0000000000000000     
   4.8000000000000007       -4.9705303159582992E-016   0.0000000000000000     
   4.9000000000000004       -1.9507577050052039E-015   0.0000000000000000     
   5.0000000000000000        3.9335939070187539E-016   0.0000000000000000     
   5.1000000000000005       -4.1152879622304839E-016   0.0000000000000000     
   5.2000000000000002       -1.7649296046066666E-016   0.0000000000000000     
   5.3000000000000007        1.0622345281129196E-015   0.0000000000000000     
   5.4000000000000004       -3.6021966253414764E-016   0.0000000000000000     
   5.5000000000000000        9.5004583193204134E-016   0.0000000000000000     
   5.6000000000000005        1.7968647232446576E-015   0.0000000000000000     
   5.7000000000000002       -1.2717573828154431E-015   0.0000000000000000     
   5.8000000000000007       -1.9844827533884713E-015   0.0000000000000000     
   5.9000000000000004        3.7228667427884179E-016   0.0000000000000000     
   6.0000000000000000        1.0815301428497648E-015   0.0000000000000000     
   6.1000000000000005       -3.8285032838909543E-017   0.0000000000000000     
   6.2000000000000002       -4.4810087652649453E-016   0.0000000000000000     
   6.3000000000000007       -5.0030682451500883E-016   0.0000000000000000     
   6.4000000000000004       -6.9764215224656342E-018   0.0000000000000000     
   6.5000000000000000        2.3767907893023462E-016   0.0000000000000000     
   6.6000000000000005       -5.4444714780043504E-016   0.0000000000000000     
   6.7000000000000002        9.7588576365814241E-016   0.0000000000000000     
   6.8000000000000007        1.0883333041799987E-015   0.0000000000000000     
   6.9000000000000004       -1.5909761266429618E-015   0.0000000000000000     
   7.0000000000000000       -4.4426732254051531E-016   0.0000000000000000     
   7.1000000000000005        8.8817559281310123E-016   0.0000000000000000     
   7.2000000000000002       -5.3183499701599655E-016   0.0000000000000000     
   7.3000000000000007       -3.0172560805269535E-016   0.0000000000000000     
   7.4000000000000004        2.3245648267767842E-016   0.0000000000000000     
   7.5000000000000000       -2.6352779110967946E-016   0.0000000000000000     
   7.6000000000000005        5.2070270136117108E-016   0.0000000000000000     
   7.7000000000000002        1.2933056558528455E-015   0.0000000000000000     
   7.8000000000000007       -4.5755037265874154E-016   0.0000000000000000     
   7.9000000000000004       -9.3795042561046465E-016   0.0000000000000000     
   8.0000000000000000        7.5087713065627184E-016   0.0000000000000000     
   8.0999999999999996       -7.7723278528019511E-016   0.0000000000000000     
   8.2000000000000011       -2.0964794271669415E-015   0.0000000000000000     
   8.3000000000000007        3.5913785521157072E-016   0.0000000000000000     
   8.4000000000000004        1.9446402165682085E-015   0.0000000000000000     
   8.5000000000000000        1.6594401257757196E-015   0.0000000000000000     
   8.5999999999999996        1.2134275373420357E-016   0.0000000000000000     
   8.7000000000000011       -1.0699253807218904E-015   0.0000000000000000     
   8.8000000000000007        1.9383987537458760E-016   0.0000000000000000     
   8.9000000000000004       -4.0739595595501351E-016   0.0000000000000000     
   9.0000000000000000       -2.2071414877829462E-015   0.0000000000000000     
   9.0999999999999996       -3.1744794428070365E-016   0.0000000000000000     
   9.2000000000000011        7.9434781445270307E-016   0.0000000000000000     
   9.3000000000000007        2.9369672428238794E-016   0.0000000000000000     
   9.4000000000000004        1.3705064799414368E-015   0.0000000000000000     
   9.5000000000000000        9.1308250387989421E-016   0.0000000000000000     
   9.6000000000000014        8.0202730622047425E-016   0.0000000000000000     
   9.7000000000000011        1.2891150930183840E-015   0.0000000000000000     
   9.8000000000000007       -1.3012224707341560E-015   0.0000000000000000     
   9.9000000000000004       -2.7300111008308206E-015   0.0000000000000000     
   10.000000000000000       -1.8426476284635286E-015   0.0000000000000000     
   10.100000000000001        2.1902861166832555E-016   0.0000000000000000     
   10.200000000000001        1.9657190620051173E-015   0.0000000000000000     
   10.300000000000001        2.8617540617487828E-018   0.0000000000000000     
   10.400000000000000        2.7164613229304248E-016   0.0000000000000000     
   10.500000000000000        1.9874743910583862E-015   0.0000000000000000     
   10.600000000000001       -9.7346580827976414E-016   0.0000000000000000     
   10.700000000000001       -1.6450641639338338E-015   0.0000000000000000     
   10.800000000000001        2.6767835245601380E-016   0.0000000000000000     
   10.900000000000000       -2.9562915151324019E-017   0.0000000000000000     
   11.000000000000000        7.1623795880708883E-016   0.0000000000000000     
   11.100000000000001        1.6930892061248675E-015   0.0000000000000000     
   11.200000000000001        6.1404151067671936E-017   0.0000000000000000     
   11.300000000000001       -1.6065010591167101E-015   0.0000000000000000     
   11.400000000000000       -8.8963754076694834E-017   0.0000000000000000     
   11.500000000000000        4.2825327430954299E-016   0.0000000000000000     
   11.600000000000001       -2.3993502271549453E-015   0.0000000000000000     
   11.700000000000001       -6.8931906133631716E-016   0.0000000000000000     
   11.800000000000001        2.0409214689054695E-015   0.0000000000000000     
   11.900000000000000       -1.1082550980634250E-015   0.0000000000000000     
   12.000000000000000       -7.4341620195729382E-016   0.0000000000000000     
   12.100000000000001        2.8138249214601902E-015   0.0000000000000000     
   12.200000000000001        1.5236535865697750E-015   0.0000000000000000     
   12.300000000000001        2.2742290600576223E-016   0.0000000000000000     
   12.400000000000000       -4.1993355889611548E-016   0.0000000000000000     
   12.500000000000000       -1.8441468473099934E-015   0.0000000000000000     
   12.600000000000001        2.6465317361944746E-016   0.0000000000000000     
   12.700000000000001        4.5602414329250476E-016   0.0000000000000000     
   12.800000000000001       -2.8490759391768269E-015   0.0000000000000000     
   12.900000000000000       -9.5069471152736666E-016   0.0000000000000000     
   13.000000000000000        2.3800321880453069E-015   0.0000000000000000     
   13.100000000000001        1.3543177545424057E-015   0.0000000000000000     
   13.200000000000001        1.5032961248432323E-016   0.0000000000000000     
   13.300000000000001       -9.4559636134204470E-017   0.0000000000000000     
   13.400000000000000       -7.7373321147094433E-016   0.0000000000000000     
   13.500000000000000       -7.5895948797541659E-016   0.0000000000000000     
   13.600000000000001        1.2767669549910957E-015   0.0000000000000000     
   13.700000000000001        1.5051154024577645E-015   0.0000000000000000     
   13.800000000000001       -1.2388551083028950E-015   0.0000000000000000     
   13.900000000000000       -3.7778995055914553E-016   0.0000000000000000     
   14.000000000000000       -1.5375980745370742E-016   0.0000000000000000     
   14.100000000000001       -2.7524300978485345E-015   0.0000000000000000     
   14.200000000000001        1.3295926942787035E-016   0.0000000000000000     
   14.300000000000001        2.0054166506808169E-015   0.0000000000000000     
   14.400000000000000        3.5593281401792002E-017   0.0000000000000000     
   14.500000000000000        1.2101886747304789E-015   0.0000000000000000     
   14.600000000000001        1.4192097099095248E-015   0.0000000000000000     
   14.700000000000001        4.2973181189283546E-016   0.0000000000000000     
   14.800000000000001        3.7331877809139358E-016   0.0000000000000000     
   14.900000000000000       -9.5776536268894839E-016   0.0000000000000000     
   15.000000000000000       -1.8518544831147694E-015   0.0000000000000000     
   15.100000000000001       -1.2650276864933855E-015   0.0000000000000000     
   15.200000000000001        1.4866619472835518E-016   0.0000000000000000     
   15.300000000000001       -6.4455675447129522E-016   0.0000000000000000     
   15.400000000000000       -2.5288099246977722E-015   0.0000000000000000     
   15.500000000000000       -6.4264536243064793E-016   0.0000000000000000     
   15.600000000000001        2.0821517680583137E-015   0.0000000000000000     
   15.700000000000001        3.3323030361812399E-015   0.0000000000000000     
   15.800000000000001        2.5350961243763136E-015   0.0000000000000000     
   15.900000000000000        6.9795864491973129E-016   0.0000000000000000     
   16.000000000000000        7.9718527199312108E-016   0.0000000000000000     
   16.100000000000001       -1.3282059349537026E-015   0.0000000000000000     
   16.199999999999999       -3.1242951565747541E-015   0.0000000000000000     
   16.300000000000001       -4.4116251470258982E-016   0.0000000000000000     
   16.400000000000002       -3.5283338073910399E-016   0.0000000000000000     
   16.500000000000000       -1.8494028927714505E-015   0.0000000000000000     
   16.600000000000001       -7.1703534473963820E-016   0.0000000000000000     
   16.699999999999999        4.0249523317010327E-016   0.0000000000000000     
   16.800000000000001        1.0909311302471118E-015   0.0000000000000000     
   16.900000000000002        1.1756827769502130E-015   0.0000000000000000     
   17.000000000000000        8.3120236222778111E-016   0.0000000000000000     
   17.100000000000001        1.4714606384652724E-015   0.0000000000000000     
   17.199999999999999        1.5527140625848858E-015   0.0000000000000000     
   17.300000000000001       -3.6220621412448693E-016   0.0000000000000000     
   17.400000000000002       -2.3692212008287197E-015   0.0000000000000000     
   17.500000000000000       -2.1088325907462568E-015   0.0000000000000000     
   17.600000000000001       -9.0712149157174201E-016   0.0000000000000000     
   17.699999999999999        6.7713376836636218E-017   0.0000000000000000     
   17.800000000000001        4.3600543882299413E-016   0.0000000000000000     
   17.900000000000002        5.8907862424598136E-016   0.0000000000000000     
   18.000000000000000        1.1330162893901676E-015   0.0000000000000000     
   18.100000000000001        1.6080778247670319E-015   0.0000000000000000     
   18.199999999999999        5.5979571871813448E-016   0.0000000000000000     
   18.300000000000001        8.9491381294060456E-017   0.0000000000000000     
   18.400000000000002       -4.2400672044320598E-016   0.0000000000000000     
   18.500000000000000       -5.7941372874533842E-016   0.0000000000000000     
   18.600000000000001       -1.6280775376623545E-015   0.0000000000000000     
   18.699999999999999       -3.7192152557105750E-016   0.0000000000000000     
   18.800000000000001       -7.8420253430782331E-016   0.0000000000000000     
   18.900000000000002        2.2821727642728602E-016   0.0000000000000000     
   19.000000000000000        2.4427531650380058E-017   0.0000000000000000     
   19.100000000000001        1.7803147313412003E-015   0.0000000000000000     
   19.200000000000003       -1.2587052038673904E-015   0.0000000000000000     
   19.300000000000001        2.9614690831367663E-015   0.0000000000000000     
   19.400000000000002       -1.0742979887550293E-015   0.0000000000000000     
   19.500000000000000        1.2695890325074843E-015   0.0000000000000000     
   19.600000000000001       -5.4019375804745401E-015   0.0000000000000000     
   19.700000000000003        4.3323214614336875E-015   0.0000000000000000     
   19.800000000000001       -3.5011052220247001E-015   0.0000000000000000     
   19.900000000000002        7.3364825894979586E-015   0.0000000000000000     
   20.000000000000000       -1.1586480978562219E-014   0.0000000000000000     
   20.100000000000001        1.2554606281356751E-014   0.0000000000000000     
   20.200000000000003       -1.1983449488980832E-014   0.0000000000000000     
   20.300000000000001        2.0057916654481389E-014   0.0000000000000000     
   20.400000000000002       -2.5420106795511110E-014   0.0000000000000000     
   20.500000000000000        2.9508929224004440E-014   0.0000000000000000     
   20.600000000000001       -4.0431728759083718E-014   0.0000000000000000     
   20.700000000000003        4.9898467006087639E-014   0.0000000000000000     
   20.800000000000001       -6.5026717771029991E-014   0.0000000000000000     
   20.900000000000002        8.2998940228549490E-014   0.0000000000000000     
   21.000000000000000       -1.0412199025266513E-013   0.0000000000000000     
   21.100000000000001        1.3205052724629940E-013   0.0000000000000000     
   21.200000000000003       -1.6693963638021630E-013   0.0000000000000000     
   21.300000000000001        2.1263038516218442E-013   0.0000000000000000     
   21.400000000000002       -2.7139098601682026E-013   0.0000000000000000     
   21.500000000000000        3.4448260251125051E-013   0.0000000000000000     
   21.600000000000001       -4.3407256772658791E-013   0.0000000000000000     
   21.700000000000003        5.4889801334790908E-013   0.0000000000000000     
   21.800000000000001       -6.9749815968930920E-013   0.0000000000000000     
   21.900000000000002        8.8027638096243659E-013   0.0000000000000000     
   22.000000000000000       -1.1124489604340391E-012   0.0000000000000000     
   22.100000000000001        1.4033712750065817E-012   0.0000000000000000     
   22.200000000000003       -1.7698629401154982E-012   0.0000000000000000     
   22.300000000000001        2.2350936154040837E-012   0.0000000000000000     
   22.400000000000002       -2.8122057552486837E-012   0.0000000000000000     
   22.500000000000000        3.5437394894832088E-012   0.0000000000000000     
   22.600000000000001       -4.4582235118864016E-012   0.0000000000000000     
   22.700000000000003        5.6023737467088865E-012   0.0000000000000000     
   22.800000000000001       -7.0354667596165670E-012   0.0000000000000000     
   22.900000000000002        8.8323421169243996E-012   0.0000000000000000     
   23.000000000000000       -1.1077801404295739E-011   0.0000000000000000     
   23.100000000000001        1.3883227408074566E-011   0.0000000000000000     
   23.200000000000003       -1.7386227914584633E-011   0.0000000000000000     
   23.300000000000001        2.1748572345710581E-011   0.0000000000000000     
   23.400000000000002       -2.7191118705431525E-011   0.0000000000000000     
   23.500000000000000        3.3965845879729496E-011   0.0000000000000000     
   23.600000000000001       -4.2393733591179920E-011   0.0000000000000000     
   23.700000000000003        5.2867286501936709E-011   0.0000000000000000     
   23.800000000000001       -6.5871871022602854E-011   0.0000000000000000     
   23.900000000000002        8.2004318975605028E-011   0.0000000000000000     
   24.000000000000000       -1.0200188654600799E-010   0.0000000000000000     
   24.100000000000001        1.2676568940471510E-010   0.0000000000000000     
   24.200000000000003       -1.5740146096104784E-010   0.0000000000000000     
   24.300000000000001        1.9526878993548875E-010   0.0000000000000000     
   24.400000000000002       -2.4202682091612216E-010   0.0000000000000000     
   24.500000000000000        2.9971157765025507E-010   0.0000000000000000     
   24.600000000000001       -3.7081025164903699E-010   0.0000000000000000     
   24.700000000000003        4.5834950952236742E-010   0.0000000000000000     
   24.800000000000001       -5.6602874186633746E-010   0.0000000000000000     
   24.900000000000002        6.9835266598148511E-010   0.0000000000000000     
   25.000000000000000       -8.6080717163208965E-010   0.0000000000000000     
   25.100000000000001        1.0600412616955325E-009   0.0000000000000000     
   25.200000000000003       -1.3041413543320686E-009   0.0000000000000000     
   25.300000000000001        1.6029062421052077E-009   0.0000000000000000     
   25.400000000000002       -1.9682039776887360E-009   0.0000000000000000     
   25.500000000000000        2.4143940171567578E-009   0.0000000000000000     
   25.600000000000001       -2.9588185927153449E-009   0.0000000000000000     
   25.700000000000003        3.6224187178413623E-009   0.0000000000000000     
   25.800000000000001       -4.4304208491050129E-009   0.0000000000000000     
   25.900000000000002        5.4132131743425254E-009   0.0000000000000000     
   26.000000000000000       -6.6073245203189871E-009   0.0000000000000000     
   26.100000000000001        8.0566425272870613E-009   0.0000000000000000     
   26.200000000000003       -9.8137979020259451E-009   0.0000000000000000     
   26.300000000000001        1.1941855392999358E-008   0.0000000000000000     
   26.400000000000002       -1.4516291817432204E-008   0.0000000000000000     
   26.500000000000000        1.7627288125856125E-008   0.0000000000000000     
   26.600000000000001       -2.1382505336121783E-008   0.0000000000000000     
   26.700000000000003        2.5910270723184354E-008   0.0000000000000000     
   26.800000000000001       -3.1363379120141776E-008   0.0000000000000000     
   26.900000000000002        3.7923503082350786E-008   0.0000000000000000     
   27.000000000000000       -4.5806372653449311E-008   0.0000000000000000     
   27.100000000000001        5.5267829875547879E-008   0.0000000000000000     
   27.200000000000003       -6.6610884849581619E-008   0.0000000000000000     
   27.300000000000001        8.0193931331438789E-008   0.0000000000000000     
   27.400000000000002       -9.6440278147089784E-008   0.0000000000000000     
   27.500000000000000        1.1584927883280290E-007   0.0000000000000000     
   27.600000000000001       -1.3900914017388046E-007   0.0000000000000000     
   27.700000000000003        1.6661179384458889E-007   0.0000000000000000     
   27.800000000000001       -1.9947005877836483E-007   0.0000000000000000     
   27.900000000000002        2.3853742446708186E-007   0.0000000000000000     
   28.000000000000000       -2.8493079908523802E-007   0.0000000000000000     
   28.100000000000001        3.3995665724913524E-007   0.0000000000000000     
   28.200000000000003       -4.0514102259011403E-007   0.0000000000000000     
   28.300000000000001        4.8226376338341028E-007   0.0000000000000000     
   28.400000000000002       -5.7339778179022783E-007   0.0000000000000000     
   28.500000000000000        6.8095366572832866E-007   0.0000000000000000     
   28.600000000000001       -8.0773053935302591E-007   0.0000000000000000     
   28.700000000000003        9.5697377504028675E-007   0.0000000000000000     
   28.800000000000001       -1.1324403964162239E-006   0.0000000000000000     
   28.900000000000002        1.3384730772210591E-006   0.0000000000000000     
   29.000000000000000       -1.5800836105019835E-006   0.0000000000000000     
   29.100000000000001        1.8630469691893093E-006   0.0000000000000000     
   29.200000000000003       -2.1940069210863161E-006   0.0000000000000000     
   29.300000000000001        2.5805945303367377E-006   0.0000000000000000     
   29.400000000000002       -3.0315606490276495E-006   0.0000000000000000     
   29.500000000000000        3.5569238141972189E-006   0.0000000000000000     
   29.600000000000001       -4.1681348820475085E-006   0.0000000000000000     
   29.700000000000003        4.8782598488754962E-006   0.0000000000000000     
   29.800000000000001       -5.7021824358429614E-006   0.0000000000000000     
   29.900000000000002        6.6568277906873339E-006   0.0000000000000000     
   30.000000000000000       -7.7614090726606982E-006   0.0000000000000000     
   30.100000000000001        9.0376983241516987E-006   0.0000000000000000     
   30.200000000000003       -1.0510323256474049E-005   0.0000000000000000     
   30.300000000000001        1.2207091394227420E-005   0.0000000000000000     
   30.400000000000002       -1.4159343043373973E-005   0.0000000000000000     
   30.500000000000000        1.6402334353416928E-005   0.0000000000000000     
   30.600000000000001       -1.8975651644557146E-005   0.0000000000000000     
   30.700000000000003        2.1923657951111447E-005   0.0000000000000000     
   30.800000000000001       -2.5295972448016654E-005   0.0000000000000000     
   30.900000000000002        2.9147983191228048E-005   0.0000000000000000     
   31.000000000000000       -3.3541393114420881E-005   0.0000000000000000     
   31.100000000000001        3.8544798880680394E-005   0.0000000000000000     
   31.200000000000003       -4.4234301556272863E-005   0.0000000000000000     
   31.300000000000001        5.0694147587322083E-005   0.0000000000000000     
   31.400000000000002       -5.8017397714739536E-005   0.0000000000000000     
   31.500000000000000        6.6306620799843482E-005   0.0000000000000000     
   31.600000000000001       -7.5674608581141706E-005   0.0000000000000000     
   31.700000000000003        8.6245106367972507E-005   0.0000000000000000     
   31.800000000000001       -9.8153553754221304E-005   0.0000000000000000     
   31.900000000000002        1.1154782793531374E-004   0.0000000000000000     
   32.000000000000000       -1.2658898137260892E-004   0.0000000000000000     
   32.100000000000001        1.4345196371130689E-004   0.0000000000000000     
   32.200000000000003       -1.6232631681233536E-004   0.0000000000000000     
   32.300000000000004        1.8341682993454849E-004   0.0000000000000000     
   32.399999999999999       -2.0694414068048574E-004   0.0000000000000000     
   32.500000000000000        2.3314526569068232E-004   0.0000000000000000     
   32.600000000000001       -2.6227404327448578E-004   0.0000000000000000     
   32.700000000000003        2.9460146873738058E-004   0.0000000000000000     
   32.800000000000004       -3.3041590137211689E-004   0.0000000000000000     
   32.899999999999999        3.7002312060473662E-004   0.0000000000000000     
   33.000000000000000       -4.1374620735544406E-004   0.0000000000000000     
   33.100000000000001        4.6192522535463824E-004   0.0000000000000000     
   33.200000000000003       -5.1491667603958491E-004   0.0000000000000000     
   33.300000000000004        5.7309269974898595E-004   0.0000000000000000     
   33.399999999999999       -6.3683999553854900E-004   0.0000000000000000     
   33.500000000000000        7.0655843140920776E-004   0.0000000000000000     
   33.600000000000001       -7.8265931721754228E-004   0.0000000000000000     
   33.700000000000003        8.6556331305647936E-004   0.0000000000000000     
   33.800000000000004       -9.5569794704365165E-004   0.0000000000000000     
   33.899999999999999        1.0534947182809940E-003   0.0000000000000000     
   34.000000000000000       -1.1593857632118971E-003   0.0000000000000000     
   34.100000000000001        1.2738000665377342E-003   0.0000000000000000     
   34.200000000000003       -1.3971592019255178E-003   0.0000000000000000     
   34.300000000000004        1.5298725921870802E-003   0.0000000000000000     
   34.399999999999999       -1.6723322841658288E-003   0.0000000000000000     
   34.500000000000000        1.8249072398794513E-003   0.0000000000000000     
   34.600000000000001       -1.9879371524228603E-003   0.0000000000000000     
   34.700000000000003        2.1617258033230897E-003   0.0000000000000000     
   34.800000000000004       -2.3465339866082699E-003   0.0000000000000000     
   34.899999999999999        2.5425720344822889E-003   0.0000000000000000     
   35.000000000000000       -2.7499919895489413E-003   0.0000000000000000     
   35.100000000000001        2.9688794795477438E-003   0.0000000000000000     
   35.200000000000003       -3.1992453616309655E-003   0.0000000000000000     
   35.300000000000004        3.4410172149015729E-003   0.0000000000000000     
   35.399999999999999       -3.6940307717771058E-003   0.0000000000000000     
   35.500000000000000        3.9580213904278393E-003   0.0000000000000000     
   35.600000000000001       -4.2326156821374441E-003   0.0000000000000000     
   35.700000000000003        4.5173234185196479E-003   0.0000000000000000     
   35.800000000000004       -4.8115298538368703E-003   0.0000000000000000     
   35.899999999999999        5.1144886070443284E-003   0.0000000000000000     
   36.000000000000000       -5.4253152562885546E-003   0.0000000000000000     
   36.100000000000001        5.7429818049432426E-003   0.0000000000000000     
   36.200000000000003       -6.0663121829576620E-003   0.0000000000000000     
   36.300000000000004        6.3939789496118647E-003   0.0000000000000000     
   36.399999999999999       -6.7245013637271395E-003   0.0000000000000000     
   36.500000000000000        7.0562449843266928E-003   0.0000000000000000     
   36.600000000000001       -7.3874229591237182E-003   0.0000000000000000     
   36.700000000000003        7.7160991488357976E-003   0.0000000000000000     
   36.800000000000004       -8.0401932228640945E-003   0.0000000000000000     
   36.899999999999999        8.3574878458502269E-003   0.0000000000000000     
   37.000000000000000       -8.6656380546934111E-003   0.0000000000000000     
   37.100000000000001        8.9621829025811200E-003   0.0000000000000000     
   37.200000000000003       -9.2445594193018444E-003   0.0000000000000000     
   37.300000000000004        9.5101189071926974E-003   0.0000000000000000     
   37.399999999999999       -9.7561455582077222E-003   0.0000000000000000     
   37.500000000000000        9.9798773416393122E-003   0.0000000000000000     
   37.600000000000001       -1.0178529072833160E-002   0.0000000000000000     
   37.700000000000003        1.0349317532844028E-002   0.0000000000000000     
   37.800000000000004       -1.0489488466695000E-002   0.0000000000000000     
   37.899999999999999        1.0596345245162970E-002   0.0000000000000000     
   38.000000000000000       -1.0667278932394783E-002   0.0000000000000000     
   38.100000000000001        1.0699799459650265E-002   0.0000000000000000     
   38.200000000000003       -1.0691567565617784E-002   0.0000000000000000     
   38.300000000000004        1.0640427126083514E-002   0.0000000000000000     
   38.400000000000006       -1.0544437462086281E-002   0.0000000000000000     
   38.500000000000000        1.0401905186223762E-002   0.0000000000000000     
   38.600000000000001       -1.0211415123032763E-002   0.0000000000000000     
   38.700000000000003        9.9718598216499994E-003   0.0000000000000000     
   38.800000000000004       -9.6824671686421230E-003   0.0000000000000000     
   38.900000000000006        9.3428256062236259E-003   0.0000000000000000     
   39.000000000000000       -8.9529064669911593E-003   0.0000000000000000     
   39.100000000000001        8.5130829511450689E-003   0.0000000000000000     
   39.200000000000003       -8.0241452962343807E-003   0.0000000000000000     
   39.300000000000004        7.4873117230239532E-003   0.0000000000000000     
   39.400000000000006       -6.9042347840314686E-003   0.0000000000000000     
   39.500000000000000        6.2770027932834366E-003   0.0000000000000000     
   39.600000000000001       -5.6081360767455003E-003   0.0000000000000000     
   39.700000000000003        4.9005778515593974E-003   0.0000000000000000     
   39.800000000000004       -4.1576796182320533E-003   0.0000000000000000     
   39.900000000000006        3.3831810320377425E-003   0.0000000000000000     
   40.000000000000000       -2.5811843064667828E-003   0.0000000000000000     
   40.100000000000001        1.7561232918505670E-003   0.0000000000000000     
   40.200000000000003       -9.1272746392034008E-004   0.0000000000000000     
   40.300000000000004        5.5981148966823758E-005   0.0000000000000000     
   40.400000000000006        8.0892159817489556E-004   0.0000000000000000     
   40.500000000000000       -1.6766259606860298E-003   0.0000000000000000     
   40.600000000000001        2.5416685881646962E-003   0.0000000000000000     
   40.700000000000003       -3.3985324310524291E-003   0.0000000000000000     
   40.800000000000004        4.2417034618351399E-003   0.0000000000000000     
   40.900000000000006       -5.0657285111608032E-003   0.0000000000000000     
   41.000000000000000        5.8652734067765333E-003   0.0000000000000000     
   41.100000000000001       -6.6351805768039571E-003   0.0000000000000000     
   41.200000000000003        7.3705252671065636E-003   0.0000000000000000     
   41.300000000000004       -8.0666695261082302E-003   0.0000000000000000     
   41.400000000000006        8.7193131299938900E-003   0.0000000000000000     
   41.500000000000000       -9.3245406564859534E-003   0.0000000000000000     
   41.600000000000001        9.8788639664651422E-003   0.0000000000000000     
   41.700000000000003       -1.0379259418298085E-002   0.0000000000000000     
   41.800000000000004        1.0823199219739413E-002   0.0000000000000000     
   41.900000000000006       -1.1208676414295307E-002   0.0000000000000000     
   42.000000000000000        1.1534223102131161E-002   0.0000000000000000     
   42.100000000000001       -1.1798921607714367E-002   0.0000000000000000     
   42.200000000000003        1.2002408424628651E-002   0.0000000000000000     
   42.300000000000004       -1.2144870891707909E-002   0.0000000000000000     
   42.400000000000006        1.2227036678245947E-002   0.0000000000000000     
   42.500000000000000       -1.2250156281134536E-002   0.0000000000000000     
   42.600000000000001        1.2215978855568821E-002   0.0000000000000000     
   42.700000000000003       -1.2126721816698762E-002   0.0000000000000000     
   42.800000000000004        1.1985034753766369E-002   0.0000000000000000     
   42.900000000000006       -1.1793958294004092E-002   0.0000000000000000     
   43.000000000000000        1.1556878635167427E-002   0.0000000000000000     
   43.100000000000001       -1.1277478531988766E-002   0.0000000000000000     
   43.200000000000003        1.0959685575157667E-002   0.0000000000000000     
   43.300000000000004       -1.0607618631660121E-002   0.0000000000000000     
   43.400000000000006        1.0225533337214317E-002   0.0000000000000000     
   43.500000000000000       -9.8177675233104052E-003   0.0000000000000000     
   43.600000000000001        9.3886874492533634E-003   0.0000000000000000     
   43.700000000000003       -8.9426356672627581E-003   0.0000000000000000     
   43.800000000000004        8.4838813004252181E-003   0.0000000000000000     
   43.900000000000006       -8.0165734472194047E-003   0.0000000000000000     
   44.000000000000000        7.5446983397847635E-003   0.0000000000000000     
   44.100000000000001       -7.0720408093613695E-003   0.0000000000000000     
   44.200000000000003        6.6021504869055829E-003   0.0000000000000000     
   44.300000000000004       -6.1383131005834958E-003   0.0000000000000000     
   44.400000000000006        5.6835270761290448E-003   0.0000000000000000     
   44.500000000000000       -5.2404855909469299E-003   0.0000000000000000     
   44.600000000000001        4.8115640731178121E-003   0.0000000000000000     
   44.700000000000003       -4.3988130743255116E-003   0.0000000000000000     
   44.800000000000004        4.0039563329044387E-003   0.0000000000000000     
   44.900000000000006       -3.6283937290085321E-003   0.0000000000000000     
   45.000000000000000        3.2732088391443969E-003   0.0000000000000000     
   45.100000000000001       -2.9391805716942722E-003   0.0000000000000000     
   45.200000000000003        2.6267985531859069E-003   0.0000000000000000     
   45.300000000000004       -2.3362815638703657E-003   0.0000000000000000     
   45.400000000000006        2.0675986952246694E-003   0.0000000000000000     
   45.500000000000000       -1.8204924442001703E-003   0.0000000000000000     
   45.600000000000001        1.5945033837436178E-003   0.0000000000000000     
   45.700000000000003       -1.3889957327961964E-003   0.0000000000000000     
   45.800000000000004        1.2031832878143564E-003   0.0000000000000000     
   45.900000000000006       -1.0361554353046059E-003   0.0000000000000000     
   46.000000000000000        8.8690229381243430E-004   0.0000000000000000     
   46.100000000000001       -7.5433941916709679E-004   0.0000000000000000     
   46.200000000000003        6.3733048896604178E-004   0.0000000000000000     
   46.300000000000004       -5.3470929040683852E-004   0.0000000000000000     
   46.400000000000006        4.4529882231359450E-004   0.0000000000000000     
   46.500000000000000       -3.6792947253905397E-004   0.0000000000000000     
   46.600000000000001        3.0145407712461604E-004   0.0000000000000000     
   46.700000000000003       -2.4476143890104574E-004   0.0000000000000000     
   46.800000000000004        1.9678759081535931E-004   0.0000000000000000     
   46.900000000000006       -1.5652399565173306E-004   0.0000000000000000     
   47.000000000000000        1.2302586510941219E-004   0.0000000000000000     
   47.100000000000001       -9.5414627749879156E-005   0.0000000000000000     
   47.200000000000003        7.2884428390712866E-005   0.0000000000000000     
   47.300000000000004       -5.4698979961458305E-005   0.0000000000000000     
   47.400000000000006        4.0197013555699093E-005   0.0000000000000000     
   47.500000000000000       -2.8784726171116824E-005   0.0000000000000000     
   47.600000000000001        1.9939690329304666E-005   0.0000000000000000     
   47.700000000000003       -1.3201996621730356E-005   0.0000000000000000     
   47.800000000000004        8.1738678482583154E-006   0.0000000000000000     
   47.900000000000006       -4.5152116844713866E-006   0.0000000000000000     
   48.000000000000000        1.9332680609513035E-006   0.0000000000000000     
   48.100000000000001       -1.9098577349504418E-007   0.0000000000000000     
   48.200000000000003       -9.2143183332743334E-007   0.0000000000000000     
   48.300000000000004        1.5556690806795147E-006   0.0000000000000000     
   48.400000000000006       -1.8598916919444773E-006   0.0000000000000000     
   48.500000000000000        1.9185514862577747E-006   0.0000000000000000     
   48.600000000000001       -1.8353832593114356E-006   0.0000000000000000     
   48.700000000000003        1.6472952506359964E-006   0.0000000000000000     
   48.800000000000004       -1.4229559267166441E-006   0.0000000000000000     
   48.900000000000006        1.1753842596584393E-006   0.0000000000000000     
   49.000000000000000       -9.3606813408115184E-007   0.0000000000000000     
   49.100000000000001        7.2465258127959304E-007   0.0000000000000000     
   49.200000000000003       -5.1927609616484770E-007   0.0000000000000000     
   49.300000000000004        3.8529390880089598E-007   0.0000000000000000     
   49.400000000000006       -2.1784143790642512E-007   0.0000000000000000     
   49.500000000000000        1.7051973400321312E-007   0.0000000000000000     
   49.600000000000001       -4.5546295966646084E-008   0.0000000000000000     
   49.700000000000003        6.1239034725219155E-008   0.0000000000000000     
   49.800000000000004        1.1015706099383019E-007   0.0000000000000000     
   49.900000000000006        5.0654071924799070E-054   0.0000000000000000     
