   0.0000000000000000        6.4326758727342801E-004   0.0000000000000000     
  0.10000000000000001        5.8098904684873037E-004   0.0000000000000000     
  0.20000000000000001        4.9227073047948793E-004   0.0000000000000000     
  0.30000000000000004        5.1149692589377881E-004   0.0000000000000000     
  0.40000000000000002        3.6194116049470141E-004   0.0000000000000000     
  0.50000000000000000        4.1975627556307786E-004   0.0000000000000000     
  0.60000000000000009        2.2390738758304042E-004   0.0000000000000000     
  0.70000000000000007        3.3820168043546757E-004   0.0000000000000000     
  0.80000000000000004        1.1178954170008584E-004   0.0000000000000000     
  0.90000000000000002        2.9165803428118665E-004   0.0000000000000000     
   1.0000000000000000        1.7297893926629352E-005   0.0000000000000000     
   1.1000000000000001        2.7414742054472001E-004   0.0000000000000000     
   1.2000000000000002       -6.7928083553352948E-005   0.0000000000000000     
   1.3000000000000000        2.8180734534922461E-004   0.0000000000000000     
   1.4000000000000001       -1.5088651161016027E-004   0.0000000000000000     
   1.5000000000000000        3.1258138923037805E-004   0.0000000000000000     
   1.6000000000000001       -2.3763059180116478E-004   0.0000000000000000     
   1.7000000000000002        3.6588925744862507E-004   0.0000000000000000     
   1.8000000000000000       -3.3359893846350873E-004   0.0000000000000000     
   1.9000000000000001        4.4236255974749815E-004   0.0000000000000000     
   2.0000000000000000       -4.4386447907787874E-004   0.0000000000000000     
   2.1000000000000001        5.4362804268753774E-004   0.0000000000000000     
   2.2000000000000002       -5.7331038693227067E-004   0.0000000000000000     
   2.3000000000000003        6.7212110982315027E-004   0.0000000000000000     
   2.4000000000000004       -7.2673916669582360E-004   0.0000000000000000     
   2.5000000000000000        8.3091396900876176E-004   0.0000000000000000     
   2.6000000000000001       -9.0891897140933230E-004   0.0000000000000000     
   2.7000000000000002        1.0235444238229944E-003   0.0000000000000000     
   2.8000000000000003       -1.1245696735523538E-003   0.0000000000000000     
   2.9000000000000004        1.2538332270844758E-003   0.0000000000000000     
   3.0000000000000000       -1.3782902909421581E-003   0.0000000000000000     
   3.1000000000000001        1.5256801158493490E-003   0.0000000000000000     
   3.2000000000000002       -1.6744291966253537E-003   0.0000000000000000     
   3.3000000000000003        1.8428312357451830E-003   0.0000000000000000     
   3.4000000000000004       -2.0168992013910774E-003   0.0000000000000000     
   3.5000000000000000        2.2086137147075018E-003   0.0000000000000000     
   3.6000000000000001       -2.4089411245517816E-003   0.0000000000000000     
   3.7000000000000002        2.6256367046924652E-003   0.0000000000000000     
   3.8000000000000003       -2.8528418439309360E-003   0.0000000000000000     
   3.9000000000000004        3.0954622671561646E-003   0.0000000000000000     
   4.0000000000000000       -3.3496159538950868E-003   0.0000000000000000     
   4.1000000000000005        3.6182539560325614E-003   0.0000000000000000     
   4.2000000000000002       -3.8986638968928305E-003   0.0000000000000000     
   4.2999999999999998        4.1924156894663179E-003   0.0000000000000000     
   4.4000000000000004       -4.4974235206117052E-003   0.0000000000000000     
   4.5000000000000000        4.8142382494889037E-003   0.0000000000000000     
   4.6000000000000005       -5.1410361165815308E-003   0.0000000000000000     
   4.7000000000000002        5.4775751697593257E-003   0.0000000000000000     
   4.8000000000000007       -5.8220517061777308E-003   0.0000000000000000     
   4.9000000000000004        6.1735734550631381E-003   0.0000000000000000     
   5.0000000000000000       -6.5302011887699981E-003   0.0000000000000000     
   5.1000000000000005        6.8904870626345675E-003   0.0000000000000000     
   5.2000000000000002       -7.2522644597390945E-003   0.0000000000000000     
   5.3000000000000007        7.6136018927169796E-003   0.0000000000000000     
   5.4000000000000004       -7.9720632634896309E-003   0.0000000000000000     
   5.5000000000000000        8.3252997481922386E-003   0.0000000000000000     
   5.6000000000000005       -8.6706049553944183E-003   0.0000000000000000     
   5.7000000000000002        9.0052849847824246E-003   0.0000000000000000     
   5.8000000000000007       -9.3263982176878101E-003   0.0000000000000000     
   5.9000000000000004        9.6309911886399702E-003   0.0000000000000000     
   6.0000000000000000       -9.9159539972989846E-003   0.0000000000000000     
   6.1000000000000005        1.0178176194053291E-002   0.0000000000000000     
   6.2000000000000002       -1.0414474629918529E-002   0.0000000000000000     
   6.3000000000000007        1.0621702347087269E-002   0.0000000000000000     
   6.4000000000000004       -1.0796721669805292E-002   0.0000000000000000     
   6.5000000000000000        1.0936485660642070E-002   0.0000000000000000     
   6.6000000000000005       -1.1038039024516270E-002   0.0000000000000000     
   6.7000000000000002        1.1098583197419434E-002   0.0000000000000000     
   6.8000000000000007       -1.1115493527976599E-002   0.0000000000000000     
   6.9000000000000004        1.1086373708719125E-002   0.0000000000000000     
   7.0000000000000000       -1.1009081221649879E-002   0.0000000000000000     
   7.1000000000000005        1.0881773478907883E-002   0.0000000000000000     
   7.2000000000000002       -1.0702935638005819E-002   0.0000000000000000     
   7.3000000000000007        1.0471418794723793E-002   0.0000000000000000     
   7.4000000000000004       -1.0186465607882514E-002   0.0000000000000000     
   7.5000000000000000        9.8477397571372777E-003   0.0000000000000000     
   7.6000000000000005       -9.4553457565973598E-003   0.0000000000000000     
   7.7000000000000002        9.0098483914295823E-003   0.0000000000000000     
   7.8000000000000007       -8.5122838837976365E-003   0.0000000000000000     
   7.9000000000000004        7.9641679870680968E-003   0.0000000000000000     
   8.0000000000000000       -7.3674964331639893E-003   0.0000000000000000     
   8.0999999999999996        6.7247406748086862E-003   0.0000000000000000     
   8.2000000000000011       -6.0388363555048874E-003   0.0000000000000000     
   8.3000000000000007        5.3131662551051733E-003   0.0000000000000000     
   8.4000000000000004       -4.5515363961759290E-003   0.0000000000000000     
   8.5000000000000000        3.7581464811068219E-003   0.0000000000000000     
   8.5999999999999996       -2.9375541583967538E-003   0.0000000000000000     
   8.7000000000000011        2.0946340564745964E-003   0.0000000000000000     
   8.8000000000000007       -1.2345316325825747E-003   0.0000000000000000     
   8.9000000000000004        3.6261272486279392E-004   0.0000000000000000     
   9.0000000000000000        5.1559076707393227E-004   0.0000000000000000     
   9.0999999999999996       -1.3944381568371995E-003   0.0000000000000000     
   9.2000000000000011        2.2682395230310083E-003   0.0000000000000000     
   9.3000000000000007       -3.1313165802462259E-003   0.0000000000000000     
   9.4000000000000004        3.9780640415231589E-003   0.0000000000000000     
   9.5000000000000000       -4.8030104995528417E-003   0.0000000000000000     
   9.6000000000000014        5.6008779420694769E-003   0.0000000000000000     
   9.7000000000000011       -6.3666389638088331E-003   0.0000000000000000     
   9.8000000000000007        7.0955708192941350E-003   0.0000000000000000     
   9.9000000000000004       -7.7833054736894704E-003   0.0000000000000000     
   10.000000000000000        8.4258749018253590E-003   0.0000000000000000     
   10.100000000000001       -9.0197509468851900E-003   0.0000000000000000     
   10.200000000000001        9.5618791592541399E-003   0.0000000000000000     
   10.300000000000001       -1.0049706131630361E-002   0.0000000000000000     
   10.400000000000000        1.0481199969439015E-002   0.0000000000000000     
   10.500000000000000       -1.0854863652024416E-002   0.0000000000000000     
   10.600000000000001        1.1169741170252998E-002   0.0000000000000000     
   10.700000000000001       -1.1425416450507696E-002   0.0000000000000000     
   10.800000000000001        1.1622005203102000E-002   0.0000000000000000     
   10.900000000000000       -1.1760139953186678E-002   0.0000000000000000     
   11.000000000000000        1.1840948628145153E-002   0.0000000000000000     
   11.100000000000001       -1.1866027180270569E-002   0.0000000000000000     
   11.200000000000001        1.1837406818184846E-002   0.0000000000000000     
   11.300000000000001       -1.1757516500919166E-002   0.0000000000000000     
   11.400000000000000        1.1629141414997183E-002   0.0000000000000000     
   11.500000000000000       -1.1455378204725771E-002   0.0000000000000000     
   11.600000000000001        1.1239587759634875E-002   0.0000000000000000     
   11.700000000000001       -1.0985346379482102E-002   0.0000000000000000     
   11.800000000000001        1.0696396136995008E-002   0.0000000000000000     
   11.900000000000000       -1.0376595242024843E-002   0.0000000000000000     
   12.000000000000000        1.0029869178811336E-002   0.0000000000000000     
   12.100000000000001       -9.6601633418490710E-003   0.0000000000000000     
   12.200000000000001        9.2713978373018969E-003   0.0000000000000000     
   12.300000000000001       -8.8674250472270486E-003   0.0000000000000000     
   12.400000000000000        8.4519904754779447E-003   0.0000000000000000     
   12.500000000000000       -8.0286973092795928E-003   0.0000000000000000     
   12.600000000000001        7.6009750407683178E-003   0.0000000000000000     
   12.700000000000001       -7.1720524009709144E-003   0.0000000000000000     
   12.800000000000001        6.7449347669441455E-003   0.0000000000000000     
   12.900000000000000       -6.3223861126231063E-003   0.0000000000000000     
   13.000000000000000        5.9069154878669617E-003   0.0000000000000000     
   13.100000000000001       -5.5007679297704309E-003   0.0000000000000000     
   13.200000000000001        5.1059196366067816E-003   0.0000000000000000     
   13.300000000000001       -4.7240771696212712E-003   0.0000000000000000     
   13.400000000000000        4.3566803919127877E-003   0.0000000000000000     
   13.500000000000000       -4.0049088072819788E-003   0.0000000000000000     
   13.600000000000001        3.6696909260664342E-003   0.0000000000000000     
   13.700000000000001       -3.3517162593009616E-003   0.0000000000000000     
   13.800000000000001        3.0514495268863990E-003   0.0000000000000000     
   13.900000000000000       -2.7691466597391744E-003   0.0000000000000000     
   14.000000000000000        2.5048721790750109E-003   0.0000000000000000     
   14.100000000000001       -2.2585175474720714E-003   0.0000000000000000     
   14.200000000000001        2.0298201053325754E-003   0.0000000000000000     
   14.300000000000001       -1.8183822314068226E-003   0.0000000000000000     
   14.400000000000000        1.6236903963507225E-003   0.0000000000000000     
   14.500000000000000       -1.4451338126485200E-003   0.0000000000000000     
   14.600000000000001        1.2820224212801389E-003   0.0000000000000000     
   14.700000000000001       -1.1336039944169875E-003   0.0000000000000000     
   14.800000000000001        9.9908017295443578E-004   0.0000000000000000     
   14.900000000000000       -8.7762129682443274E-004   0.0000000000000000     
   15.000000000000000        7.6837992410258603E-004   0.0000000000000000     
   15.100000000000001       -6.7050297096271367E-004   0.0000000000000000     
   15.200000000000001        5.8314243799837523E-004   0.0000000000000000     
   15.300000000000001       -5.0546471888748964E-004   0.0000000000000000     
   15.400000000000000        4.3665851432587018E-004   0.0000000000000000     
   15.500000000000000       -3.7594139750140270E-004   0.0000000000000000     
   15.600000000000001        3.2256509690688863E-004   0.0000000000000000     
   15.700000000000001       -2.7581957798788250E-004   0.0000000000000000     
   15.800000000000001        2.3503601721448558E-004   0.0000000000000000     
   15.900000000000000       -1.9958877064790262E-004   0.0000000000000000     
   16.000000000000000        1.6889644429845307E-004   0.0000000000000000     
   16.100000000000001       -1.4242217587268058E-004   0.0000000000000000     
   16.199999999999999        1.1967323706697741E-004   0.0000000000000000     
   16.300000000000001       -1.0020006294898603E-004   0.0000000000000000     
   16.400000000000002        8.3594810424720875E-005   0.0000000000000000     
   16.500000000000000       -6.9489541619763021E-005   0.0000000000000000     
   16.600000000000001        5.7554120823816980E-005   0.0000000000000000     
   16.699999999999999       -4.7493905558781181E-005   0.0000000000000000     
   16.800000000000001        3.9047303667783635E-005   0.0000000000000000     
   16.900000000000002       -3.1983259582605189E-005   0.0000000000000000     
   17.000000000000000        2.6098724075717143E-005   0.0000000000000000     
   17.100000000000001       -2.1216153190628407E-005   0.0000000000000000     
   17.199999999999999        1.7181073953109319E-005   0.0000000000000000     
   17.300000000000001       -1.3859746730738518E-005   0.0000000000000000     
   17.400000000000002        1.1136947064090469E-005   0.0000000000000000     
   17.500000000000000       -8.9138835724330765E-006   0.0000000000000000     
   17.600000000000001        7.1062628633268189E-006   0.0000000000000000     
   17.699999999999999       -5.6425074744349722E-006   0.0000000000000000     
   17.800000000000001        4.4621288552679328E-006   0.0000000000000000     
   17.900000000000002       -3.5142539532630686E-006   0.0000000000000000     
   18.000000000000000        2.7563011406002390E-006   0.0000000000000000     
   18.100000000000001       -2.1527991404542009E-006   0.0000000000000000     
   18.199999999999999        1.6743410210280631E-006   0.0000000000000000     
   18.300000000000001       -1.2966641325965845E-006   0.0000000000000000     
   18.400000000000002        9.9984624333602970E-007   0.0000000000000000     
   18.500000000000000       -7.6760780836979491E-007   0.0000000000000000     
   18.600000000000001        5.8671015712031058E-007   0.0000000000000000     
   18.699999999999999       -4.4643966934011998E-007   0.0000000000000000     
   18.800000000000001        3.3816841651683302E-007   0.0000000000000000     
   18.900000000000002       -2.5498215190261794E-007   0.0000000000000000     
   19.000000000000000        1.9136722491068254E-007   0.0000000000000000     
   19.100000000000001       -1.4294866991296518E-007   0.0000000000000000     
   19.200000000000003        1.0627235895948033E-007   0.0000000000000000     
   19.300000000000001       -7.8624899141659691E-008   0.0000000000000000     
   19.400000000000002        5.7885595564638680E-008   0.0000000000000000     
   19.500000000000000       -4.2405441010635054E-008   0.0000000000000000     
   19.600000000000001        3.0908811834528893E-008   0.0000000000000000     
   19.700000000000003       -2.2414065053766729E-008   0.0000000000000000     
   19.800000000000001        1.6169753327890781E-008   0.0000000000000000     
   19.900000000000002       -1.1603696602227363E-008   0.0000000000000000     
   20.000000000000000        8.2825466424572236E-009   0.0000000000000000     
   20.100000000000001       -5.8798874792204836E-009   0.0000000000000000     
   20.200000000000003        4.1512041829295630E-009   0.0000000000000000     
   20.300000000000001       -2.9143356597218851E-009   0.0000000000000000     
   20.400000000000002        2.0343419877255190E-009   0.0000000000000000     
   20.500000000000000       -1.4118398370206750E-009   0.0000000000000000     
   20.600000000000001        9.7404670974462059E-010   0.0000000000000000     
   20.700000000000003       -6.6797828231997092E-010   0.0000000000000000     
   20.800000000000001        4.5528848427477985E-010   0.0000000000000000     
   20.900000000000002       -3.0838845318710382E-010   0.0000000000000000     
   21.000000000000000        2.0756233485942359E-010   0.0000000000000000     
   21.100000000000001       -1.3880109871647603E-010   0.0000000000000000     
   21.200000000000003        9.2208120360957177E-011   0.0000000000000000     
   21.300000000000001       -6.0844224278623397E-011   0.0000000000000000     
   21.400000000000002        3.9873101266930977E-011   0.0000000000000000     
   21.500000000000000       -2.5948157563737825E-011   0.0000000000000000     
   21.600000000000001        1.6767600669497465E-011   0.0000000000000000     
   21.700000000000003       -1.0755012257613739E-011   0.0000000000000000     
   21.800000000000001        6.8458304478228457E-012   0.0000000000000000     
   21.900000000000002       -4.3259952208203578E-012   0.0000000000000000     
   22.000000000000000        2.7151555458647280E-012   0.0000000000000000     
   22.100000000000001       -1.6906095036331508E-012   0.0000000000000000     
   22.200000000000003        1.0409766805076585E-012   0.0000000000000000     
   22.300000000000001       -6.3652279301390073E-013   0.0000000000000000     
   22.400000000000002        3.8755734173727615E-013   0.0000000000000000     
   22.500000000000000       -2.3145081573176522E-013   0.0000000000000000     
   22.600000000000001        1.3783122553910278E-013   0.0000000000000000     
   22.700000000000003       -8.2738633797274034E-014   0.0000000000000000     
   22.800000000000001        4.8694968603641685E-014   0.0000000000000000     
   22.900000000000002       -3.0229646982466747E-014   0.0000000000000000     
   23.000000000000000        1.6206391175631646E-014   0.0000000000000000     
   23.100000000000001       -6.3491300560032669E-015   0.0000000000000000     
   23.200000000000003        6.5750335756100609E-015   0.0000000000000000     
   23.300000000000001       -6.3498006422715367E-015   0.0000000000000000     
   23.400000000000002        2.7090871452959054E-015   0.0000000000000000     
   23.500000000000000       -1.3627101605876442E-015   0.0000000000000000     
   23.600000000000001        1.8151335412044578E-015   0.0000000000000000     
   23.700000000000003       -3.6651987528412797E-015   0.0000000000000000     
   23.800000000000001        1.7500886322923164E-015   0.0000000000000000     
   23.900000000000002        2.7008694988758544E-015   0.0000000000000000     
   24.000000000000000       -1.6655616404925571E-015   0.0000000000000000     
   24.100000000000001        1.8350370650090189E-016   0.0000000000000000     
   24.200000000000003       -8.2612948780331383E-016   0.0000000000000000     
   24.300000000000001        1.1585681991121829E-015   0.0000000000000000     
   24.400000000000002       -2.8208668630557681E-015   0.0000000000000000     
   24.500000000000000        2.0648715367098667E-015   0.0000000000000000     
   24.600000000000001       -2.0441656401937177E-015   0.0000000000000000     
   24.700000000000003        5.8534710404550188E-015   0.0000000000000000     
   24.800000000000001       -4.4107525300870789E-015   0.0000000000000000     
   24.900000000000002        1.6976479435533126E-015   0.0000000000000000     
   25.000000000000000       -3.7000264508850327E-015   0.0000000000000000     
   25.100000000000001        3.4245289316858461E-015   0.0000000000000000     
   25.200000000000003       -2.1420158694951539E-015   0.0000000000000000     
   25.300000000000001        1.4989225572738385E-015   0.0000000000000000     
   25.400000000000002        1.6980621318719775E-016   0.0000000000000000     
   25.500000000000000        2.9263802710754395E-015   0.0000000000000000     
   25.600000000000001       -7.4396807078273005E-015   0.0000000000000000     
   25.700000000000003        5.6737226851130427E-015   0.0000000000000000     
   25.800000000000001       -3.1449244675174187E-015   0.0000000000000000     
   25.900000000000002        3.9609199734273566E-015   0.0000000000000000     
   26.000000000000000       -4.2903347713084240E-015   0.0000000000000000     
   26.100000000000001        3.2698933880689740E-015   0.0000000000000000     
   26.200000000000003       -1.9888432796315668E-015   0.0000000000000000     
   26.300000000000001        1.7144397507802183E-015   0.0000000000000000     
   26.400000000000002       -4.2361140121846321E-015   0.0000000000000000     
   26.500000000000000        5.2573576951191041E-015   0.0000000000000000     
   26.600000000000001       -2.2649606659499434E-015   0.0000000000000000     
   26.700000000000003        1.5537924615396653E-015   0.0000000000000000     
   26.800000000000001       -1.8478404080574884E-015   0.0000000000000000     
   26.900000000000002        2.8055980027444742E-016   0.0000000000000000     
   27.000000000000000       -1.3845147505955115E-015   0.0000000000000000     
   27.100000000000001        8.3165146772446105E-016   0.0000000000000000     
   27.200000000000003        1.2172030915908825E-015   0.0000000000000000     
   27.300000000000001        4.9361781103962334E-016   0.0000000000000000     
   27.400000000000002        2.3406131177999989E-015   0.0000000000000000     
   27.500000000000000       -5.4723570200075283E-015   0.0000000000000000     
   27.600000000000001        7.9103557599652621E-016   0.0000000000000000     
   27.700000000000003       -3.5935493264680583E-017   0.0000000000000000     
   27.800000000000001        3.0618230926351594E-015   0.0000000000000000     
   27.900000000000002       -2.3359727676777571E-015   0.0000000000000000     
   28.000000000000000        1.1501961996854320E-015   0.0000000000000000     
   28.100000000000001       -7.6049386208096029E-016   0.0000000000000000     
   28.200000000000003        2.4087091667616161E-015   0.0000000000000000     
   28.300000000000001       -3.0848996199601737E-015   0.0000000000000000     
   28.400000000000002        1.2489179399858265E-015   0.0000000000000000     
   28.500000000000000       -1.5003737021633908E-015   0.0000000000000000     
   28.600000000000001        1.2094257094481945E-016   0.0000000000000000     
   28.700000000000003        1.6644080657361925E-015   0.0000000000000000     
   28.800000000000001       -1.7060733553635526E-015   0.0000000000000000     
   28.900000000000002        3.4221462116901579E-015   0.0000000000000000     
   29.000000000000000       -2.5538702988327302E-015   0.0000000000000000     
   29.100000000000001        3.1534382184457966E-015   0.0000000000000000     
   29.200000000000003       -4.5410016360909464E-015   0.0000000000000000     
   29.300000000000001        9.8033066981434496E-017   0.0000000000000000     
   29.400000000000002       -1.1667595399078349E-015   0.0000000000000000     
   29.500000000000000        2.6151595801608375E-015   0.0000000000000000     
   29.600000000000001        3.0772353388554764E-015   0.0000000000000000     
   29.700000000000003       -1.7638160985305171E-015   0.0000000000000000     
   29.800000000000001       -5.5005721095937232E-016   0.0000000000000000     
   29.900000000000002       -2.6796602839319780E-015   0.0000000000000000     
   30.000000000000000        2.5733020377599212E-015   0.0000000000000000     
   30.100000000000001       -1.0403956089588836E-015   0.0000000000000000     
   30.200000000000003        8.3258201486742309E-016   0.0000000000000000     
   30.300000000000001       -3.2267976304931891E-015   0.0000000000000000     
   30.400000000000002        3.9759351802393859E-015   0.0000000000000000     
   30.500000000000000        5.1733080889782955E-017   0.0000000000000000     
   30.600000000000001       -1.9269642716774863E-016   0.0000000000000000     
   30.700000000000003        3.4647532187506258E-016   0.0000000000000000     
   30.800000000000001       -1.7324491553144730E-015   0.0000000000000000     
   30.900000000000002       -9.8479291355237342E-016   0.0000000000000000     
   31.000000000000000       -8.6748128662640677E-016   0.0000000000000000     
   31.100000000000001        2.6388668533589618E-015   0.0000000000000000     
   31.200000000000003       -2.0888108992816236E-016   0.0000000000000000     
   31.300000000000001        2.2942688235501197E-015   0.0000000000000000     
   31.400000000000002       -1.4324788651712885E-015   0.0000000000000000     
   31.500000000000000       -2.4130020357444196E-015   0.0000000000000000     
   31.600000000000001        1.6114564784510489E-015   0.0000000000000000     
   31.700000000000003       -2.1347544563992178E-015   0.0000000000000000     
   31.800000000000001        3.4568147388875537E-015   0.0000000000000000     
   31.900000000000002       -3.8244372765869633E-015   0.0000000000000000     
   32.000000000000000        3.4157053415653159E-015   0.0000000000000000     
   32.100000000000001       -3.5465036656904640E-016   0.0000000000000000     
   32.200000000000003        1.2427740210918452E-016   0.0000000000000000     
   32.300000000000004        8.1810610345542584E-016   0.0000000000000000     
   32.399999999999999       -4.1098656127471827E-015   0.0000000000000000     
   32.500000000000000        1.7624098132726131E-015   0.0000000000000000     
   32.600000000000001       -8.3522653910383310E-016   0.0000000000000000     
   32.700000000000003        2.0980586222790242E-015   0.0000000000000000     
   32.800000000000004        3.0512205838187618E-016   0.0000000000000000     
   32.899999999999999       -1.3222070577451288E-015   0.0000000000000000     
   33.000000000000000        2.1400757060526203E-015   0.0000000000000000     
   33.100000000000001       -6.1758663490699286E-016   0.0000000000000000     
   33.200000000000003       -1.2419423422465204E-015   0.0000000000000000     
   33.300000000000004       -1.6880036868371280E-015   0.0000000000000000     
   33.399999999999999        4.8225081593568049E-016   0.0000000000000000     
   33.500000000000000       -6.0029930154010660E-016   0.0000000000000000     
   33.600000000000001        2.1065269708155253E-015   0.0000000000000000     
   33.700000000000003        3.1626132171690463E-016   0.0000000000000000     
   33.800000000000004        3.8164319128703588E-015   0.0000000000000000     
   33.899999999999999       -2.7080288445194797E-015   0.0000000000000000     
   34.000000000000000       -1.5973335089107395E-015   0.0000000000000000     
   34.100000000000001       -1.7511344869601558E-015   0.0000000000000000     
   34.200000000000003       -2.7047466836983174E-015   0.0000000000000000     
   34.300000000000004        3.2083346864571730E-015   0.0000000000000000     
   34.399999999999999        1.0860651111086990E-015   0.0000000000000000     
   34.500000000000000        2.4396397689610209E-015   0.0000000000000000     
   34.600000000000001       -3.6725221152866982E-017   0.0000000000000000     
   34.700000000000003       -4.8867568253949104E-016   0.0000000000000000     
   34.800000000000004       -1.8646897564588882E-015   0.0000000000000000     
   34.899999999999999        5.5026967883426151E-016   0.0000000000000000     
   35.000000000000000       -1.7204594125675244E-015   0.0000000000000000     
   35.100000000000001       -1.9053823002834608E-015   0.0000000000000000     
   35.200000000000003        2.0321819441145950E-015   0.0000000000000000     
   35.300000000000004        1.6150381268139247E-016   0.0000000000000000     
   35.399999999999999        1.2289520070745652E-015   0.0000000000000000     
   35.500000000000000        2.2433418462235035E-015   0.0000000000000000     
   35.600000000000001        6.7159103896737352E-017   0.0000000000000000     
   35.700000000000003        2.2022564659417357E-015   0.0000000000000000     
   35.800000000000004       -7.2043421145023631E-015   0.0000000000000000     
   35.899999999999999       -2.7539918269966512E-017   0.0000000000000000     
   36.000000000000000       -2.7875712208866345E-015   0.0000000000000000     
   36.100000000000001        3.2036985607221034E-015   0.0000000000000000     
   36.200000000000003        4.4606663901671681E-015   0.0000000000000000     
   36.300000000000004        3.4598511349409438E-016   0.0000000000000000     
   36.399999999999999        2.7737938735424562E-016   0.0000000000000000     
   36.500000000000000       -2.5865633143515510E-015   0.0000000000000000     
   36.600000000000001       -1.7537450939895116E-015   0.0000000000000000     
   36.700000000000003        3.9052930486624448E-016   0.0000000000000000     
   36.800000000000004        3.2247803748041739E-016   0.0000000000000000     
   36.899999999999999       -6.5049296645058071E-016   0.0000000000000000     
   37.000000000000000       -4.0981173506762819E-016   0.0000000000000000     
   37.100000000000001        3.6491283833771992E-015   0.0000000000000000     
   37.200000000000003       -1.3632034447086874E-015   0.0000000000000000     
   37.300000000000004        8.4364043889838716E-016   0.0000000000000000     
   37.399999999999999       -2.8230967000106448E-015   0.0000000000000000     
   37.500000000000000        1.1302582994179026E-015   0.0000000000000000     
   37.600000000000001       -3.2310912070770228E-017   0.0000000000000000     
   37.700000000000003        5.5803986151187226E-016   0.0000000000000000     
   37.800000000000004        1.0933883957941479E-015   0.0000000000000000     
   37.899999999999999       -1.4590840865593521E-015   0.0000000000000000     
   38.000000000000000       -1.7718243410712992E-015   0.0000000000000000     
   38.100000000000001        1.8762928954415344E-015   0.0000000000000000     
   38.200000000000003       -1.5990694902653277E-015   0.0000000000000000     
   38.300000000000004        2.8329789047514176E-015   0.0000000000000000     
   38.400000000000006       -2.6400514583967263E-016   0.0000000000000000     
   38.500000000000000        6.3265454843362649E-018   0.0000000000000000     
   38.600000000000001       -1.0157064281770091E-015   0.0000000000000000     
   38.700000000000003       -1.7318228628446775E-015   0.0000000000000000     
   38.800000000000004        6.5482002682096249E-016   0.0000000000000000     
   38.900000000000006        2.0547327436848924E-015   0.0000000000000000     
   39.000000000000000        1.1173898515482017E-015   0.0000000000000000     
   39.100000000000001       -3.1416250446603432E-015   0.0000000000000000     
   39.200000000000003        1.0818930086910253E-015   0.0000000000000000     
   39.300000000000004       -1.0707787798182193E-015   0.0000000000000000     
   39.400000000000006       -6.4734863704559473E-016   0.0000000000000000     
   39.500000000000000        2.5632773176381755E-015   0.0000000000000000     
   39.600000000000001       -4.2558842243602226E-016   0.0000000000000000     
   39.700000000000003        1.1112396925768786E-015   0.0000000000000000     
   39.800000000000004       -6.9233247173304537E-016   0.0000000000000000     
   39.900000000000006       -2.1927598325072810E-015   0.0000000000000000     
   40.000000000000000        2.1844832460038635E-015   0.0000000000000000     
   40.100000000000001       -1.4645590123393223E-015   0.0000000000000000     
   40.200000000000003       -1.2644314750341076E-015   0.0000000000000000     
   40.300000000000004       -2.5777410879625352E-016   0.0000000000000000     
   40.400000000000006        4.0375777356041089E-015   0.0000000000000000     
   40.500000000000000       -4.3412750234568285E-016   0.0000000000000000     
   40.600000000000001       -5.4636135460721405E-016   0.0000000000000000     
   40.700000000000003       -1.2512813033154156E-016   0.0000000000000000     
   40.800000000000004       -2.4247358084760978E-015   0.0000000000000000     
   40.900000000000006        1.0949103934586356E-015   0.0000000000000000     
   41.000000000000000       -3.2244393216996525E-016   0.0000000000000000     
   41.100000000000001        1.6756713651159097E-015   0.0000000000000000     
   41.200000000000003        1.1851607880092232E-017   0.0000000000000000     
   41.300000000000004       -2.6738822449586936E-015   0.0000000000000000     
   41.400000000000006        1.7319230397938225E-015   0.0000000000000000     
   41.500000000000000        1.7306294815482245E-015   0.0000000000000000     
   41.600000000000001       -1.1630486942534420E-015   0.0000000000000000     
   41.700000000000003       -2.6135910554624008E-015   0.0000000000000000     
   41.800000000000004        2.7644635479671166E-015   0.0000000000000000     
   41.900000000000006        1.1728332957686712E-015   0.0000000000000000     
   42.000000000000000       -2.0963401383969014E-015   0.0000000000000000     
   42.100000000000001       -1.2768141959203683E-015   0.0000000000000000     
   42.200000000000003        1.6924562257901947E-015   0.0000000000000000     
   42.300000000000004        1.7856796251529283E-017   0.0000000000000000     
   42.400000000000006        5.3338531293703903E-016   0.0000000000000000     
   42.500000000000000       -1.8870284005329289E-015   0.0000000000000000     
   42.600000000000001        1.4138834127438984E-015   0.0000000000000000     
   42.700000000000003        7.7205583372217602E-016   0.0000000000000000     
   42.800000000000004       -7.0129794705512845E-016   0.0000000000000000     
   42.900000000000006       -8.7347207802988220E-016   0.0000000000000000     
   43.000000000000000        3.9072421694542191E-016   0.0000000000000000     
   43.100000000000001       -2.4560176772841326E-016   0.0000000000000000     
   43.200000000000003        6.3260531760141378E-017   0.0000000000000000     
   43.300000000000004        1.6385424294372806E-015   0.0000000000000000     
   43.400000000000006       -1.9161470940778894E-016   0.0000000000000000     
   43.500000000000000       -1.3747693360673877E-015   0.0000000000000000     
   43.600000000000001       -8.5065382033009059E-016   0.0000000000000000     
   43.700000000000003        1.8026926877019626E-015   0.0000000000000000     
   43.800000000000004       -2.0552217198420168E-015   0.0000000000000000     
   43.900000000000006        1.2940714621592889E-015   0.0000000000000000     
   44.000000000000000       -6.5522331982803189E-016   0.0000000000000000     
   44.100000000000001        2.5790409105056981E-015   0.0000000000000000     
   44.200000000000003       -7.2369117290117306E-016   0.0000000000000000     
   44.300000000000004       -2.1166053863393599E-015   0.0000000000000000     
   44.400000000000006        1.3992412449690274E-015   0.0000000000000000     
   44.500000000000000        7.0672953912846029E-016   0.0000000000000000     
   44.600000000000001       -1.1037764349848148E-015   0.0000000000000000     
   44.700000000000003       -6.6173754118856088E-016   0.0000000000000000     
   44.800000000000004       -1.5648224974602258E-015   0.0000000000000000     
   44.900000000000006        1.3845516019659071E-015   0.0000000000000000     
   45.000000000000000        2.1731433540010736E-015   0.0000000000000000     
   45.100000000000001        6.3412167695608132E-016   0.0000000000000000     
   45.200000000000003        3.5984312965754998E-016   0.0000000000000000     
   45.300000000000004       -3.7074692777946829E-015   0.0000000000000000     
   45.400000000000006       -8.5593480939766231E-016   0.0000000000000000     
   45.500000000000000       -1.4581853414675053E-016   0.0000000000000000     
   45.600000000000001        1.6263581984979426E-015   0.0000000000000000     
   45.700000000000003        2.5865674428532726E-015   0.0000000000000000     
   45.800000000000004        1.8625034651776211E-015   0.0000000000000000     
   45.900000000000006        1.0505392817276511E-016   0.0000000000000000     
   46.000000000000000       -4.1178454297305035E-015   0.0000000000000000     
   46.100000000000001       -1.4687677669039109E-015   0.0000000000000000     
   46.200000000000003       -1.7914669080963442E-015   0.0000000000000000     
   46.300000000000004        6.1043910452400022E-016   0.0000000000000000     
   46.400000000000006        1.7898753494995264E-015   0.0000000000000000     
   46.500000000000000        2.3610552263823039E-016   0.0000000000000000     
   46.600000000000001        4.1694678206268753E-015   0.0000000000000000     
   46.700000000000003        7.5272462191259227E-016   0.0000000000000000     
   46.800000000000004       -1.0097517230623196E-015   0.0000000000000000     
   46.900000000000006       -2.4240510353750933E-015   0.0000000000000000     
   47.000000000000000       -3.2183805053769769E-015   0.0000000000000000     
   47.100000000000001        3.5962179267128378E-016   0.0000000000000000     
   47.200000000000003        1.8052229873489616E-015   0.0000000000000000     
   47.300000000000004        5.6389735953094295E-016   0.0000000000000000     
   47.400000000000006       -3.2502167991707489E-016   0.0000000000000000     
   47.500000000000000       -2.2045756743821077E-016   0.0000000000000000     
   47.600000000000001       -2.4848614952415040E-016   0.0000000000000000     
   47.700000000000003        3.3655335828009866E-015   0.0000000000000000     
   47.800000000000004        2.8989976819739064E-016   0.0000000000000000     
   47.900000000000006       -4.3233840398350899E-015   0.0000000000000000     
   48.000000000000000        1.4531021020054062E-016   0.0000000000000000     
   48.100000000000001        1.2708902958902098E-015   0.0000000000000000     
   48.200000000000003       -2.3583290961878651E-015   0.0000000000000000     
   48.300000000000004        6.6858854296382226E-016   0.0000000000000000     
   48.400000000000006        3.2966572491065408E-015   0.0000000000000000     
   48.500000000000000        7.7234297625837573E-016   0.0000000000000000     
   48.600000000000001       -2.5451154487474317E-016   0.0000000000000000     
   48.700000000000003       -1.1339062447449063E-015   0.0000000000000000     
   48.800000000000004        1.0127763030912725E-016   0.0000000000000000     
   48.900000000000006       -1.2340221094336374E-015   0.0000000000000000     
   49.000000000000000       -3.7035349896767291E-015   0.0000000000000000     
   49.100000000000001        3.1106522664910575E-016   0.0000000000000000     
   49.200000000000003        2.3265821405577279E-015   0.0000000000000000     
   49.300000000000004        1.0480355856790317E-015   0.0000000000000000     
   49.400000000000006        2.8103706681138567E-015   0.0000000000000000     
   49.500000000000000        1.2961475040022026E-015   0.0000000000000000     
   49.600000000000001       -2.6284650791295030E-015   0.0000000000000000     
   49.700000000000003       -2.7767527400455140E-015   0.0000000000000000     
   49.800000000000004       -6.6860054280096203E-016   0.0000000000000000     
   49.900000000000006        5.0654071924799070E-054   0.0000000000000000     
