   0.0000000000000000        1.0048396430491159E-008   0.0000000000000000     
  0.10000000000000001        8.6629936853154456E-009   0.0000000000000000     
  0.20000000000000001        5.8926648915218141E-009   0.0000000000000000     
  0.30000000000000004        8.4426943835755018E-009   0.0000000000000000     
  0.40000000000000002        2.8002218396502846E-009   0.0000000000000000     
  0.50000000000000000        7.5308118283886957E-009   0.0000000000000000     
  0.60000000000000009       -7.0951767453459410E-010   0.0000000000000000     
  0.70000000000000007        7.6058096672796989E-009   0.0000000000000000     
  0.80000000000000004       -4.1921420219823721E-009   0.0000000000000000     
  0.90000000000000002        9.2413720261526197E-009   0.0000000000000000     
   1.0000000000000000       -8.2762676998572155E-009   0.0000000000000000     
   1.1000000000000001        1.2645720827476447E-008   0.0000000000000000     
   1.2000000000000002       -1.3710629473228075E-008   0.0000000000000000     
   1.3000000000000000        1.8331290935790284E-008   0.0000000000000000     
   1.4000000000000001       -2.1428372671953591E-008   0.0000000000000000     
   1.5000000000000000        2.7181410918126995E-008   0.0000000000000000     
   1.6000000000000001       -3.2689396365838529E-008   0.0000000000000000     
   1.7000000000000002        4.0564694265627045E-008   0.0000000000000000     
   1.8000000000000000       -4.9260399416881490E-008   0.0000000000000000     
   1.9000000000000001        6.0513393968838300E-008   0.0000000000000000     
   2.0000000000000000       -7.3653849970718962E-008   0.0000000000000000     
   2.1000000000000001        8.9983670911209458E-008   0.0000000000000000     
   2.2000000000000002       -1.0945225377383913E-007   0.0000000000000000     
   2.3000000000000003        1.3322346677148219E-007   0.0000000000000000     
   2.4000000000000004       -1.6175114287707982E-007   0.0000000000000000     
   2.5000000000000000        1.9628335732759673E-007   0.0000000000000000     
   2.6000000000000001       -2.3776345464164349E-007   0.0000000000000000     
   2.7000000000000002        2.8771702761609720E-007   0.0000000000000000     
   2.8000000000000003       -3.4763995033348660E-007   0.0000000000000000     
   2.9000000000000004        4.1953216523025459E-007   0.0000000000000000     
   3.0000000000000000       -5.0557518857953239E-007   0.0000000000000000     
   3.1000000000000001        6.0846926549475319E-007   0.0000000000000000     
   3.2000000000000002       -7.3128670946114375E-007   0.0000000000000000     
   3.3000000000000003        8.7770586587645429E-007   0.0000000000000000     
   3.4000000000000004       -1.0519764804929915E-006   0.0000000000000000     
   3.5000000000000000        1.2591071208963590E-006   0.0000000000000000     
   3.6000000000000001       -1.5049084723897542E-006   0.0000000000000000     
   3.7000000000000002        1.7961698676441850E-006   0.0000000000000000     
   3.8000000000000003       -2.1407640564012831E-006   0.0000000000000000     
   3.9000000000000004        2.5478366881353305E-006   0.0000000000000000     
   4.0000000000000000       -3.0279668787470614E-006   0.0000000000000000     
   4.1000000000000005        3.5933870570760387E-006   0.0000000000000000     
   4.2000000000000002       -4.2582000544087465E-006   0.0000000000000000     
   4.2999999999999998        5.0386434582274701E-006   0.0000000000000000     
   4.4000000000000004       -5.9533679460791264E-006   0.0000000000000000     
   4.5000000000000000        7.0237583843906840E-006   0.0000000000000000     
   4.6000000000000005       -8.2742804939428264E-006   0.0000000000000000     
   4.7000000000000002        9.7328698415394048E-006   0.0000000000000000     
   4.8000000000000007       -1.1431354806661556E-005   0.0000000000000000     
   4.9000000000000004        1.3405923573584287E-005   0.0000000000000000     
   5.0000000000000000       -1.5697631273898276E-005   0.0000000000000000     
   5.1000000000000005        1.8352953340375362E-005   0.0000000000000000     
   5.2000000000000002       -2.1424383338026246E-005   0.0000000000000000     
   5.3000000000000007        2.4971078539475967E-005   0.0000000000000000     
   5.4000000000000004       -2.9059552041296936E-005   0.0000000000000000     
   5.5000000000000000        3.3764412524111493E-005   0.0000000000000000     
   5.6000000000000005       -3.9169149786552110E-005   0.0000000000000000     
   5.7000000000000002        4.5366964924068042E-005   0.0000000000000000     
   5.8000000000000007       -5.2461641881892126E-005   0.0000000000000000     
   5.9000000000000004        6.0568456670052651E-005   0.0000000000000000     
   6.0000000000000000       -6.9815118663658674E-005   0.0000000000000000     
   6.1000000000000005        8.0342737400597219E-005   0.0000000000000000     
   6.2000000000000002       -9.2306806194602687E-005   0.0000000000000000     
   6.3000000000000007        1.0587819241213198E-004   0.0000000000000000     
   6.4000000000000004       -1.2124412215033585E-004   0.0000000000000000     
   6.5000000000000000        1.3860914494153334E-004   0.0000000000000000     
   6.6000000000000005       -1.5819606192596405E-004   0.0000000000000000     
   6.7000000000000002        1.8024679863308247E-004   0.0000000000000000     
   6.8000000000000007       -2.0502320095388372E-004   0.0000000000000000     
   6.9000000000000004        2.3280773056727570E-004   0.0000000000000000     
   7.0000000000000000       -2.6390403350422964E-004   0.0000000000000000     
   7.1000000000000005        2.9863735309252140E-004   0.0000000000000000     
   7.2000000000000002       -3.3735475624497012E-004   0.0000000000000000     
   7.3000000000000007        3.8042513972743599E-004   0.0000000000000000     
   7.4000000000000004       -4.2823898112034025E-004   0.0000000000000000     
   7.5000000000000000        4.8120779753021075E-004   0.0000000000000000     
   7.6000000000000005       -5.3976327366248532E-004   0.0000000000000000     
   7.7000000000000002        6.0435602011661455E-004   0.0000000000000000     
   7.8000000000000007       -6.7545392245695242E-004   0.0000000000000000     
   7.9000000000000004        7.5354004186823623E-004   0.0000000000000000     
   8.0000000000000000       -8.3911002940007223E-004   0.0000000000000000     
   8.0999999999999996        9.3266901768139477E-004   0.0000000000000000     
   8.2000000000000011       -1.0347279568363593E-003   0.0000000000000000     
   8.3000000000000007        1.1457993652842179E-003   0.0000000000000000     
   8.4000000000000004       -1.2663924709965734E-003   0.0000000000000000     
   8.5000000000000000        1.3970077249837558E-003   0.0000000000000000     
   8.5999999999999996       -1.5381306761482613E-003   0.0000000000000000     
   8.7000000000000011        1.6902252051488181E-003   0.0000000000000000     
   8.8000000000000007       -1.8537261248619203E-003   0.0000000000000000     
   8.9000000000000004        2.0290311660798336E-003   0.0000000000000000     
   9.0000000000000000       -2.2164923792938741E-003   0.0000000000000000     
   9.0999999999999996        2.4164069968727517E-003   0.0000000000000000     
   9.2000000000000011       -2.6290078142736312E-003   0.0000000000000000     
   9.3000000000000007        2.8544531641174547E-003   0.0000000000000000     
   9.4000000000000004       -3.0928165728781121E-003   0.0000000000000000     
   9.5000000000000000        3.3440762061763768E-003   0.0000000000000000     
   9.6000000000000014       -3.6081042251338590E-003   0.0000000000000000     
   9.7000000000000011        3.8846561925225784E-003   0.0000000000000000     
   9.8000000000000007       -4.1733606831998050E-003   0.0000000000000000     
   9.9000000000000004        4.4737092682592362E-003   0.0000000000000000     
   10.000000000000000       -4.7850470559129095E-003   0.0000000000000000     
   10.100000000000001        5.1065639840195158E-003   0.0000000000000000     
   10.200000000000001       -5.4372870689541313E-003   0.0000000000000000     
   10.300000000000001        5.7760738226004691E-003   0.0000000000000000     
   10.400000000000000       -6.1216070534082043E-003   0.0000000000000000     
   10.500000000000000        6.4723912681031101E-003   0.0000000000000000     
   10.600000000000001       -6.8267508873361121E-003   0.0000000000000000     
   10.700000000000001        7.1828304811670561E-003   0.0000000000000000     
   10.800000000000001       -7.5385972183512236E-003   0.0000000000000000     
   10.900000000000000        7.8918457065904630E-003   0.0000000000000000     
   11.000000000000000       -8.2402053793054434E-003   0.0000000000000000     
   11.100000000000001        8.5811505579604826E-003   0.0000000000000000     
   11.200000000000001       -8.9120132873897560E-003   0.0000000000000000     
   11.300000000000001        9.2299990052615889E-003   0.0000000000000000     
   11.400000000000000       -9.5322050661609033E-003   0.0000000000000000     
   11.500000000000000        9.8156420958921183E-003   0.0000000000000000     
   11.600000000000001       -1.0077258103179731E-002   0.0000000000000000     
   11.700000000000001        1.0313965224818209E-002   0.0000000000000000     
   11.800000000000001       -1.0522668926975620E-002   0.0000000000000000     
   11.900000000000000        1.0700299430855388E-002   0.0000000000000000     
   12.000000000000000       -1.0843845076406801E-002   0.0000000000000000     
   12.100000000000001        1.0950387284062326E-002   0.0000000000000000     
   12.200000000000001       -1.1017136722980355E-002   0.0000000000000000     
   12.300000000000001        1.1041470246221180E-002   0.0000000000000000     
   12.400000000000000       -1.1020968109673013E-002   0.0000000000000000     
   12.500000000000000        1.0953450953899121E-002   0.0000000000000000     
   12.600000000000001       -1.0837015997556423E-002   0.0000000000000000     
   12.700000000000001        1.0670071868549831E-002   0.0000000000000000     
   12.800000000000001       -1.0451371485873774E-002   0.0000000000000000     
   12.900000000000000        1.0180042402087837E-002   0.0000000000000000     
   13.000000000000000       -9.8556140241110729E-003   0.0000000000000000     
   13.100000000000001        9.4780411490281852E-003   0.0000000000000000     
   13.200000000000001       -9.0477232824340611E-003   0.0000000000000000     
   13.300000000000001        8.5655192493504940E-003   0.0000000000000000     
   13.400000000000000       -8.0327566615491109E-003   0.0000000000000000     
   13.500000000000000        7.4512358701170666E-003   0.0000000000000000     
   13.600000000000001       -6.8232281073659050E-003   0.0000000000000000     
   13.700000000000001        6.1514676063776485E-003   0.0000000000000000     
   13.800000000000001       -5.4391375787752484E-003   0.0000000000000000     
   13.900000000000000        4.6898500298864091E-003   0.0000000000000000     
   14.000000000000000       -3.9076194934282013E-003   0.0000000000000000     
   14.100000000000001        3.0968308735540707E-003   0.0000000000000000     
   14.200000000000001       -2.2622016881345621E-003   0.0000000000000000     
   14.300000000000001        1.4087391114008230E-003   0.0000000000000000     
   14.400000000000000       -5.4169231445647787E-004   0.0000000000000000     
   14.500000000000000       -3.3349930399146553E-004   0.0000000000000000     
   14.600000000000001        1.2112613188338455E-003   0.0000000000000000     
   14.700000000000001       -2.0859421588772784E-003   0.0000000000000000     
   14.800000000000001        2.9518728511622864E-003   0.0000000000000000     
   14.900000000000000       -3.8034277657757048E-003   0.0000000000000000     
   15.000000000000000        4.6350854648950614E-003   0.0000000000000000     
   15.100000000000001       -5.4414887437049392E-003   0.0000000000000000     
   15.200000000000001        6.2175029517791847E-003   0.0000000000000000     
   15.300000000000001       -6.9582717022657493E-003   0.0000000000000000     
   15.400000000000000        7.6592691123776643E-003   0.0000000000000000     
   15.500000000000000       -8.3163477717121560E-003   0.0000000000000000     
   15.600000000000001        8.9257817041898755E-003   0.0000000000000000     
   15.700000000000001       -9.4843036732550120E-003   0.0000000000000000     
   15.800000000000001        9.9891362769126361E-003   0.0000000000000000     
   15.900000000000000       -1.0438016387259795E-002   0.0000000000000000     
   16.000000000000000        1.0829212605886582E-002   0.0000000000000000     
   16.100000000000001       -1.1161535529631648E-002   0.0000000000000000     
   16.199999999999999        1.1434340747837670E-002   0.0000000000000000     
   16.300000000000001       -1.1647524619752493E-002   0.0000000000000000     
   16.400000000000002        1.1801513006381171E-002   0.0000000000000000     
   16.500000000000000       -1.1897243251992604E-002   0.0000000000000000     
   16.600000000000001        1.1936139824271920E-002   0.0000000000000000     
   16.699999999999999       -1.1920084126177748E-002   0.0000000000000000     
   16.800000000000001        1.1851379084761865E-002   0.0000000000000000     
   16.900000000000002       -1.1732709200962952E-002   0.0000000000000000     
   17.000000000000000        1.1567096807732546E-002   0.0000000000000000     
   17.100000000000001       -1.1357855331049851E-002   0.0000000000000000     
   17.199999999999999        1.1108540378750545E-002   0.0000000000000000     
   17.300000000000001       -1.0822899494909246E-002   0.0000000000000000     
   17.400000000000002        1.0504821413533733E-002   0.0000000000000000     
   17.500000000000000       -1.0158285624754697E-002   0.0000000000000000     
   17.600000000000001        9.7873130303323258E-003   0.0000000000000000     
   17.699999999999999       -9.3959184150016230E-003   0.0000000000000000     
   17.800000000000001        8.9880653969425413E-003   0.0000000000000000     
   17.900000000000002       -8.5676244466506412E-003   0.0000000000000000     
   18.000000000000000        8.1383344809860952E-003   0.0000000000000000     
   18.100000000000001       -7.7037684497763782E-003   0.0000000000000000     
   18.199999999999999        7.2673032389348937E-003   0.0000000000000000     
   18.300000000000001       -6.8320941187611332E-003   0.0000000000000000     
   18.400000000000002        6.4010538707828168E-003   0.0000000000000000     
   18.500000000000000       -5.9768366338754011E-003   0.0000000000000000     
   18.600000000000001        5.5618264220659887E-003   0.0000000000000000     
   18.699999999999999       -5.1581301841797881E-003   0.0000000000000000     
   18.800000000000001        4.7675752010257130E-003   0.0000000000000000     
   18.900000000000002       -4.3917105501116846E-003   0.0000000000000000     
   19.000000000000000        4.0318123121681447E-003   0.0000000000000000     
   19.100000000000001       -3.6888921484918465E-003   0.0000000000000000     
   19.200000000000003        3.3637088436000340E-003   0.0000000000000000     
   19.300000000000001       -3.0567823842498998E-003   0.0000000000000000     
   19.400000000000002        2.7684101329571009E-003   0.0000000000000000     
   19.500000000000000       -2.4986846514217223E-003   0.0000000000000000     
   19.600000000000001        2.2475127361257278E-003   0.0000000000000000     
   19.700000000000003       -2.0146352436877218E-003   0.0000000000000000     
   19.800000000000001        1.7996473064871203E-003   0.0000000000000000     
   19.900000000000002       -1.6020185683544960E-003   0.0000000000000000     
   20.000000000000000        1.4211131046210684E-003   0.0000000000000000     
   20.100000000000001       -1.2562087291980864E-003   0.0000000000000000     
   20.200000000000003        1.1065154322913683E-003   0.0000000000000000     
   20.300000000000001       -9.7119273499207725E-004   0.0000000000000000     
   20.400000000000002        8.4936578972406504E-004   0.0000000000000000     
   20.500000000000000       -7.4014009750226345E-004   0.0000000000000000     
   20.600000000000001        6.4261475363268979E-004   0.0000000000000000     
   20.700000000000003       -5.5589417131022244E-004   0.0000000000000000     
   20.800000000000001        4.7909826747649420E-004   0.0000000000000000     
   20.900000000000002       -4.1137112689089222E-004   0.0000000000000000     
   21.000000000000000        3.5188818749878236E-004   0.0000000000000000     
   21.100000000000001       -2.9986201356176214E-004   0.0000000000000000     
   21.200000000000003        2.5454674219447089E-004   0.0000000000000000     
   21.300000000000001       -2.1524130351821552E-004   0.0000000000000000     
   21.400000000000002        1.8129152566158607E-004   0.0000000000000000     
   21.500000000000000       -1.5209124279083537E-004   0.0000000000000000     
   21.600000000000001        1.2708252771556275E-004   0.0000000000000000     
   21.700000000000003       -1.0575517117985246E-004   0.0000000000000000     
   21.800000000000001        8.7645527341635588E-005   0.0000000000000000     
   21.900000000000002       -7.2334840356055768E-005   0.0000000000000000     
   22.000000000000000        5.9447160477701428E-005   0.0000000000000000     
   22.100000000000001       -4.8646949783123523E-005   0.0000000000000000     
   22.200000000000003        3.9636468795611019E-005   0.0000000000000000     
   22.300000000000001       -3.2153025392380014E-005   0.0000000000000000     
   22.400000000000002        2.5966157150308613E-005   0.0000000000000000     
   22.500000000000000       -2.0874808402251163E-005   0.0000000000000000     
   22.600000000000001        1.6704553070741262E-005   0.0000000000000000     
   22.700000000000003       -1.3304905001798055E-005   0.0000000000000000     
   22.800000000000001        1.0546748718278005E-005   0.0000000000000000     
   22.900000000000002       -8.3199151151361898E-006   0.0000000000000000     
   23.000000000000000        6.5309195790305326E-006   0.0000000000000000     
   23.100000000000001       -5.1008734107907405E-006   0.0000000000000000     
   23.200000000000003        3.9635737944132065E-006   0.0000000000000000     
   23.300000000000001       -3.0637730614407877E-006   0.0000000000000000     
   23.400000000000002        2.3556239473223990E-006   0.0000000000000000     
   23.500000000000000       -1.8012945908000454E-006   0.0000000000000000     
   23.600000000000001        1.3697446470250523E-006   0.0000000000000000     
   23.700000000000003       -1.0356521673510241E-006   0.0000000000000000     
   23.800000000000001        7.7847991577554276E-007   0.0000000000000000     
   23.900000000000002       -5.8166894944384536E-007   0.0000000000000000     
   24.000000000000000        4.3194726931139149E-007   0.0000000000000000     
   24.100000000000001       -3.1874146698560429E-007   0.0000000000000000     
   24.200000000000003        2.3367951323708822E-007   0.0000000000000000     
   24.300000000000001       -1.7017363029924200E-007   0.0000000000000000     
   24.400000000000002        1.2307280297730238E-007   0.0000000000000000     
   24.500000000000000       -8.8375378388455745E-008   0.0000000000000000     
   24.600000000000001        6.2993058936369326E-008   0.0000000000000000     
   24.700000000000003       -4.4558394834354308E-008   0.0000000000000000     
   24.800000000000001        3.1269009308601638E-008   0.0000000000000000     
   24.900000000000002       -2.1762384375987480E-008   0.0000000000000000     
   25.000000000000000        1.5015915339770597E-008   0.0000000000000000     
   25.100000000000001       -1.0267836225519431E-008   0.0000000000000000     
   25.200000000000003        6.9550000561249996E-009   0.0000000000000000     
   25.300000000000001       -4.6643553080298041E-009   0.0000000000000000     
   25.400000000000002        3.0954307477531874E-009   0.0000000000000000     
   25.500000000000000       -2.0314667527858496E-009   0.0000000000000000     
   25.600000000000001        1.3174674610783754E-009   0.0000000000000000     
   25.700000000000003       -8.4361719938405005E-010   0.0000000000000000     
   25.800000000000001        5.3283723946832718E-010   0.0000000000000000     
   25.900000000000002       -3.3157154006357292E-010   0.0000000000000000     
   26.000000000000000        2.0298910807590170E-010   0.0000000000000000     
   26.100000000000001       -1.2204289724635495E-010   0.0000000000000000     
   26.200000000000003        7.1901226072262552E-011   0.0000000000000000     
   26.300000000000001       -4.1391061727826880E-011   0.0000000000000000     
   26.400000000000002        2.3194889153347073E-011   0.0000000000000000     
   26.500000000000000       -1.2584365829054829E-011   0.0000000000000000     
   26.600000000000001        6.5587581624869117E-012   0.0000000000000000     
   26.700000000000003       -3.2425418966806699E-012   0.0000000000000000     
   26.800000000000001        1.4861046049215277E-012   0.0000000000000000     
   26.900000000000002       -6.0489003097605183E-013   0.0000000000000000     
   27.000000000000000        1.9110076762492166E-013   0.0000000000000000     
   27.100000000000001       -1.6179467486541855E-014   0.0000000000000000     
   27.200000000000003       -3.9761405257551321E-014   0.0000000000000000     
   27.300000000000001        4.6638514497355281E-014   0.0000000000000000     
   27.400000000000002       -3.9204579120719967E-014   0.0000000000000000     
   27.500000000000000        2.6682612517945446E-014   0.0000000000000000     
   27.600000000000001       -1.3618229309948400E-014   0.0000000000000000     
   27.700000000000003        5.6819445678405834E-015   0.0000000000000000     
   27.800000000000001       -1.5495012467373508E-015   0.0000000000000000     
   27.900000000000002        8.9028410566793996E-016   0.0000000000000000     
   28.000000000000000       -1.2877757653926389E-016   0.0000000000000000     
   28.100000000000001       -3.4411951152806977E-015   0.0000000000000000     
   28.200000000000003        1.1056807184667728E-015   0.0000000000000000     
   28.300000000000001        1.2050050412404209E-016   0.0000000000000000     
   28.400000000000002        3.8458778155521226E-015   0.0000000000000000     
   28.500000000000000       -2.1338277700203370E-015   0.0000000000000000     
   28.600000000000001       -1.2753510421090253E-016   0.0000000000000000     
   28.700000000000003        6.5420602802001017E-016   0.0000000000000000     
   28.800000000000001       -1.4899227044097213E-016   0.0000000000000000     
   28.900000000000002       -2.9416752791034854E-015   0.0000000000000000     
   29.000000000000000        6.4587090854954602E-016   0.0000000000000000     
   29.100000000000001        2.9396266660071941E-015   0.0000000000000000     
   29.200000000000003       -9.4837048259348571E-016   0.0000000000000000     
   29.300000000000001       -1.6405842000043740E-015   0.0000000000000000     
   29.400000000000002        2.1373303280508489E-015   0.0000000000000000     
   29.500000000000000       -1.1238042903098761E-015   0.0000000000000000     
   29.600000000000001       -7.2856545675908000E-016   0.0000000000000000     
   29.700000000000003        1.4491170297203939E-015   0.0000000000000000     
   29.800000000000001       -2.4834850904908030E-016   0.0000000000000000     
   29.900000000000002        4.2900602026247781E-016   0.0000000000000000     
   30.000000000000000       -1.3007052247760109E-015   0.0000000000000000     
   30.100000000000001        2.0524004715574034E-015   0.0000000000000000     
   30.200000000000003       -3.3642293654162191E-015   0.0000000000000000     
   30.300000000000001        2.9539061301871448E-015   0.0000000000000000     
   30.400000000000002       -5.4177686949092935E-015   0.0000000000000000     
   30.500000000000000        5.3553821447948720E-015   0.0000000000000000     
   30.600000000000001       -1.1246385418812705E-015   0.0000000000000000     
   30.700000000000003        5.1836271244450647E-015   0.0000000000000000     
   30.800000000000001       -6.1731500606917377E-015   0.0000000000000000     
   30.900000000000002        2.1722646010981862E-015   0.0000000000000000     
   31.000000000000000       -2.9772820123788899E-015   0.0000000000000000     
   31.100000000000001        1.2218628840158110E-015   0.0000000000000000     
   31.200000000000003       -3.4491051886988108E-015   0.0000000000000000     
   31.300000000000001        5.0636121971135207E-015   0.0000000000000000     
   31.400000000000002       -1.6041395223507165E-016   0.0000000000000000     
   31.500000000000000        4.3667454474435900E-015   0.0000000000000000     
   31.600000000000001       -5.9169935181606565E-015   0.0000000000000000     
   31.700000000000003        9.3514412610696344E-016   0.0000000000000000     
   31.800000000000001       -2.9440923220395384E-015   0.0000000000000000     
   31.900000000000002        2.4763677648331895E-015   0.0000000000000000     
   32.000000000000000       -3.3744664327507063E-015   0.0000000000000000     
   32.100000000000001        6.0157986318307654E-015   0.0000000000000000     
   32.200000000000003       -1.5689765491656112E-016   0.0000000000000000     
   32.300000000000004        1.2589976027395615E-015   0.0000000000000000     
   32.399999999999999       -5.1394068193010986E-015   0.0000000000000000     
   32.500000000000000        1.3269092879161485E-016   0.0000000000000000     
   32.600000000000001       -3.4815551493600197E-016   0.0000000000000000     
   32.700000000000003        5.4553811115702942E-016   0.0000000000000000     
   32.800000000000004        2.4783504562733300E-015   0.0000000000000000     
   32.899999999999999        1.2366270621285350E-016   0.0000000000000000     
   33.000000000000000        8.6973355261964080E-016   0.0000000000000000     
   33.100000000000001       -3.5426680545810198E-015   0.0000000000000000     
   33.200000000000003        1.9807854698634640E-015   0.0000000000000000     
   33.300000000000004       -1.3949879342924519E-015   0.0000000000000000     
   33.399999999999999        1.6511383612421222E-015   0.0000000000000000     
   33.500000000000000       -2.7373132413527759E-015   0.0000000000000000     
   33.600000000000001        2.9812296154440133E-015   0.0000000000000000     
   33.700000000000003       -1.1508336817830595E-015   0.0000000000000000     
   33.800000000000004       -2.5563804164493178E-016   0.0000000000000000     
   33.899999999999999       -2.1848030436468087E-015   0.0000000000000000     
   34.000000000000000        3.9561185311293589E-015   0.0000000000000000     
   34.100000000000001        1.5300864276339261E-015   0.0000000000000000     
   34.200000000000003       -8.8351709905287529E-016   0.0000000000000000     
   34.300000000000004       -3.2845727464647912E-015   0.0000000000000000     
   34.399999999999999       -1.3771009630506918E-015   0.0000000000000000     
   34.500000000000000        2.5965851393349898E-015   0.0000000000000000     
   34.600000000000001       -2.1852818884424710E-015   0.0000000000000000     
   34.700000000000003        2.0428319541263489E-015   0.0000000000000000     
   34.800000000000004       -2.8640271775784869E-016   0.0000000000000000     
   34.899999999999999        5.1423147935523208E-015   0.0000000000000000     
   35.000000000000000       -2.9322097318675493E-015   0.0000000000000000     
   35.100000000000001       -1.8639587616081989E-015   0.0000000000000000     
   35.200000000000003       -2.2294990893437291E-015   0.0000000000000000     
   35.300000000000004        4.8413366294806005E-016   0.0000000000000000     
   35.399999999999999       -7.7532840794221048E-017   0.0000000000000000     
   35.500000000000000        2.3626993608234559E-017   0.0000000000000000     
   35.600000000000001        3.9324114753716072E-015   0.0000000000000000     
   35.700000000000003        6.6271103275718669E-016   0.0000000000000000     
   35.800000000000004        8.1617019648734140E-016   0.0000000000000000     
   35.899999999999999       -3.3018534914421588E-015   0.0000000000000000     
   36.000000000000000        1.7506681622976326E-017   0.0000000000000000     
   36.100000000000001       -5.2098613310982265E-015   0.0000000000000000     
   36.200000000000003        3.4730819941723659E-015   0.0000000000000000     
   36.300000000000004       -3.8264030121651950E-016   0.0000000000000000     
   36.399999999999999        3.3124864195152684E-015   0.0000000000000000     
   36.500000000000000       -7.9769658115687157E-016   0.0000000000000000     
   36.600000000000001       -3.5671864369037289E-017   0.0000000000000000     
   36.700000000000003        3.1973858805927679E-015   0.0000000000000000     
   36.800000000000004       -3.8111257125350219E-015   0.0000000000000000     
   36.899999999999999        1.2009979644237217E-015   0.0000000000000000     
   37.000000000000000       -2.7767408353278601E-015   0.0000000000000000     
   37.100000000000001        3.1326945675814511E-016   0.0000000000000000     
   37.200000000000003        1.2328783676239763E-015   0.0000000000000000     
   37.300000000000004       -3.1065048165343437E-015   0.0000000000000000     
   37.399999999999999        8.4051320213004035E-016   0.0000000000000000     
   37.500000000000000        2.1624726720862658E-015   0.0000000000000000     
   37.600000000000001        4.1517123904862145E-015   0.0000000000000000     
   37.700000000000003       -1.5674584734602831E-015   0.0000000000000000     
   37.800000000000004       -4.4681433697004351E-016   0.0000000000000000     
   37.899999999999999       -2.3133526227974731E-015   0.0000000000000000     
   38.000000000000000        2.8312512420122924E-016   0.0000000000000000     
   38.100000000000001       -4.2332413382562181E-015   0.0000000000000000     
   38.200000000000003        1.8223334953837137E-015   0.0000000000000000     
   38.300000000000004        3.6476455073846745E-015   0.0000000000000000     
   38.400000000000006       -1.1094269212211146E-016   0.0000000000000000     
   38.500000000000000        1.5450101355182806E-015   0.0000000000000000     
   38.600000000000001       -1.9698936665584794E-015   0.0000000000000000     
   38.700000000000003       -1.6523178694820568E-015   0.0000000000000000     
   38.800000000000004       -1.3486444058184009E-015   0.0000000000000000     
   38.900000000000006        2.5021764298940558E-015   0.0000000000000000     
   39.000000000000000       -5.7386008466191233E-018   0.0000000000000000     
   39.100000000000001        3.9509376473292270E-016   0.0000000000000000     
   39.200000000000003       -5.9402796790723572E-016   0.0000000000000000     
   39.300000000000004       -1.9288539178754811E-015   0.0000000000000000     
   39.400000000000006        4.3829205721791538E-015   0.0000000000000000     
   39.500000000000000       -2.3912756316278725E-015   0.0000000000000000     
   39.600000000000001        2.6851509733099125E-015   0.0000000000000000     
   39.700000000000003       -3.5510126809907229E-015   0.0000000000000000     
   39.800000000000004        2.6320568667717723E-017   0.0000000000000000     
   39.900000000000006        5.2687794940545187E-016   0.0000000000000000     
   40.000000000000000       -2.5720264486886773E-015   0.0000000000000000     
   40.100000000000001        3.1889384054300992E-015   0.0000000000000000     
   40.200000000000003       -5.2746709384006898E-016   0.0000000000000000     
   40.300000000000004        1.6911148193058662E-015   0.0000000000000000     
   40.400000000000006       -2.7145605210087452E-015   0.0000000000000000     
   40.500000000000000        1.2070249813924542E-015   0.0000000000000000     
   40.600000000000001        9.2336893049699977E-016   0.0000000000000000     
   40.700000000000003        8.4877646869363806E-016   0.0000000000000000     
   40.800000000000004       -1.1314702562429501E-015   0.0000000000000000     
   40.900000000000006       -5.9116809094905592E-016   0.0000000000000000     
   41.000000000000000       -3.2523425941314954E-016   0.0000000000000000     
   41.100000000000001       -5.6888736501796162E-016   0.0000000000000000     
   41.200000000000003       -6.4865924941433567E-016   0.0000000000000000     
   41.300000000000004        1.3017679083562616E-015   0.0000000000000000     
   41.400000000000006       -6.7307123176574285E-016   0.0000000000000000     
   41.500000000000000        1.9556197556271149E-015   0.0000000000000000     
   41.600000000000001        2.7931090734403543E-016   0.0000000000000000     
   41.700000000000003        1.5307504673817976E-016   0.0000000000000000     
   41.800000000000004       -3.9242578908489003E-015   0.0000000000000000     
   41.900000000000006        4.3464613627951531E-016   0.0000000000000000     
   42.000000000000000        2.4832735926059645E-015   0.0000000000000000     
   42.100000000000001        1.5189920315440868E-015   0.0000000000000000     
   42.200000000000003       -2.6138229687485655E-015   0.0000000000000000     
   42.300000000000004        1.7668114539144506E-015   0.0000000000000000     
   42.400000000000006       -1.2033949315356908E-015   0.0000000000000000     
   42.500000000000000        1.1159083402626841E-015   0.0000000000000000     
   42.600000000000001       -1.5583443268500098E-015   0.0000000000000000     
   42.700000000000003       -2.5091858377466350E-015   0.0000000000000000     
   42.800000000000004        4.0090468702524273E-015   0.0000000000000000     
   42.900000000000006       -2.1723624796385494E-016   0.0000000000000000     
   43.000000000000000       -6.0459074064585698E-016   0.0000000000000000     
   43.100000000000001        2.2663078742329871E-016   0.0000000000000000     
   43.200000000000003       -1.9287486629923315E-015   0.0000000000000000     
   43.300000000000004        1.6203118494060143E-015   0.0000000000000000     
   43.400000000000006       -2.7906464227267083E-015   0.0000000000000000     
   43.500000000000000        4.1474317260201842E-015   0.0000000000000000     
   43.600000000000001       -1.2025976713843890E-015   0.0000000000000000     
   43.700000000000003        2.8901134235496754E-015   0.0000000000000000     
   43.800000000000004       -1.6517955767612873E-015   0.0000000000000000     
   43.900000000000006       -3.4802056194251975E-015   0.0000000000000000     
   44.000000000000000        3.5220162439038687E-016   0.0000000000000000     
   44.100000000000001       -3.6577312415824179E-016   0.0000000000000000     
   44.200000000000003        2.4972266046102889E-015   0.0000000000000000     
   44.300000000000004        4.5710853277313699E-016   0.0000000000000000     
   44.400000000000006       -9.8572922778467100E-016   0.0000000000000000     
   44.500000000000000        1.0649483298217764E-015   0.0000000000000000     
   44.600000000000001        4.4646672828471321E-016   0.0000000000000000     
   44.700000000000003       -8.1646743240649780E-016   0.0000000000000000     
   44.800000000000004       -1.0039171487580508E-015   0.0000000000000000     
   44.900000000000006       -4.5760683809315608E-016   0.0000000000000000     
   45.000000000000000       -2.4348281780204606E-016   0.0000000000000000     
   45.100000000000001        3.0621885399886149E-016   0.0000000000000000     
   45.200000000000003       -9.9903051355520765E-016   0.0000000000000000     
   45.300000000000004       -1.9472858479365640E-015   0.0000000000000000     
   45.400000000000006        3.7437059531429222E-015   0.0000000000000000     
   45.500000000000000        6.7420850269091434E-016   0.0000000000000000     
   45.600000000000001        2.7460541828627634E-015   0.0000000000000000     
   45.700000000000003       -5.6404032643488714E-016   0.0000000000000000     
   45.800000000000004       -7.5796250540351511E-016   0.0000000000000000     
   45.900000000000006        4.6023031573060799E-016   0.0000000000000000     
   46.000000000000000       -4.0372588497429842E-015   0.0000000000000000     
   46.100000000000001       -7.2987612602260330E-016   0.0000000000000000     
   46.200000000000003        1.7363657475604533E-016   0.0000000000000000     
   46.300000000000004       -7.8496204869959964E-016   0.0000000000000000     
   46.400000000000006        1.4182399677351012E-015   0.0000000000000000     
   46.500000000000000        3.5645902731224613E-016   0.0000000000000000     
   46.600000000000001        3.4311398521451368E-015   0.0000000000000000     
   46.700000000000003       -2.2127967866129037E-016   0.0000000000000000     
   46.800000000000004       -1.5741099697897243E-015   0.0000000000000000     
   46.900000000000006       -2.1071854839260789E-015   0.0000000000000000     
   47.000000000000000       -1.2378920953207726E-015   0.0000000000000000     
   47.100000000000001        2.9630447687558915E-015   0.0000000000000000     
   47.200000000000003        4.6914043469494304E-016   0.0000000000000000     
   47.300000000000004        7.9906794945491115E-017   0.0000000000000000     
   47.400000000000006       -2.4626998375275550E-016   0.0000000000000000     
   47.500000000000000       -3.9745162898124529E-016   0.0000000000000000     
   47.600000000000001       -6.2330842146479667E-017   0.0000000000000000     
   47.700000000000003       -5.2476609583935644E-016   0.0000000000000000     
   47.800000000000004        1.4846758896313650E-015   0.0000000000000000     
   47.900000000000006       -1.8867902064626420E-015   0.0000000000000000     
   48.000000000000000        1.6709297095691216E-015   0.0000000000000000     
   48.100000000000001       -2.2000308969338162E-015   0.0000000000000000     
   48.200000000000003        1.4793382010926100E-015   0.0000000000000000     
   48.300000000000004       -8.3867834765104641E-016   0.0000000000000000     
   48.400000000000006       -2.1044435951976590E-015   0.0000000000000000     
   48.500000000000000        1.8274910375010617E-015   0.0000000000000000     
   48.600000000000001        4.4709227743877435E-016   0.0000000000000000     
   48.700000000000003        2.4843570126977715E-015   0.0000000000000000     
   48.800000000000004       -2.8561349746275929E-016   0.0000000000000000     
   48.900000000000006       -9.9483038063018683E-016   0.0000000000000000     
   49.000000000000000        6.3602328933116155E-016   0.0000000000000000     
   49.100000000000001       -1.8711093353048615E-015   0.0000000000000000     
   49.200000000000003       -2.8270221874570754E-016   0.0000000000000000     
   49.300000000000004        1.7433353807763911E-015   0.0000000000000000     
   49.400000000000006       -1.1801895480876464E-015   0.0000000000000000     
   49.500000000000000        3.1636258925829697E-015   0.0000000000000000     
   49.600000000000001        1.2707772326653967E-015   0.0000000000000000     
   49.700000000000003        3.3553761013561028E-016   0.0000000000000000     
   49.800000000000004       -3.0305616970550337E-015   0.0000000000000000     
   49.900000000000006        5.0654071924799070E-054   0.0000000000000000     
