   0.0000000000000000        7.6480477371286916E-016   0.0000000000000000     
  0.10000000000000001        5.1420651986285541E-016   0.0000000000000000     
  0.20000000000000001       -4.3589890316395911E-017   0.0000000000000000     
  0.30000000000000004       -7.0993193787715571E-016   0.0000000000000000     
  0.40000000000000002       -4.2913311541354200E-016   0.0000000000000000     
  0.50000000000000000        4.0169610682205719E-016   0.0000000000000000     
  0.60000000000000009       -2.4343220982591545E-016   0.0000000000000000     
  0.70000000000000007       -3.4677048752782275E-016   0.0000000000000000     
  0.80000000000000004        3.9869989574378970E-016   0.0000000000000000     
  0.90000000000000002        3.0536903487616446E-016   0.0000000000000000     
   1.0000000000000000        4.4538878290654754E-017   0.0000000000000000     
   1.1000000000000001       -9.0962084154835471E-016   0.0000000000000000     
   1.2000000000000002       -1.0520495697828338E-015   0.0000000000000000     
   1.3000000000000000        1.1106933074749339E-015   0.0000000000000000     
   1.4000000000000001        1.4672112418564234E-015   0.0000000000000000     
   1.5000000000000000       -1.3573263199146178E-015   0.0000000000000000     
   1.6000000000000001       -1.5676292905336975E-015   0.0000000000000000     
   1.7000000000000002        1.8975905611510617E-015   0.0000000000000000     
   1.8000000000000000        2.0488394655487964E-015   0.0000000000000000     
   1.9000000000000001       -7.7725703032587551E-017   0.0000000000000000     
   2.0000000000000000       -8.0958069216631687E-016   0.0000000000000000     
   2.1000000000000001       -1.7668357535043342E-015   0.0000000000000000     
   2.2000000000000002       -5.5325016485596754E-016   0.0000000000000000     
   2.3000000000000003       -5.2258824508299669E-017   0.0000000000000000     
   2.4000000000000004       -1.2756344289093927E-015   0.0000000000000000     
   2.5000000000000000        1.3105991507604002E-015   0.0000000000000000     
   2.6000000000000001        2.2221408158507649E-015   0.0000000000000000     
   2.7000000000000002       -3.8490809292708153E-016   0.0000000000000000     
   2.8000000000000003       -1.4207170880942269E-015   0.0000000000000000     
   2.9000000000000004       -4.5833248099986181E-016   0.0000000000000000     
   3.0000000000000000        2.2591554366898582E-015   0.0000000000000000     
   3.1000000000000001        1.4507583456696743E-015   0.0000000000000000     
   3.2000000000000002       -1.7964741136437326E-015   0.0000000000000000     
   3.3000000000000003        6.6928073300591920E-017   0.0000000000000000     
   3.4000000000000004        1.2538929007095954E-015   0.0000000000000000     
   3.5000000000000000       -1.7572407162701968E-015   0.0000000000000000     
   3.6000000000000001       -2.3440938278880540E-015   0.0000000000000000     
   3.7000000000000002       -1.1397858275576001E-016   0.0000000000000000     
   3.8000000000000003        1.3918750644748986E-015   0.0000000000000000     
   3.9000000000000004        9.6660596383217375E-016   0.0000000000000000     
   4.0000000000000000       -3.1008683780840720E-016   0.0000000000000000     
   4.1000000000000005       -7.2935943277958403E-016   0.0000000000000000     
   4.2000000000000002        4.6773550114445909E-016   0.0000000000000000     
   4.2999999999999998        1.6034659533433378E-015   0.0000000000000000     
   4.4000000000000004        1.0617593308183143E-015   0.0000000000000000     
   4.5000000000000000        6.3059134172685282E-016   0.0000000000000000     
   4.6000000000000005       -1.1724562526396690E-015   0.0000000000000000     
   4.7000000000000002       -2.0693511092433863E-015   0.0000000000000000     
   4.8000000000000007        7.6184126739019119E-016   0.0000000000000000     
   4.9000000000000004       -1.8473754014303899E-016   0.0000000000000000     
   5.0000000000000000       -2.6701910745506675E-015   0.0000000000000000     
   5.1000000000000005       -6.3610967482727561E-016   0.0000000000000000     
   5.2000000000000002        1.7263422257629584E-015   0.0000000000000000     
   5.3000000000000007        2.1977783037180552E-015   0.0000000000000000     
   5.4000000000000004        5.6478021049991530E-016   0.0000000000000000     
   5.5000000000000000       -3.7060579666567486E-016   0.0000000000000000     
   5.6000000000000005        1.1879201209888168E-015   0.0000000000000000     
   5.7000000000000002        2.4235758319882579E-016   0.0000000000000000     
   5.8000000000000007       -1.7920817539677623E-015   0.0000000000000000     
   5.9000000000000004       -4.7315966089201674E-016   0.0000000000000000     
   6.0000000000000000       -3.2860972006403433E-016   0.0000000000000000     
   6.1000000000000005       -2.0789997390227892E-015   0.0000000000000000     
   6.2000000000000002       -1.1473179952409337E-015   0.0000000000000000     
   6.3000000000000007        7.7440667180590358E-016   0.0000000000000000     
   6.4000000000000004        2.2854404224677761E-015   0.0000000000000000     
   6.5000000000000000        1.6265943037359246E-015   0.0000000000000000     
   6.6000000000000005       -5.8534038492533155E-016   0.0000000000000000     
   6.7000000000000002        1.2660709724776637E-015   0.0000000000000000     
   6.8000000000000007        2.3813149561127371E-015   0.0000000000000000     
   6.9000000000000004       -7.4589912748482745E-016   0.0000000000000000     
   7.0000000000000000       -1.8465625532971586E-015   0.0000000000000000     
   7.1000000000000005       -1.4091859157260260E-015   0.0000000000000000     
   7.2000000000000002       -2.4378742888263378E-015   0.0000000000000000     
   7.3000000000000007       -2.3821632920589513E-015   0.0000000000000000     
   7.4000000000000004       -1.5923040606053560E-016   0.0000000000000000     
   7.5000000000000000        1.3291719279731212E-015   0.0000000000000000     
   7.6000000000000005        2.0404241137826146E-015   0.0000000000000000     
   7.7000000000000002        2.5480264122199484E-015   0.0000000000000000     
   7.8000000000000007        1.3835239269836487E-015   0.0000000000000000     
   7.9000000000000004        5.4941481973751009E-016   0.0000000000000000     
   8.0000000000000000        4.8328864794562275E-016   0.0000000000000000     
   8.0999999999999996       -5.8635394795347534E-016   0.0000000000000000     
   8.2000000000000011       -1.2696456422068633E-015   0.0000000000000000     
   8.3000000000000007       -7.7010645531784730E-016   0.0000000000000000     
   8.4000000000000004       -1.0724935689640299E-015   0.0000000000000000     
   8.5000000000000000       -2.4196100836770158E-015   0.0000000000000000     
   8.5999999999999996       -1.3558372790985121E-015   0.0000000000000000     
   8.7000000000000011        1.5258846892839870E-015   0.0000000000000000     
   8.8000000000000007        1.7112418073931078E-015   0.0000000000000000     
   8.9000000000000004        9.3183159388568083E-016   0.0000000000000000     
   9.0000000000000000        1.7442720312134350E-015   0.0000000000000000     
   9.0999999999999996        7.6910155547978987E-016   0.0000000000000000     
   9.2000000000000011       -1.7049483973681639E-015   0.0000000000000000     
   9.3000000000000007       -1.3008335571071475E-015   0.0000000000000000     
   9.4000000000000004       -3.2384975582041957E-017   0.0000000000000000     
   9.5000000000000000       -2.4653352266302988E-016   0.0000000000000000     
   9.6000000000000014        2.3506351447570907E-016   0.0000000000000000     
   9.7000000000000011        1.1058270111922331E-016   0.0000000000000000     
   9.8000000000000007       -4.8412396201815936E-016   0.0000000000000000     
   9.9000000000000004        3.7229153321046066E-016   0.0000000000000000     
   10.000000000000000        8.5803276259256657E-016   0.0000000000000000     
   10.100000000000001        1.1276631846683150E-015   0.0000000000000000     
   10.200000000000001        3.8862226481365915E-016   0.0000000000000000     
   10.300000000000001       -1.4685888775039367E-015   0.0000000000000000     
   10.400000000000000       -1.3080730197951200E-015   0.0000000000000000     
   10.500000000000000       -1.0711118653115301E-016   0.0000000000000000     
   10.600000000000001        9.4816204332579580E-016   0.0000000000000000     
   10.700000000000001        2.4844456805266265E-016   0.0000000000000000     
   10.800000000000001       -1.5134184730492619E-015   0.0000000000000000     
   10.900000000000000       -3.8575980297234715E-017   0.0000000000000000     
   11.000000000000000        1.6093572442947695E-015   0.0000000000000000     
   11.100000000000001        3.0210522326003777E-016   0.0000000000000000     
   11.200000000000001       -1.0595714976281598E-015   0.0000000000000000     
   11.300000000000001        4.0108091356627596E-016   0.0000000000000000     
   11.400000000000000        1.3262984914303693E-015   0.0000000000000000     
   11.500000000000000       -1.8808594447508376E-015   0.0000000000000000     
   11.600000000000001       -1.9031925966862553E-015   0.0000000000000000     
   11.700000000000001        1.3924503311013359E-015   0.0000000000000000     
   11.800000000000001        1.4320133476362711E-015   0.0000000000000000     
   11.900000000000000        4.3722119463957869E-016   0.0000000000000000     
   12.000000000000000       -3.6887453273265159E-016   0.0000000000000000     
   12.100000000000001        1.8808824662199570E-016   0.0000000000000000     
   12.200000000000001        7.2196386684336717E-016   0.0000000000000000     
   12.300000000000001       -7.7076597262006812E-016   0.0000000000000000     
   12.400000000000000       -3.2165568119359065E-016   0.0000000000000000     
   12.500000000000000        2.6830305635780862E-016   0.0000000000000000     
   12.600000000000001       -2.3860944036191486E-017   0.0000000000000000     
   12.700000000000001       -3.1145282064594396E-016   0.0000000000000000     
   12.800000000000001       -2.2939070401832488E-015   0.0000000000000000     
   12.900000000000000       -1.1748991572531386E-015   0.0000000000000000     
   13.000000000000000        2.2510344781764299E-015   0.0000000000000000     
   13.100000000000001        2.0809803434527701E-015   0.0000000000000000     
   13.200000000000001        1.8865243669463196E-016   0.0000000000000000     
   13.300000000000001       -1.0629734790811632E-015   0.0000000000000000     
   13.400000000000000       -7.5301540085467054E-016   0.0000000000000000     
   13.500000000000000        4.9995616355632986E-016   0.0000000000000000     
   13.600000000000001        1.0967090158626654E-015   0.0000000000000000     
   13.700000000000001        7.4836708539144984E-016   0.0000000000000000     
   13.800000000000001       -1.2588385347096146E-015   0.0000000000000000     
   13.900000000000000       -7.1820665076012813E-016   0.0000000000000000     
   14.000000000000000        1.5450075433042079E-015   0.0000000000000000     
   14.100000000000001       -1.6163906444245162E-015   0.0000000000000000     
   14.200000000000001       -2.5207299694355722E-015   0.0000000000000000     
   14.300000000000001        2.3214165891795981E-015   0.0000000000000000     
   14.400000000000000        2.5528577782006696E-015   0.0000000000000000     
   14.500000000000000        3.1233584295927065E-016   0.0000000000000000     
   14.600000000000001       -4.0031864799072657E-016   0.0000000000000000     
   14.700000000000001       -1.2975418608408169E-015   0.0000000000000000     
   14.800000000000001       -4.1337416951434847E-016   0.0000000000000000     
   14.900000000000000        3.1624046705685828E-016   0.0000000000000000     
   15.000000000000000        2.4533599431605078E-016   0.0000000000000000     
   15.100000000000001        4.8894108889643942E-016   0.0000000000000000     
   15.200000000000001       -3.8865969406098178E-016   0.0000000000000000     
   15.300000000000001       -1.4803799350883008E-015   0.0000000000000000     
   15.400000000000000       -2.4885635907177996E-015   0.0000000000000000     
   15.500000000000000       -4.2541476827350762E-016   0.0000000000000000     
   15.600000000000001        2.6291894954132035E-015   0.0000000000000000     
   15.700000000000001       -4.6698370700997365E-017   0.0000000000000000     
   15.800000000000001       -1.4766036195217954E-015   0.0000000000000000     
   15.900000000000000        5.3377431043434445E-016   0.0000000000000000     
   16.000000000000000        7.5323669547696354E-016   0.0000000000000000     
   16.100000000000001        1.6010575126157264E-015   0.0000000000000000     
   16.199999999999999        5.2955907495081219E-016   0.0000000000000000     
   16.300000000000001       -7.4544025965016404E-016   0.0000000000000000     
   16.400000000000002        9.5270224423537553E-016   0.0000000000000000     
   16.500000000000000        9.6241841156323108E-016   0.0000000000000000     
   16.600000000000001        1.8219042970404052E-015   0.0000000000000000     
   16.699999999999999        7.3702601769817941E-016   0.0000000000000000     
   16.800000000000001       -2.6568486952721614E-015   0.0000000000000000     
   16.900000000000002       -2.3116314318952061E-016   0.0000000000000000     
   17.000000000000000        5.0288483971464871E-016   0.0000000000000000     
   17.100000000000001       -1.8858039662537943E-015   0.0000000000000000     
   17.199999999999999       -5.9336462925073892E-016   0.0000000000000000     
   17.300000000000001        6.6206682102397588E-017   0.0000000000000000     
   17.400000000000002       -3.4175378221341254E-016   0.0000000000000000     
   17.500000000000000       -7.6715133605739915E-017   0.0000000000000000     
   17.600000000000001        7.0301688088238135E-016   0.0000000000000000     
   17.699999999999999        7.0832740472674754E-016   0.0000000000000000     
   17.800000000000001       -2.8791260699657303E-016   0.0000000000000000     
   17.900000000000002        1.5881600540871699E-015   0.0000000000000000     
   18.000000000000000        1.5270299985344815E-015   0.0000000000000000     
   18.100000000000001       -1.5561839750669805E-015   0.0000000000000000     
   18.199999999999999       -1.5342381430096321E-015   0.0000000000000000     
   18.300000000000001       -1.1007514356094445E-015   0.0000000000000000     
   18.400000000000002       -2.6385340484926768E-016   0.0000000000000000     
   18.500000000000000        1.5839052307966905E-016   0.0000000000000000     
   18.600000000000001       -2.2680012770383633E-015   0.0000000000000000     
   18.699999999999999       -1.5986797682894474E-015   0.0000000000000000     
   18.800000000000001        7.3136004350915841E-016   0.0000000000000000     
   18.900000000000002        4.8545394760792082E-016   0.0000000000000000     
   19.000000000000000        6.5142905351056946E-016   0.0000000000000000     
   19.100000000000001        2.5528830001309348E-016   0.0000000000000000     
   19.200000000000003       -7.5862446589769726E-016   0.0000000000000000     
   19.300000000000001        3.9540920405251415E-016   0.0000000000000000     
   19.400000000000002        1.1013242691595653E-015   0.0000000000000000     
   19.500000000000000        3.9705128350249097E-016   0.0000000000000000     
   19.600000000000001        1.0334455378956116E-015   0.0000000000000000     
   19.700000000000003        1.8826926008568672E-015   0.0000000000000000     
   19.800000000000001        9.8929498311114557E-016   0.0000000000000000     
   19.900000000000002       -7.8496575684803386E-016   0.0000000000000000     
   20.000000000000000       -1.3498734255455756E-015   0.0000000000000000     
   20.100000000000001        7.1048364079332432E-018   0.0000000000000000     
   20.200000000000003       -4.7288712142767437E-017   0.0000000000000000     
   20.300000000000001       -2.4707582801737615E-015   0.0000000000000000     
   20.400000000000002       -2.4982268102061902E-015   0.0000000000000000     
   20.500000000000000        8.3694085079259004E-016   0.0000000000000000     
   20.600000000000001        1.9623070531515075E-015   0.0000000000000000     
   20.700000000000003       -8.2251306433181338E-016   0.0000000000000000     
   20.800000000000001       -1.4000792190399198E-015   0.0000000000000000     
   20.900000000000002        1.6699737169290715E-015   0.0000000000000000     
   21.000000000000000        2.5755162038265650E-015   0.0000000000000000     
   21.100000000000001        1.1982383108649306E-015   0.0000000000000000     
   21.200000000000003        7.1349649956457550E-016   0.0000000000000000     
   21.300000000000001        1.7967978541803219E-016   0.0000000000000000     
   21.400000000000002       -7.3942141207813014E-016   0.0000000000000000     
   21.500000000000000       -8.0925905248186008E-016   0.0000000000000000     
   21.600000000000001       -1.2745149749945207E-015   0.0000000000000000     
   21.700000000000003       -1.8606120060543849E-015   0.0000000000000000     
   21.800000000000001        3.3162703267299312E-016   0.0000000000000000     
   21.900000000000002        2.0891194050107806E-015   0.0000000000000000     
   22.000000000000000        2.4606258443269628E-016   0.0000000000000000     
   22.100000000000001       -1.1034704832662309E-015   0.0000000000000000     
   22.200000000000003       -3.4705034050265160E-016   0.0000000000000000     
   22.300000000000001        6.2660254150572741E-016   0.0000000000000000     
   22.400000000000002        2.3731993738392305E-016   0.0000000000000000     
   22.500000000000000       -2.8876167030768714E-016   0.0000000000000000     
   22.600000000000001        1.5138411973637228E-015   0.0000000000000000     
   22.700000000000003        1.9657122224624618E-015   0.0000000000000000     
   22.800000000000001        4.4847087468557402E-017   0.0000000000000000     
   22.900000000000002        3.5988074302182563E-018   0.0000000000000000     
   23.000000000000000        9.6855427376506364E-016   0.0000000000000000     
   23.100000000000001        1.5088405714690371E-015   0.0000000000000000     
   23.200000000000003        9.2477714542510209E-016   0.0000000000000000     
   23.300000000000001        6.4186202378337185E-016   0.0000000000000000     
   23.400000000000002        1.7288724827104856E-016   0.0000000000000000     
   23.500000000000000       -2.8060493440509522E-015   0.0000000000000000     
   23.600000000000001       -3.4470310875975278E-015   0.0000000000000000     
   23.700000000000003       -9.1977178833845997E-016   0.0000000000000000     
   23.800000000000001       -1.2922849407497812E-015   0.0000000000000000     
   23.900000000000002       -4.0593709193489853E-016   0.0000000000000000     
   24.000000000000000        3.5776434833328161E-017   0.0000000000000000     
   24.100000000000001        2.4167050938858333E-017   0.0000000000000000     
   24.200000000000003        2.0020343951094305E-016   0.0000000000000000     
   24.300000000000001        1.1561418182390528E-015   0.0000000000000000     
   24.400000000000002        1.1763202696212530E-015   0.0000000000000000     
   24.500000000000000        2.6792061208999230E-015   0.0000000000000000     
   24.600000000000001       -1.4212131843278356E-015   0.0000000000000000     
   24.700000000000003        9.8705209028385597E-016   0.0000000000000000     
   24.800000000000001       -4.5161391925771960E-016   0.0000000000000000     
   24.900000000000002        1.0116452980146314E-015   0.0000000000000000     
   25.000000000000000       -2.5770288912254088E-015   0.0000000000000000     
   25.100000000000001        3.2976296234657937E-015   0.0000000000000000     
   25.200000000000003       -5.9839734385382205E-015   0.0000000000000000     
   25.300000000000001        3.5943981525381755E-015   0.0000000000000000     
   25.400000000000002       -5.1698204525987729E-015   0.0000000000000000     
   25.500000000000000        7.9132555117822186E-015   0.0000000000000000     
   25.600000000000001       -1.1252564748393428E-014   0.0000000000000000     
   25.700000000000003        1.1276949412464356E-014   0.0000000000000000     
   25.800000000000001       -1.8669357814814284E-014   0.0000000000000000     
   25.900000000000002        2.1271203584552155E-014   0.0000000000000000     
   26.000000000000000       -2.5385077917865578E-014   0.0000000000000000     
   26.100000000000001        3.2981140856806181E-014   0.0000000000000000     
   26.200000000000003       -4.4480548420891983E-014   0.0000000000000000     
   26.300000000000001        5.6731311383689410E-014   0.0000000000000000     
   26.400000000000002       -6.8815980876388173E-014   0.0000000000000000     
   26.500000000000000        8.6602126337436767E-014   0.0000000000000000     
   26.600000000000001       -1.1172691696432447E-013   0.0000000000000000     
   26.700000000000003        1.4426208297262119E-013   0.0000000000000000     
   26.800000000000001       -1.8029963249059062E-013   0.0000000000000000     
   26.900000000000002        2.2783866780546905E-013   0.0000000000000000     
   27.000000000000000       -2.9197082719032770E-013   0.0000000000000000     
   27.100000000000001        3.6307676334640938E-013   0.0000000000000000     
   27.200000000000003       -4.5840709034902490E-013   0.0000000000000000     
   27.300000000000001        5.8035339699476306E-013   0.0000000000000000     
   27.400000000000002       -7.3818089402152406E-013   0.0000000000000000     
   27.500000000000000        9.2731116945708986E-013   0.0000000000000000     
   27.600000000000001       -1.1653458048535942E-012   0.0000000000000000     
   27.700000000000003        1.4694582889096469E-012   0.0000000000000000     
   27.800000000000001       -1.8493273665517647E-012   0.0000000000000000     
   27.900000000000002        2.3221092706623356E-012   0.0000000000000000     
   28.000000000000000       -2.9194943587763877E-012   0.0000000000000000     
   28.100000000000001        3.6659828155153877E-012   0.0000000000000000     
   28.200000000000003       -4.5974003357983751E-012   0.0000000000000000     
   28.300000000000001        5.7642521779892048E-012   0.0000000000000000     
   28.400000000000002       -7.2192456052695430E-012   0.0000000000000000     
   28.500000000000000        9.0355542769712347E-012   0.0000000000000000     
   28.600000000000001       -1.1302181353257738E-011   0.0000000000000000     
   28.700000000000003        1.4121610940583305E-011   0.0000000000000000     
   28.800000000000001       -1.7630489681924627E-011   0.0000000000000000     
   28.900000000000002        2.2002886004503259E-011   0.0000000000000000     
   29.000000000000000       -2.7425112546912484E-011   0.0000000000000000     
   29.100000000000001        3.4162073891682376E-011   0.0000000000000000     
   29.200000000000003       -4.2520291110131950E-011   0.0000000000000000     
   29.300000000000001        5.2876338020189671E-011   0.0000000000000000     
   29.400000000000002       -6.5697184228496760E-011   0.0000000000000000     
   29.500000000000000        8.1562230297997756E-011   0.0000000000000000     
   29.600000000000001       -1.0117273148924032E-010   0.0000000000000000     
   29.700000000000003        1.2538388391298856E-010   0.0000000000000000     
   29.800000000000001       -1.5526012592945139E-010   0.0000000000000000     
   29.900000000000002        1.9208170784863453E-010   0.0000000000000000     
   30.000000000000000       -2.3743516977170916E-010   0.0000000000000000     
   30.100000000000001        2.9322788415376820E-010   0.0000000000000000     
   30.200000000000003       -3.6180846554204179E-010   0.0000000000000000     
   30.300000000000001        4.4602619836516664E-010   0.0000000000000000     
   30.400000000000002       -5.4934763843478476E-010   0.0000000000000000     
   30.500000000000000        6.7598421587854267E-010   0.0000000000000000     
   30.600000000000001       -8.3104448870640295E-010   0.0000000000000000     
   30.700000000000003        1.0207298580825373E-009   0.0000000000000000     
   30.800000000000001       -1.2525268007947554E-009   0.0000000000000000     
   30.900000000000002        1.5355240594954107E-009   0.0000000000000000     
   31.000000000000000       -1.8806692131623804E-009   0.0000000000000000     
   31.100000000000001        2.3012019795230621E-009   0.0000000000000000     
   31.200000000000003       -2.8130599118724846E-009   0.0000000000000000     
   31.300000000000001        3.4354450228732928E-009   0.0000000000000000     
   31.400000000000002       -4.1914434790928843E-009   0.0000000000000000     
   31.500000000000000        5.1087952802544838E-009   0.0000000000000000     
   31.600000000000001       -6.2207828336111741E-009   0.0000000000000000     
   31.700000000000003        7.5672940268385138E-009   0.0000000000000000     
   31.800000000000001       -9.1960717211025717E-009   0.0000000000000000     
   31.900000000000002        1.1164195035522839E-008   0.0000000000000000     
   32.000000000000000       -1.3539839566082314E-008   0.0000000000000000     
   32.100000000000001        1.6404309776393905E-008   0.0000000000000000     
   32.200000000000003       -1.9854456768794168E-008   0.0000000000000000     
   32.300000000000004        2.4005522762919776E-008   0.0000000000000000     
   32.399999999999999       -2.8994440076801105E-008   0.0000000000000000     
   32.500000000000000        3.4983730854057872E-008   0.0000000000000000     
   32.600000000000001       -4.2166043652797730E-008   0.0000000000000000     
   32.700000000000003        5.0769417315080414E-008   0.0000000000000000     
   32.800000000000004       -6.1063493370152429E-008   0.0000000000000000     
   32.899999999999999        7.3366638287086076E-008   0.0000000000000000     
   33.000000000000000       -8.8054288356576441E-008   0.0000000000000000     
   33.100000000000001        1.0556859839609425E-007   0.0000000000000000     
   33.200000000000003       -1.2642961373131162E-007   0.0000000000000000     
   33.300000000000004        1.5124814545867785E-007   0.0000000000000000     
   33.399999999999999       -1.8074068790567997E-007   0.0000000000000000     
   33.500000000000000        2.1574655363348482E-007   0.0000000000000000     
   33.600000000000001       -2.5724756119720848E-007   0.0000000000000000     
   33.700000000000003        3.0639068793705146E-007   0.0000000000000000     
   33.800000000000004       -3.6451394183289954E-007   0.0000000000000000     
   33.899999999999999        4.3317604196782599E-007   0.0000000000000000     
   34.000000000000000       -5.1419021728353154E-007   0.0000000000000000     
   34.100000000000001        6.0966277296648960E-007   0.0000000000000000     
   34.200000000000003       -7.2203692911791911E-007   0.0000000000000000     
   34.300000000000004        8.5414260638007276E-007   0.0000000000000000     
   34.399999999999999       -1.0092527957867130E-006   0.0000000000000000     
   34.500000000000000        1.1911473400542784E-006   0.0000000000000000     
   34.600000000000001       -1.4041848980157458E-006   0.0000000000000000     
   34.700000000000003        1.6533839654963754E-006   0.0000000000000000     
   34.800000000000004       -1.9445139601343513E-006   0.0000000000000000     
   34.899999999999999        2.2841973396104544E-006   0.0000000000000000     
   35.000000000000000       -2.6800239073449942E-006   0.0000000000000000     
   35.100000000000001        3.1406783786633403E-006   0.0000000000000000     
   35.200000000000003       -3.6760824986998602E-006   0.0000000000000000     
   35.300000000000004        4.2975530147772317E-006   0.0000000000000000     
   35.399999999999999       -5.0179767258669639E-006   0.0000000000000000     
   35.500000000000000        5.8520041720635634E-006   0.0000000000000000     
   35.600000000000001       -6.8162630874889031E-006   0.0000000000000000     
   35.700000000000003        7.9295935306269021E-006   0.0000000000000000     
   35.800000000000004       -9.2133054280718565E-006   0.0000000000000000     
   35.899999999999999        1.0691460806163811E-005   0.0000000000000000     
   36.000000000000000       -1.2391181172853687E-005   0.0000000000000000     
   36.100000000000001        1.4342982152126320E-005   0.0000000000000000     
   36.200000000000003       -1.6581136112187144E-005   0.0000000000000000     
   36.300000000000004        1.9144063690205662E-005   0.0000000000000000     
   36.399999999999999       -2.2074756052662451E-005   0.0000000000000000     
   36.500000000000000        2.5421226609045465E-005   0.0000000000000000     
   36.600000000000001       -2.9236995493094346E-005   0.0000000000000000     
   36.700000000000003        3.3581602749623104E-005   0.0000000000000000     
   36.800000000000004       -3.8521154871109521E-005   0.0000000000000000     
   36.899999999999999        4.4128898253206159E-005   0.0000000000000000     
   37.000000000000000       -5.0485823305405935E-005   0.0000000000000000     
   37.100000000000001        5.7681293534774218E-005   0.0000000000000000     
   37.200000000000003       -6.5813697530046406E-005   0.0000000000000000     
   37.300000000000004        7.4991123805306489E-005   0.0000000000000000     
   37.399999999999999       -8.5332045052537820E-005   0.0000000000000000     
   37.500000000000000        9.6966021574209439E-005   0.0000000000000000     
   37.600000000000001       -1.1003439569675260E-004   0.0000000000000000     
   37.700000000000003        1.2469099678154481E-004   0.0000000000000000     
   37.800000000000004       -1.4110281720413522E-004   0.0000000000000000     
   37.899999999999999        1.5945067929708007E-004   0.0000000000000000     
   38.000000000000000       -1.7992985737822547E-004   0.0000000000000000     
   38.100000000000001        2.0275065304409235E-004   0.0000000000000000     
   38.200000000000003       -2.2813891885809287E-004   0.0000000000000000     
   38.300000000000004        2.5633647563871442E-004   0.0000000000000000     
   38.400000000000006       -2.8760148035440275E-004   0.0000000000000000     
   38.500000000000000        3.2220861098584600E-004   0.0000000000000000     
   38.600000000000001       -3.6044920160014179E-004   0.0000000000000000     
   38.700000000000003        4.0263112015373535E-004   0.0000000000000000     
   38.800000000000004       -4.4907856727202737E-004   0.0000000000000000     
   38.900000000000006        5.0013158026038132E-004   0.0000000000000000     
   39.000000000000000       -5.5614536300031435E-004   0.0000000000000000     
   39.100000000000001        6.1748936086987807E-004   0.0000000000000000     
   39.200000000000003       -6.8454596784636409E-004   0.0000000000000000     
   39.300000000000004        7.5770912065856611E-004   0.0000000000000000     
   39.400000000000006       -8.3738223325957237E-004   0.0000000000000000     
   39.500000000000000        9.2397623772652343E-004   0.0000000000000000     
   39.600000000000001       -1.0179066458130535E-003   0.0000000000000000     
   39.700000000000003        1.1195909047974912E-003   0.0000000000000000     
   39.800000000000004       -1.2294445930170308E-003   0.0000000000000000     
   39.900000000000006        1.3478778607408076E-003   0.0000000000000000     
   40.000000000000000       -1.4752909223768010E-003   0.0000000000000000     
   40.100000000000001        1.6120692446315635E-003   0.0000000000000000     
   40.200000000000003       -1.7585786562099709E-003   0.0000000000000000     
   40.300000000000004        1.9151588984892653E-003   0.0000000000000000     
   40.400000000000006       -2.0821187438073824E-003   0.0000000000000000     
   40.500000000000000        2.2597276480744101E-003   0.0000000000000000     
   40.600000000000001       -2.4482111291626229E-003   0.0000000000000000     
   40.700000000000003        2.6477406798110109E-003   0.0000000000000000     
   40.800000000000004       -2.8584291969434637E-003   0.0000000000000000     
   40.900000000000006        3.0803201033996028E-003   0.0000000000000000     
   41.000000000000000       -3.3133818132748995E-003   0.0000000000000000     
   41.100000000000001        3.5574981101078569E-003   0.0000000000000000     
   41.200000000000003       -3.8124596469034070E-003   0.0000000000000000     
   41.300000000000004        4.0779587330612432E-003   0.0000000000000000     
   41.400000000000006       -4.3535751454740600E-003   0.0000000000000000     
   41.500000000000000        4.6387789726572140E-003   0.0000000000000000     
   41.600000000000001       -4.9329083108323049E-003   0.0000000000000000     
   41.700000000000003        5.2351828050035141E-003   0.0000000000000000     
   41.800000000000004       -5.5446730819322691E-003   0.0000000000000000     
   41.900000000000006        5.8603241369000556E-003   0.0000000000000000     
   42.000000000000000       -6.1809214690986105E-003   0.0000000000000000     
   42.100000000000001        6.5051168611353393E-003   0.0000000000000000     
   42.200000000000003       -6.8314043324974360E-003   0.0000000000000000     
   42.300000000000004        7.1581315265045412E-003   0.0000000000000000     
   42.400000000000006       -7.4835085871654003E-003   0.0000000000000000     
   42.500000000000000        7.8055784836813628E-003   0.0000000000000000     
   42.600000000000001       -8.1222903759410377E-003   0.0000000000000000     
   42.700000000000003        8.4313964301941831E-003   0.0000000000000000     
   42.800000000000004       -8.7306221349059913E-003   0.0000000000000000     
   42.900000000000006        9.0174628271213232E-003   0.0000000000000000     
   43.000000000000000       -9.2894682927146862E-003   0.0000000000000000     
   43.100000000000001        9.5439385432391725E-003   0.0000000000000000     
   43.200000000000003       -9.7782994861488424E-003   0.0000000000000000     
   43.300000000000004        9.9897532542005830E-003   0.0000000000000000     
   43.400000000000006       -1.0175648640462958E-002   0.0000000000000000     
   43.500000000000000        1.0333230676895662E-002   0.0000000000000000     
   43.600000000000001       -1.0459804190463433E-002   0.0000000000000000     
   43.700000000000003        1.0552843906391754E-002   0.0000000000000000     
   43.800000000000004       -1.0609626394824658E-002   0.0000000000000000     
   43.900000000000006        1.0628081368301361E-002   0.0000000000000000     
   44.000000000000000       -1.0605462571052771E-002   0.0000000000000000     
   44.100000000000001        1.0540393794308756E-002   0.0000000000000000     
   44.200000000000003       -1.0430126758069353E-002   0.0000000000000000     
   44.300000000000004        1.0274182904938456E-002   0.0000000000000000     
   44.400000000000006       -1.0069899540674263E-002   0.0000000000000000     
   44.500000000000000        9.8177839718137164E-003   0.0000000000000000     
   44.600000000000001       -9.5154953913744109E-003   0.0000000000000000     
   44.700000000000003        9.1643879963367383E-003   0.0000000000000000     
   44.800000000000004       -8.7629387924946268E-003   0.0000000000000000     
   44.900000000000006        8.3128457043542582E-003   0.0000000000000000     
   45.000000000000000       -7.8142874676418866E-003   0.0000000000000000     
   45.100000000000001        7.2682956085033607E-003   0.0000000000000000     
   45.200000000000003       -6.6781420426778948E-003   0.0000000000000000     
   45.300000000000004        6.0425625067124225E-003   0.0000000000000000     
   45.400000000000006       -5.3698869439384178E-003   0.0000000000000000     
   45.500000000000000        4.6542811496122129E-003   0.0000000000000000     
   45.600000000000001       -3.9116176110875096E-003   0.0000000000000000     
   45.700000000000003        3.1287122567675608E-003   0.0000000000000000     
   45.800000000000004       -2.3317240728905949E-003   0.0000000000000000     
   45.900000000000006        1.4972340523584868E-003   0.0000000000000000     
   46.000000000000000       -6.6412010080632979E-004   0.0000000000000000     
   46.100000000000001       -2.0348887742934965E-004   0.0000000000000000     
   46.200000000000003        1.0528704393120362E-003   0.0000000000000000     
   46.300000000000004       -1.9326375491967821E-003   0.0000000000000000     
   46.400000000000006        2.7779341647634070E-003   0.0000000000000000     
   46.500000000000000       -3.6466294841884469E-003   0.0000000000000000     
   46.600000000000001        4.4684354717946751E-003   0.0000000000000000     
   46.700000000000003       -5.3007082172687745E-003   0.0000000000000000     
   46.800000000000004        6.0822479286140292E-003   0.0000000000000000     
   46.900000000000006       -6.8506557546055219E-003   0.0000000000000000     
   47.000000000000000        7.5796487653361985E-003   0.0000000000000000     
   47.100000000000001       -8.2545414698880961E-003   0.0000000000000000     
   47.200000000000003        8.9251631079980357E-003   0.0000000000000000     
   47.300000000000004       -9.4744156031477469E-003   0.0000000000000000     
   47.400000000000006        1.0089239946501408E-002   0.0000000000000000     
   47.500000000000000       -1.0477856352932824E-002   0.0000000000000000     
   47.600000000000001        1.1049646000672391E-002   0.0000000000000000     
   47.700000000000003       -1.1239286655187504E-002   0.0000000000000000     
   47.800000000000004        1.1792477077101160E-002   0.0000000000000000     
   47.900000000000006       -1.1740989714036589E-002   0.0000000000000000     
   48.000000000000000        1.2312708781675960E-002   0.0000000000000000     
   48.100000000000001       -1.1973770273811872E-002   0.0000000000000000     
   48.200000000000003        1.2614238285343792E-002   0.0000000000000000     
   48.300000000000004       -1.1937230146452031E-002   0.0000000000000000     
   48.400000000000006        1.2709404127465981E-002   0.0000000000000000     
   48.500000000000000       -1.1639649966356157E-002   0.0000000000000000     
   48.600000000000001        1.2618009004760717E-002   0.0000000000000000     
   48.700000000000003       -1.1097492705893240E-002   0.0000000000000000     
   48.800000000000004        1.2365907921989709E-002   0.0000000000000000     
   48.900000000000006       -1.0334566328539114E-002   0.0000000000000000     
   49.000000000000000        1.1983257630832533E-002   0.0000000000000000     
   49.100000000000001       -9.3809014372589518E-003   0.0000000000000000     
   49.200000000000003        1.1502550068670092E-002   0.0000000000000000     
   49.300000000000004       -8.2714149830090469E-003   0.0000000000000000     
   49.400000000000006        1.0956416841412546E-002   0.0000000000000000     
   49.500000000000000       -7.0457169811938810E-003   0.0000000000000000     
   49.600000000000001        1.0486563974735394E-002   0.0000000000000000     
   49.700000000000003       -5.9985504043772201E-003   0.0000000000000000     
   49.800000000000004        4.5881827080344710E-003   0.0000000000000000     
   49.900000000000006        5.0654071924799070E-054   0.0000000000000000     
