   0.0000000000000000        8.5505887553774492E-016   0.0000000000000000     
  0.10000000000000001       -6.6361461258917028E-017   0.0000000000000000     
  0.20000000000000001       -1.1789939474326876E-015   0.0000000000000000     
  0.30000000000000004       -2.2667993137197933E-015   0.0000000000000000     
  0.40000000000000002       -1.5153623857471747E-015   0.0000000000000000     
  0.50000000000000000        1.2241201919069220E-015   0.0000000000000000     
  0.60000000000000009        1.4636355014314590E-015   0.0000000000000000     
  0.70000000000000007        5.0347896623462040E-016   0.0000000000000000     
  0.80000000000000004       -1.8370677239346665E-016   0.0000000000000000     
  0.90000000000000002        5.3407905523995054E-017   0.0000000000000000     
   1.0000000000000000       -5.1044670300531752E-016   0.0000000000000000     
   1.1000000000000001       -2.0482813730160400E-015   0.0000000000000000     
   1.2000000000000002       -1.2902015805534282E-015   0.0000000000000000     
   1.3000000000000000       -2.4308003975929858E-017   0.0000000000000000     
   1.4000000000000001        2.7475223103714802E-015   0.0000000000000000     
   1.5000000000000000        4.3243212630443166E-015   0.0000000000000000     
   1.6000000000000001       -2.2616483402638612E-016   0.0000000000000000     
   1.7000000000000002       -2.5700061525679146E-015   0.0000000000000000     
   1.8000000000000000       -2.2864279268704112E-015   0.0000000000000000     
   1.9000000000000001       -2.0748767128500141E-015   0.0000000000000000     
   2.0000000000000000        8.5054551512968243E-016   0.0000000000000000     
   2.1000000000000001        5.6662937040652282E-016   0.0000000000000000     
   2.2000000000000002        3.7683913997321747E-016   0.0000000000000000     
   2.3000000000000003        2.5677025444295347E-015   0.0000000000000000     
   2.4000000000000004        2.9732009933630346E-017   0.0000000000000000     
   2.5000000000000000       -4.5194512859747874E-016   0.0000000000000000     
   2.6000000000000001        1.8604548867261689E-015   0.0000000000000000     
   2.7000000000000002       -1.2439504003431095E-015   0.0000000000000000     
   2.8000000000000003       -4.2755306859580638E-015   0.0000000000000000     
   2.9000000000000004       -2.0880635127735154E-015   0.0000000000000000     
   3.0000000000000000        1.4042253454422678E-015   0.0000000000000000     
   3.1000000000000001        2.9016106571068871E-015   0.0000000000000000     
   3.2000000000000002        2.8679699411047074E-015   0.0000000000000000     
   3.3000000000000003        1.1071338551267502E-015   0.0000000000000000     
   3.4000000000000004       -1.6053605984884934E-015   0.0000000000000000     
   3.5000000000000000       -1.4918984738709925E-015   0.0000000000000000     
   3.6000000000000001       -9.0312500550900605E-016   0.0000000000000000     
   3.7000000000000002       -1.4530930963240391E-015   0.0000000000000000     
   3.8000000000000003       -2.5929793108663556E-016   0.0000000000000000     
   3.9000000000000004        4.2606485758294836E-016   0.0000000000000000     
   4.0000000000000000        7.4614596454975305E-016   0.0000000000000000     
   4.1000000000000005        1.2427088112366561E-015   0.0000000000000000     
   4.2000000000000002        4.0531006287704362E-016   0.0000000000000000     
   4.2999999999999998        8.4207925853539671E-016   0.0000000000000000     
   4.4000000000000004        5.7793604654922816E-016   0.0000000000000000     
   4.5000000000000000       -1.7940713820218861E-015   0.0000000000000000     
   4.6000000000000005       -1.5416708003111476E-015   0.0000000000000000     
   4.7000000000000002        7.0841717969896979E-016   0.0000000000000000     
   4.8000000000000007        6.5226237201008212E-016   0.0000000000000000     
   4.9000000000000004       -6.0498763798183627E-016   0.0000000000000000     
   5.0000000000000000        1.3107234150106573E-016   0.0000000000000000     
   5.1000000000000005       -6.5282677045180430E-017   0.0000000000000000     
   5.2000000000000002       -1.2584509967625026E-015   0.0000000000000000     
   5.3000000000000007        5.0501945142180214E-016   0.0000000000000000     
   5.4000000000000004        1.2638073892480972E-015   0.0000000000000000     
   5.5000000000000000        3.9230920784443211E-016   0.0000000000000000     
   5.6000000000000005        6.6493811457327295E-016   0.0000000000000000     
   5.7000000000000002       -1.0841800229281753E-016   0.0000000000000000     
   5.8000000000000007       -7.9277906990614143E-016   0.0000000000000000     
   5.9000000000000004       -1.8303657057754663E-016   0.0000000000000000     
   6.0000000000000000        8.1227362189524604E-016   0.0000000000000000     
   6.1000000000000005        7.2653054841202447E-017   0.0000000000000000     
   6.2000000000000002       -2.7945091129804600E-015   0.0000000000000000     
   6.3000000000000007       -9.7543440682989121E-016   0.0000000000000000     
   6.4000000000000004        2.5723154917494312E-015   0.0000000000000000     
   6.5000000000000000        1.4561844245595937E-016   0.0000000000000000     
   6.6000000000000005       -6.5105948959176681E-016   0.0000000000000000     
   6.7000000000000002        1.5602650340210847E-015   0.0000000000000000     
   6.8000000000000007        9.1407071141460813E-017   0.0000000000000000     
   6.9000000000000004       -2.2663437023094607E-017   0.0000000000000000     
   7.0000000000000000        5.1401220861379216E-016   0.0000000000000000     
   7.1000000000000005       -2.2114157169342249E-015   0.0000000000000000     
   7.2000000000000002       -7.0915703193006497E-016   0.0000000000000000     
   7.3000000000000007        2.1180455371779864E-015   0.0000000000000000     
   7.4000000000000004       -4.6246828545682216E-016   0.0000000000000000     
   7.5000000000000000       -1.8119857141501074E-015   0.0000000000000000     
   7.6000000000000005        4.3590212993445434E-016   0.0000000000000000     
   7.7000000000000002        1.5902345537307474E-015   0.0000000000000000     
   7.8000000000000007        1.5511266348604737E-016   0.0000000000000000     
   7.9000000000000004       -9.8658248731693250E-016   0.0000000000000000     
   8.0000000000000000       -2.6592775124201705E-016   0.0000000000000000     
   8.0999999999999996        5.0919353768646971E-016   0.0000000000000000     
   8.2000000000000011        1.2565426116398391E-015   0.0000000000000000     
   8.3000000000000007       -1.0488239883934477E-015   0.0000000000000000     
   8.4000000000000004       -2.9746425101571033E-015   0.0000000000000000     
   8.5000000000000000        2.0785580506412539E-015   0.0000000000000000     
   8.5999999999999996        2.7926440014980023E-015   0.0000000000000000     
   8.7000000000000011       -2.0907586341065077E-015   0.0000000000000000     
   8.8000000000000007       -7.9574672050231996E-016   0.0000000000000000     
   8.9000000000000004        4.4518388681383168E-016   0.0000000000000000     
   9.0000000000000000       -5.9891672144006625E-016   0.0000000000000000     
   9.0999999999999996        1.3813671328662239E-015   0.0000000000000000     
   9.2000000000000011        1.0600075467491082E-015   0.0000000000000000     
   9.3000000000000007       -1.4090748675755144E-015   0.0000000000000000     
   9.4000000000000004       -1.1381833689325612E-015   0.0000000000000000     
   9.5000000000000000        1.5584706961520114E-016   0.0000000000000000     
   9.6000000000000014        1.2034302637761612E-016   0.0000000000000000     
   9.7000000000000011        2.5581266707113162E-017   0.0000000000000000     
   9.8000000000000007        1.3194010281136797E-015   0.0000000000000000     
   9.9000000000000004        1.0128170061198361E-015   0.0000000000000000     
   10.000000000000000       -9.2491693303188671E-016   0.0000000000000000     
   10.100000000000001       -3.9954448577356116E-016   0.0000000000000000     
   10.200000000000001       -4.1140181802728008E-017   0.0000000000000000     
   10.300000000000001       -1.1649139578096014E-015   0.0000000000000000     
   10.400000000000000       -2.5826209944464291E-016   0.0000000000000000     
   10.500000000000000        2.7876797932324038E-016   0.0000000000000000     
   10.600000000000001        1.1704476145847780E-016   0.0000000000000000     
   10.700000000000001        1.3710651478773446E-015   0.0000000000000000     
   10.800000000000001        8.2865118364589486E-016   0.0000000000000000     
   10.900000000000000        4.6611154488376668E-016   0.0000000000000000     
   11.000000000000000        1.1437475002742826E-015   0.0000000000000000     
   11.100000000000001       -1.2670171763983212E-015   0.0000000000000000     
   11.200000000000001       -2.4706077160439554E-015   0.0000000000000000     
   11.300000000000001       -1.5720777440489297E-015   0.0000000000000000     
   11.400000000000000       -8.2660112959546705E-016   0.0000000000000000     
   11.500000000000000        1.9041660728929891E-015   0.0000000000000000     
   11.600000000000001        1.6410724645754090E-015   0.0000000000000000     
   11.700000000000001       -6.6877837275501180E-016   0.0000000000000000     
   11.800000000000001        1.0905152779501496E-015   0.0000000000000000     
   11.900000000000000        1.8473449772364684E-015   0.0000000000000000     
   12.000000000000000       -5.2731254891098306E-016   0.0000000000000000     
   12.100000000000001       -2.0034473237749593E-015   0.0000000000000000     
   12.200000000000001       -6.4714989532251651E-016   0.0000000000000000     
   12.300000000000001        8.8258372061072542E-016   0.0000000000000000     
   12.400000000000000       -5.1541188140732360E-016   0.0000000000000000     
   12.500000000000000       -6.8912016074755429E-016   0.0000000000000000     
   12.600000000000001        7.1368697223219683E-016   0.0000000000000000     
   12.700000000000001        1.0558238304539247E-015   0.0000000000000000     
   12.800000000000001        4.4215912147978772E-016   0.0000000000000000     
   12.900000000000000       -2.0604292718886584E-015   0.0000000000000000     
   13.000000000000000       -1.7100865091351856E-015   0.0000000000000000     
   13.100000000000001        5.9044105852271901E-016   0.0000000000000000     
   13.200000000000001        3.1958256832884633E-016   0.0000000000000000     
   13.300000000000001        1.5404942868026804E-015   0.0000000000000000     
   13.400000000000000        1.8853456385620519E-015   0.0000000000000000     
   13.500000000000000        4.6702058372754521E-016   0.0000000000000000     
   13.600000000000001        4.7127667052788555E-016   0.0000000000000000     
   13.700000000000001       -1.3026445312247288E-015   0.0000000000000000     
   13.800000000000001       -2.2723575691409551E-015   0.0000000000000000     
   13.900000000000000       -5.0580593600071529E-016   0.0000000000000000     
   14.000000000000000        3.2133899799442300E-016   0.0000000000000000     
   14.100000000000001        7.3305447934752396E-017   0.0000000000000000     
   14.200000000000001       -5.1294557381125129E-016   0.0000000000000000     
   14.300000000000001        1.2435390902407658E-016   0.0000000000000000     
   14.400000000000000        1.2117526034395510E-015   0.0000000000000000     
   14.500000000000000        1.0111192034878269E-015   0.0000000000000000     
   14.600000000000001        6.5225781969311819E-016   0.0000000000000000     
   14.700000000000001       -1.5852824366510980E-016   0.0000000000000000     
   14.800000000000001       -4.6982176380871786E-016   0.0000000000000000     
   14.900000000000000       -2.1396975801035659E-016   0.0000000000000000     
   15.000000000000000       -9.3655916875992932E-016   0.0000000000000000     
   15.100000000000001       -1.1023756849439108E-015   0.0000000000000000     
   15.200000000000001       -7.4712064388159280E-017   0.0000000000000000     
   15.300000000000001        1.0445397766776958E-015   0.0000000000000000     
   15.400000000000000        8.9145118372582684E-016   0.0000000000000000     
   15.500000000000000       -5.2015199430942783E-016   0.0000000000000000     
   15.600000000000001       -3.9308068861144880E-016   0.0000000000000000     
   15.700000000000001        1.2717157747900197E-015   0.0000000000000000     
   15.800000000000001        7.4924727343358769E-016   0.0000000000000000     
   15.900000000000000       -9.1838505983930570E-016   0.0000000000000000     
   16.000000000000000        7.6233914211609762E-016   0.0000000000000000     
   16.100000000000001        1.9672638804296760E-015   0.0000000000000000     
   16.199999999999999       -1.6615445629143943E-015   0.0000000000000000     
   16.300000000000001       -3.5090342147600800E-015   0.0000000000000000     
   16.400000000000002       -1.0480236506530932E-015   0.0000000000000000     
   16.500000000000000        2.8065978216479786E-016   0.0000000000000000     
   16.600000000000001       -7.3305360371353273E-016   0.0000000000000000     
   16.699999999999999       -1.9105453112533206E-016   0.0000000000000000     
   16.800000000000001        2.4298227833606394E-015   0.0000000000000000     
   16.900000000000002        2.8603769636171587E-015   0.0000000000000000     
   17.000000000000000        1.2179327372466500E-015   0.0000000000000000     
   17.100000000000001        9.5926724961404232E-016   0.0000000000000000     
   17.199999999999999       -1.0323644463404866E-015   0.0000000000000000     
   17.300000000000001       -1.2727989699743382E-015   0.0000000000000000     
   17.400000000000002        4.4098131604370782E-016   0.0000000000000000     
   17.500000000000000       -8.1259113313323388E-016   0.0000000000000000     
   17.600000000000001       -2.8283494293283051E-015   0.0000000000000000     
   17.699999999999999       -1.4051892507667625E-015   0.0000000000000000     
   17.800000000000001       -2.1918827383301356E-015   0.0000000000000000     
   17.900000000000002        1.3186261436367296E-015   0.0000000000000000     
   18.000000000000000        2.3570674783034185E-015   0.0000000000000000     
   18.100000000000001        2.4809417734002691E-015   0.0000000000000000     
   18.199999999999999        2.5385396182674671E-016   0.0000000000000000     
   18.300000000000001        3.0006351468024472E-015   0.0000000000000000     
   18.400000000000002       -2.7749750949631323E-015   0.0000000000000000     
   18.500000000000000        5.4396643386776923E-016   0.0000000000000000     
   18.600000000000001       -3.2873871781554117E-015   0.0000000000000000     
   18.699999999999999        3.8146894449964657E-015   0.0000000000000000     
   18.800000000000001       -7.9138087756003651E-015   0.0000000000000000     
   18.900000000000002        6.3199007401489502E-015   0.0000000000000000     
   19.000000000000000       -6.2216867838580206E-015   0.0000000000000000     
   19.100000000000001        1.0108206218555858E-014   0.0000000000000000     
   19.200000000000003       -1.3855543093090156E-014   0.0000000000000000     
   19.300000000000001        1.9443817968080915E-014   0.0000000000000000     
   19.400000000000002       -2.1948624361510910E-014   0.0000000000000000     
   19.500000000000000        3.0606534866752312E-014   0.0000000000000000     
   19.600000000000001       -3.5633899877079454E-014   0.0000000000000000     
   19.700000000000003        4.4485129036343252E-014   0.0000000000000000     
   19.800000000000001       -6.2265964116524995E-014   0.0000000000000000     
   19.900000000000002        7.4238127087624521E-014   0.0000000000000000     
   20.000000000000000       -9.6315853076023973E-014   0.0000000000000000     
   20.100000000000001        1.2306647656965981E-013   0.0000000000000000     
   20.200000000000003       -1.5495227555813107E-013   0.0000000000000000     
   20.300000000000001        1.9981824613030160E-013   0.0000000000000000     
   20.400000000000002       -2.5144159533402785E-013   0.0000000000000000     
   20.500000000000000        3.1781968668664298E-013   0.0000000000000000     
   20.600000000000001       -4.0237525901278606E-013   0.0000000000000000     
   20.700000000000003        5.1249868530474721E-013   0.0000000000000000     
   20.800000000000001       -6.4932886984826692E-013   0.0000000000000000     
   20.900000000000002        8.1883367177722846E-013   0.0000000000000000     
   21.000000000000000       -1.0362901686965904E-012   0.0000000000000000     
   21.100000000000001        1.3091784355632044E-012   0.0000000000000000     
   21.200000000000003       -1.6524680130982691E-012   0.0000000000000000     
   21.300000000000001        2.0858618708448210E-012   0.0000000000000000     
   21.400000000000002       -2.6297397102660254E-012   0.0000000000000000     
   21.500000000000000        3.3140856949760115E-012   0.0000000000000000     
   21.600000000000001       -4.1692128987436433E-012   0.0000000000000000     
   21.700000000000003        5.2452133243217878E-012   0.0000000000000000     
   21.800000000000001       -6.5959205125338235E-012   0.0000000000000000     
   21.900000000000002        8.2811289027080763E-012   0.0000000000000000     
   22.000000000000000       -1.0394986896479447E-011   0.0000000000000000     
   22.100000000000001        1.3037141637996151E-011   0.0000000000000000     
   22.200000000000003       -1.6337690660057371E-011   0.0000000000000000     
   22.300000000000001        2.0454738159749649E-011   0.0000000000000000     
   22.400000000000002       -2.5587823293513029E-011   0.0000000000000000     
   22.500000000000000        3.1988341116629477E-011   0.0000000000000000     
   22.600000000000001       -3.9952978440102138E-011   0.0000000000000000     
   22.700000000000003        4.9858680340634880E-011   0.0000000000000000     
   22.800000000000001       -6.2169088129242144E-011   0.0000000000000000     
   22.900000000000002        7.7452046719181269E-011   0.0000000000000000     
   23.000000000000000       -9.6411172724600831E-011   0.0000000000000000     
   23.100000000000001        1.1990171642233583E-010   0.0000000000000000     
   23.200000000000003       -1.4898603629428600E-010   0.0000000000000000     
   23.300000000000001        1.8496375761047841E-010   0.0000000000000000     
   23.400000000000002       -2.2941986145352409E-010   0.0000000000000000     
   23.500000000000000        2.8430734050736169E-010   0.0000000000000000     
   23.600000000000001       -3.5200322973095629E-010   0.0000000000000000     
   23.700000000000003        4.3542266799835773E-010   0.0000000000000000     
   23.800000000000001       -5.3810411455467797E-010   0.0000000000000000     
   23.900000000000002        6.6437943935895997E-010   0.0000000000000000     
   24.000000000000000       -8.1951710409043324E-010   0.0000000000000000     
   24.100000000000001        1.0099229363331388E-009   0.0000000000000000     
   24.200000000000003       -1.2433751891010033E-009   0.0000000000000000     
   24.300000000000001        1.5293119490005617E-009   0.0000000000000000     
   24.400000000000002       -1.8791861339644723E-009   0.0000000000000000     
   24.500000000000000        2.3068351865445735E-009   0.0000000000000000     
   24.600000000000001       -2.8290147643576471E-009   0.0000000000000000     
   24.700000000000003        3.4659558092215813E-009   0.0000000000000000     
   24.800000000000001       -4.2420538150236991E-009   0.0000000000000000     
   24.900000000000002        5.1867038246580252E-009   0.0000000000000000     
   25.000000000000000       -6.3352900269481761E-009   0.0000000000000000     
   25.100000000000001        7.7303279342204527E-009   0.0000000000000000     
   25.200000000000003       -9.4228590164070654E-009   0.0000000000000000     
   25.300000000000001        1.1474086200880936E-008   0.0000000000000000     
   25.400000000000002       -1.3957286507481376E-008   0.0000000000000000     
   25.500000000000000        1.6960105251849168E-008   0.0000000000000000     
   25.600000000000001       -2.0587226905753880E-008   0.0000000000000000     
   25.700000000000003        2.4963526605505147E-008   0.0000000000000000     
   25.800000000000001       -3.0237787618920917E-008   0.0000000000000000     
   25.900000000000002        3.6587028067154252E-008   0.0000000000000000     
   26.000000000000000       -4.4221602780633700E-008   0.0000000000000000     
   26.100000000000001        5.3391138644592830E-008   0.0000000000000000     
   26.200000000000003       -6.4391481088642642E-008   0.0000000000000000     
   26.300000000000001        7.7572773909333623E-008   0.0000000000000000     
   26.400000000000002       -9.3348879218827252E-008   0.0000000000000000     
   26.500000000000000        1.1220828599558938E-007   0.0000000000000000     
   26.600000000000001       -1.3472679220607176E-007   0.0000000000000000     
   26.700000000000003        1.6158217319593022E-007   0.0000000000000000     
   26.800000000000001       -1.9357109932124015E-007   0.0000000000000000     
   26.900000000000002        2.3162871780392005E-007   0.0000000000000000     
   27.000000000000000       -2.7685112045841236E-007   0.0000000000000000     
   27.100000000000001        3.3052123386961087E-007   0.0000000000000000     
   27.200000000000003       -3.9413847703786961E-007   0.0000000000000000     
   27.300000000000001        4.6945274922933780E-007   0.0000000000000000     
   27.400000000000002       -5.5850325654784226E-007   0.0000000000000000     
   27.500000000000000        6.6366281969136683E-007   0.0000000000000000     
   27.600000000000001       -7.8768831862932798E-007   0.0000000000000000     
   27.700000000000003        9.3377797420480123E-007   0.0000000000000000     
   27.800000000000001       -1.1056363805783690E-006   0.0000000000000000     
   27.900000000000002        1.3075480109039257E-006   0.0000000000000000     
   28.000000000000000       -1.5444602801726259E-006   0.0000000000000000     
   28.100000000000001        1.8220771143634664E-006   0.0000000000000000     
   28.200000000000003       -2.1469641672015761E-006   0.0000000000000000     
   28.300000000000001        2.5266668521470495E-006   0.0000000000000000     
   28.400000000000002       -2.9698424221873614E-006   0.0000000000000000     
   28.500000000000000        3.4864075064868933E-006   0.0000000000000000     
   28.600000000000001       -4.0877023824153013E-006   0.0000000000000000     
   28.700000000000003        4.7866735654572097E-006   0.0000000000000000     
   28.800000000000001       -5.5980761263760071E-006   0.0000000000000000     
   28.900000000000002        6.5386973691304844E-006   0.0000000000000000     
   29.000000000000000       -7.6276033995425269E-006   0.0000000000000000     
   29.100000000000001        8.8864101668650375E-006   0.0000000000000000     
   29.200000000000003       -1.0339580571188354E-005   0.0000000000000000     
   29.300000000000001        1.2014749160564981E-005   0.0000000000000000     
   29.400000000000002       -1.3943075850215928E-005   0.0000000000000000     
   29.500000000000000        1.6159629983178379E-005   0.0000000000000000     
   29.600000000000001       -1.8703805992109883E-005   0.0000000000000000     
   29.700000000000003        2.1619771571071693E-005   0.0000000000000000     
   29.800000000000001       -2.4956949113340898E-005   0.0000000000000000     
   29.900000000000002        2.8770530849296925E-005   0.0000000000000000     
   30.000000000000000       -3.3122027682735694E-005   0.0000000000000000     
   30.100000000000001        3.8079851369495328E-005   0.0000000000000000     
   30.200000000000003       -4.3719928994773577E-005   0.0000000000000000     
   30.300000000000001        5.0126348292950959E-005   0.0000000000000000     
   30.400000000000002       -5.7392031457677584E-005   0.0000000000000000     
   30.500000000000000        6.5619434477604200E-005   0.0000000000000000     
   30.600000000000001       -7.4921267913711313E-005   0.0000000000000000     
   30.700000000000003        8.5421234273162794E-005   0.0000000000000000     
   30.800000000000001       -9.7254775927023846E-005   0.0000000000000000     
   30.900000000000002        1.1056982623756024E-004   0.0000000000000000     
   31.000000000000000       -1.2552755552267154E-004   0.0000000000000000     
   31.100000000000001        1.4230310175302409E-004   0.0000000000000000     
   31.200000000000003       -1.6108627478021481E-004   0.0000000000000000     
   31.300000000000001        1.8208222100919125E-004   0.0000000000000000     
   31.400000000000002       -2.0551203406698055E-004   0.0000000000000000     
   31.500000000000000        2.3161329523432630E-004   0.0000000000000000     
   31.600000000000001       -2.6064052580233524E-004   0.0000000000000000     
   31.700000000000003        2.9286553181235957E-004   0.0000000000000000     
   31.800000000000001       -3.2857761995202514E-004   0.0000000000000000     
   31.900000000000002        3.6808366196771546E-004   0.0000000000000000     
   32.000000000000000       -4.1170798327508021E-004   0.0000000000000000     
   32.100000000000001        4.5979205026897105E-004   0.0000000000000000     
   32.200000000000003       -5.1269392965748234E-004   0.0000000000000000     
   32.300000000000004        5.7078749227117511E-004   0.0000000000000000     
   32.399999999999999       -6.3446133315686300E-004   0.0000000000000000     
   32.500000000000000        7.0411737962020840E-004   0.0000000000000000     
   32.600000000000001       -7.8016915898069194E-004   0.0000000000000000     
   32.700000000000003        8.6303969848607433E-004   0.0000000000000000     
   32.800000000000004       -9.5315903107200150E-004   0.0000000000000000     
   32.899999999999999        1.0509612822761933E-003   0.0000000000000000     
   33.000000000000000       -1.1568813163398252E-003   0.0000000000000000     
   33.100000000000001        1.2713509223064058E-003   0.0000000000000000     
   33.200000000000003       -1.3947945252238082E-003   0.0000000000000000     
   33.300000000000004        1.5276244118827562E-003   0.0000000000000000     
   33.399999999999999       -1.6702354663557764E-003   0.0000000000000000     
   33.500000000000000        1.8229994167596052E-003   0.0000000000000000     
   33.600000000000001       -1.9862586019818466E-003   0.0000000000000000     
   33.700000000000003        2.1603192752019146E-003   0.0000000000000000     
   33.800000000000004       -2.3454444697755383E-003   0.0000000000000000     
   33.899999999999999        2.5418464629283519E-003   0.0000000000000000     
   34.000000000000000       -2.7496788827621717E-003   0.0000000000000000     
   34.100000000000001        2.9690285152350056E-003   0.0000000000000000     
   34.200000000000003       -3.1999068791498135E-003   0.0000000000000000     
   34.300000000000004        3.4422416488157051E-003   0.0000000000000000     
   34.399999999999999       -3.6958680162305119E-003   0.0000000000000000     
   34.500000000000000        3.9605200962921985E-003   0.0000000000000000     
   34.600000000000001       -4.2358224904368146E-003   0.0000000000000000     
   34.700000000000003        4.5212821351299027E-003   0.0000000000000000     
   34.800000000000004       -4.8162805722257044E-003   0.0000000000000000     
   34.899999999999999        5.1200667875072872E-003   0.0000000000000000     
   35.000000000000000       -5.4317507719291967E-003   0.0000000000000000     
   35.100000000000001        5.7502979664991512E-003   0.0000000000000000     
   35.200000000000003       -6.0745247563061665E-003   0.0000000000000000     
   35.300000000000004        6.4030951814805894E-003   0.0000000000000000     
   35.399999999999999       -6.7345190326900143E-003   0.0000000000000000     
   35.500000000000000        7.0671514957028701E-003   0.0000000000000000     
   35.600000000000001       -7.3991945034208688E-003   0.0000000000000000     
   35.700000000000003        7.7286999444222994E-003   0.0000000000000000     
   35.800000000000004       -8.0535748641237265E-003   0.0000000000000000     
   35.899999999999999        8.3715887783070413E-003   0.0000000000000000     
   36.000000000000000       -8.6803831984383229E-003   0.0000000000000000     
   36.100000000000001        8.9774834446677172E-003   0.0000000000000000     
   36.200000000000003       -9.2603127947231655E-003   0.0000000000000000     
   36.300000000000004        9.5262089863147725E-003   0.0000000000000000     
   36.399999999999999       -9.7724430565419851E-003   0.0000000000000000     
   36.500000000000000        9.9962404648766701E-003   0.0000000000000000     
   36.600000000000001       -1.0194804407128348E-002   0.0000000000000000     
   36.700000000000003        1.0365341186376420E-002   0.0000000000000000     
   36.800000000000004       -1.0505087464387820E-002   0.0000000000000000     
   36.899999999999999        1.0611339173856702E-002   0.0000000000000000     
   37.000000000000000       -1.0681481828675999E-002   0.0000000000000000     
   37.100000000000001        1.0713021927339259E-002   0.0000000000000000     
   37.200000000000003       -1.0703619104402816E-002   0.0000000000000000     
   37.300000000000004        1.0651118647271177E-002   0.0000000000000000     
   37.399999999999999       -1.0553583961932206E-002   0.0000000000000000     
   37.500000000000000        1.0409328542025699E-002   0.0000000000000000     
   37.600000000000001       -1.0216946972067219E-002   0.0000000000000000     
   37.700000000000003        9.9753444785029826E-003   0.0000000000000000     
   37.800000000000004       -9.6837645325617647E-003   0.0000000000000000     
   37.899999999999999        9.3418140068057542E-003   0.0000000000000000     
   38.000000000000000       -8.9494853940731717E-003   0.0000000000000000     
   38.100000000000001        8.5071756135291273E-003   0.0000000000000000     
   38.200000000000003       -8.0157009533475994E-003   0.0000000000000000     
   38.300000000000004        7.4763077346519935E-003   0.0000000000000000     
   38.400000000000006       -6.8906783251218356E-003   0.0000000000000000     
   38.500000000000000        6.2609321844480231E-003   0.0000000000000000     
   38.600000000000001       -5.5896216854424150E-003   0.0000000000000000     
   38.700000000000003        4.8797225250387551E-003   0.0000000000000000     
   38.800000000000004       -4.1346186163195783E-003   0.0000000000000000     
   38.900000000000006        3.3580814359887952E-003   0.0000000000000000     
   39.000000000000000       -2.5542438894432086E-003   0.0000000000000000     
   39.100000000000001        1.7275688463792105E-003   0.0000000000000000     
   39.200000000000003       -8.8281259253646831E-004   0.0000000000000000     
   39.300000000000004        2.4983535053473232E-005   0.0000000000000000     
   39.400000000000006        8.4070341086928786E-004   0.0000000000000000     
   39.500000000000000       -1.7088762404922082E-003   0.0000000000000000     
   39.600000000000001        2.5740584894945267E-003   0.0000000000000000     
   39.700000000000003       -3.4307244096244763E-003   0.0000000000000000     
   39.800000000000004        4.2733559614280209E-003   0.0000000000000000     
   39.900000000000006       -5.0965008441083218E-003   0.0000000000000000     
   40.000000000000000        5.8948307438539205E-003   0.0000000000000000     
   40.100000000000001       -6.6631989570400509E-003   0.0000000000000000     
   40.200000000000003        7.3966965348530641E-003   0.0000000000000000     
   40.300000000000004       -8.0907061015627335E-003   0.0000000000000000     
   40.400000000000006        8.7409525201104597E-003   0.0000000000000000     
   40.500000000000000       -9.3435496162555393E-003   0.0000000000000000     
   40.600000000000001        9.8950422255856731E-003   0.0000000000000000     
   40.700000000000003       -1.0392442895524811E-002   0.0000000000000000     
   40.800000000000004        1.0833262656188331E-002   0.0000000000000000     
   40.900000000000006       -1.1215535367982333E-002   0.0000000000000000     
   41.000000000000000        1.1537835258479021E-002   0.0000000000000000     
   41.100000000000001       -1.1799287374333511E-002   0.0000000000000000     
   41.200000000000003        1.1999570793786224E-002   0.0000000000000000     
   41.300000000000004       -1.2138914568615468E-002   0.0000000000000000     
   41.400000000000006        1.2218086489650920E-002   0.0000000000000000     
   41.500000000000000       -1.2238374893275472E-002   0.0000000000000000     
   41.600000000000001        1.2201563846402370E-002   0.0000000000000000     
   41.700000000000003       -1.2109902160401028E-002   0.0000000000000000     
   41.800000000000004        1.1966066788935524E-002   0.0000000000000000     
   41.900000000000006       -1.1773121257724525E-002   0.0000000000000000     
   42.000000000000000        1.1534469854192823E-002   0.0000000000000000     
   42.100000000000001       -1.1253808370008890E-002   0.0000000000000000     
   42.200000000000003        1.0935072238311914E-002   0.0000000000000000     
   42.300000000000004       -1.0582382939035925E-002   0.0000000000000000     
   42.400000000000006        1.0199993559578263E-002   0.0000000000000000     
   42.500000000000000       -9.7922343940303469E-003   0.0000000000000000     
   42.600000000000001        9.3634594426343087E-003   0.0000000000000000     
   42.700000000000003       -8.9179946346104200E-003   0.0000000000000000     
   42.800000000000004        8.4600885434915167E-003   0.0000000000000000     
   42.900000000000006       -7.9938662955293584E-003   0.0000000000000000     
   43.000000000000000        7.5232872910869593E-003   0.0000000000000000     
   43.100000000000001       -7.0521072678310899E-003   0.0000000000000000     
   43.200000000000003        6.5838451350975517E-003   0.0000000000000000     
   43.300000000000004       -6.1217549046391692E-003   0.0000000000000000     
   43.400000000000006        5.6688029343695944E-003   0.0000000000000000     
   43.500000000000000       -5.2276505944320742E-003   0.0000000000000000     
   43.600000000000001        4.8006423574806223E-003   0.0000000000000000     
   43.700000000000003       -4.3897992143033214E-003   0.0000000000000000     
   43.800000000000004        3.9968172193836802E-003   0.0000000000000000     
   43.900000000000006       -3.6230708848818283E-003   0.0000000000000000     
   44.000000000000000        3.2696210643748391E-003   0.0000000000000000     
   44.100000000000001       -2.9372269019623766E-003   0.0000000000000000     
   44.200000000000003        2.6263613709955704E-003   0.0000000000000000     
   44.300000000000004       -2.3372298843251861E-003   0.0000000000000000     
   44.400000000000006        2.0697914353378444E-003   0.0000000000000000     
   44.500000000000000       -1.8237817117464921E-003   0.0000000000000000     
   44.600000000000001        1.5987376284905840E-003   0.0000000000000000     
   44.700000000000003       -1.3940227342517030E-003   0.0000000000000000     
   44.800000000000004        1.2088529714587915E-003   0.0000000000000000     
   44.900000000000006       -1.0423223038274639E-003   0.0000000000000000     
   45.000000000000000        8.9342776106263340E-004   0.0000000000000000     
   45.100000000000001       -7.6109351101023392E-004   0.0000000000000000     
   45.200000000000003        6.4419360352080358E-004   0.0000000000000000     
   45.300000000000004       -5.4157311451816128E-004   0.0000000000000000     
   45.400000000000006        4.5206744433836353E-004   0.0000000000000000     
   45.500000000000000       -3.7451962008796120E-004   0.0000000000000000     
   45.600000000000001        3.0779547520419764E-004   0.0000000000000000     
   45.700000000000003       -2.5079665940246028E-004   0.0000000000000000     
   45.800000000000004        2.0247147844436100E-004   0.0000000000000000     
   45.900000000000006       -1.6182358383190680E-004   0.0000000000000000     
   46.000000000000000        1.2791864273568570E-004   0.0000000000000000     
   46.100000000000001       -9.9889030606751663E-005   0.0000000000000000     
   46.200000000000003        7.6936800276559847E-005   0.0000000000000000     
   46.300000000000004       -5.8334961547295949E-005   0.0000000000000000     
   46.400000000000006        4.3427409134193392E-005   0.0000000000000000     
   46.500000000000000       -3.1627538186189164E-005   0.0000000000000000     
   46.600000000000001        2.2415872266572463E-005   0.0000000000000000     
   46.700000000000003       -1.5336834906726075E-005   0.0000000000000000     
   46.800000000000004        9.9948073750412884E-006   0.0000000000000000     
   46.900000000000006       -6.0498589988053945E-006   0.0000000000000000     
   47.000000000000000        3.2128920740186563E-006   0.0000000000000000     
   47.100000000000001       -1.2410308177082188E-006   0.0000000000000000     
   47.200000000000003       -6.7578239274200253E-008   0.0000000000000000     
   47.300000000000004        8.7820678837564712E-007   0.0000000000000000     
   47.400000000000006       -1.3245800020975109E-006   0.0000000000000000     
   47.500000000000000        1.5129028288717839E-006   0.0000000000000000     
   47.600000000000001       -1.5262216206773538E-006   0.0000000000000000     
   47.700000000000003        1.4281146024889222E-006   0.0000000000000000     
   47.800000000000004       -1.2658210160865204E-006   0.0000000000000000     
   47.900000000000006        1.0739799444142306E-006   0.0000000000000000     
   48.000000000000000       -8.7594674201523049E-007   0.0000000000000000     
   48.100000000000001        6.8811791057255519E-007   0.0000000000000000     
   48.200000000000003       -5.1902090189568582E-007   0.0000000000000000     
   48.300000000000004        3.7455998285499397E-007   0.0000000000000000     
   48.400000000000006       -2.5504336393266211E-007   0.0000000000000000     
   48.500000000000000        1.6089639270812394E-007   0.0000000000000000     
   48.600000000000001       -8.8991763625264694E-008   0.0000000000000000     
   48.700000000000003        3.6854411867705841E-008   0.0000000000000000     
   48.800000000000004       -1.5387011418900760E-009   0.0000000000000000     
   48.900000000000006       -2.1783746885050787E-008   0.0000000000000000     
   49.000000000000000        3.2937789048760632E-008   0.0000000000000000     
   49.100000000000001       -3.9985031888563175E-008   0.0000000000000000     
   49.200000000000003        3.7291587868462661E-008   0.0000000000000000     
   49.300000000000004       -3.7479625167749341E-008   0.0000000000000000     
   49.400000000000006        2.8275486779384717E-008   0.0000000000000000     
   49.500000000000000       -2.7083218053020883E-008   0.0000000000000000     
   49.600000000000001        1.8190191577424177E-008   0.0000000000000000     
   49.700000000000003       -1.7334901511720116E-008   0.0000000000000000     
   49.800000000000004       -4.3140248536337964E-009   0.0000000000000000     
   49.900000000000006        5.0654071924799070E-054   0.0000000000000000     
