   0.0000000000000000        8.4179639820871693E-016   0.0000000000000000     
  0.10000000000000001        4.6311068362927147E-016   0.0000000000000000     
  0.20000000000000001        3.4352475778192040E-017   0.0000000000000000     
  0.30000000000000004       -1.0799762327069947E-016   0.0000000000000000     
  0.40000000000000002       -4.5436675147862700E-016   0.0000000000000000     
  0.50000000000000000       -9.1903388437960267E-016   0.0000000000000000     
  0.60000000000000009       -7.5526954929814703E-016   0.0000000000000000     
  0.70000000000000007        4.3091383068916667E-016   0.0000000000000000     
  0.80000000000000004        9.0446569201781180E-016   0.0000000000000000     
  0.90000000000000002        7.9534533918019489E-016   0.0000000000000000     
   1.0000000000000000        2.4102136632081261E-016   0.0000000000000000     
   1.1000000000000001       -1.1461878420590191E-015   0.0000000000000000     
   1.2000000000000002        9.9490725630367282E-017   0.0000000000000000     
   1.3000000000000000        1.2041820765878533E-015   0.0000000000000000     
   1.4000000000000001       -9.8100474559551849E-016   0.0000000000000000     
   1.5000000000000000       -7.5164654881217420E-016   0.0000000000000000     
   1.6000000000000001       -3.6725903023657892E-017   0.0000000000000000     
   1.7000000000000002       -1.4498897392257841E-015   0.0000000000000000     
   1.8000000000000000        2.1859604849852799E-016   0.0000000000000000     
   1.9000000000000001        2.3284131887432185E-015   0.0000000000000000     
   2.0000000000000000        1.6611296522358926E-015   0.0000000000000000     
   2.1000000000000001        8.8952040470756712E-016   0.0000000000000000     
   2.2000000000000002       -4.3757026286339931E-016   0.0000000000000000     
   2.3000000000000003       -3.0747899828689175E-015   0.0000000000000000     
   2.4000000000000004       -3.4731901304726601E-015   0.0000000000000000     
   2.5000000000000000        7.1758813506943675E-016   0.0000000000000000     
   2.6000000000000001        2.5661644367819061E-015   0.0000000000000000     
   2.7000000000000002        6.8260147632347807E-016   0.0000000000000000     
   2.8000000000000003        2.2262267033397145E-015   0.0000000000000000     
   2.9000000000000004        1.3100510648754488E-015   0.0000000000000000     
   3.0000000000000000       -2.5494771797487090E-015   0.0000000000000000     
   3.1000000000000001       -1.4265344863382516E-015   0.0000000000000000     
   3.2000000000000002       -1.0494748097926169E-015   0.0000000000000000     
   3.3000000000000003       -5.9553126518535944E-016   0.0000000000000000     
   3.4000000000000004        1.9880806162868562E-015   0.0000000000000000     
   3.5000000000000000        2.4019151930559492E-016   0.0000000000000000     
   3.6000000000000001       -5.1921483482500100E-016   0.0000000000000000     
   3.7000000000000002        1.0522801495131758E-015   0.0000000000000000     
   3.8000000000000003        1.6516437958999532E-016   0.0000000000000000     
   3.9000000000000004       -2.3468477722940682E-017   0.0000000000000000     
   4.0000000000000000       -1.2820538535330643E-016   0.0000000000000000     
   4.1000000000000005       -1.1074231716509259E-015   0.0000000000000000     
   4.2000000000000002       -3.5048344688802153E-016   0.0000000000000000     
   4.2999999999999998        1.0015212436320429E-015   0.0000000000000000     
   4.4000000000000004        2.4636099521148921E-016   0.0000000000000000     
   4.5000000000000000       -1.6689506855800681E-015   0.0000000000000000     
   4.6000000000000005       -6.6699900815597085E-016   0.0000000000000000     
   4.7000000000000002        1.3054341118335390E-015   0.0000000000000000     
   4.8000000000000007        8.9121983439806673E-016   0.0000000000000000     
   4.9000000000000004        1.1791092693300816E-015   0.0000000000000000     
   5.0000000000000000        1.2180887735695365E-015   0.0000000000000000     
   5.1000000000000005       -1.7168208293847962E-015   0.0000000000000000     
   5.2000000000000002       -3.1332627533983515E-015   0.0000000000000000     
   5.3000000000000007       -7.2893622156278627E-016   0.0000000000000000     
   5.4000000000000004        7.8939150844567632E-016   0.0000000000000000     
   5.5000000000000000        1.0523349435139466E-015   0.0000000000000000     
   5.6000000000000005        2.0434843996293271E-015   0.0000000000000000     
   5.7000000000000002        5.1672454472001661E-016   0.0000000000000000     
   5.8000000000000007       -9.2472623086307440E-016   0.0000000000000000     
   5.9000000000000004        6.5145741445764128E-016   0.0000000000000000     
   6.0000000000000000       -5.4090606316848780E-016   0.0000000000000000     
   6.1000000000000005       -2.4645355907314007E-015   0.0000000000000000     
   6.2000000000000002       -5.6579346039449971E-016   0.0000000000000000     
   6.3000000000000007        6.3854244799181836E-016   0.0000000000000000     
   6.4000000000000004        3.9025477729456658E-016   0.0000000000000000     
   6.5000000000000000        1.1629714963776643E-015   0.0000000000000000     
   6.6000000000000005        1.5439375729823408E-015   0.0000000000000000     
   6.7000000000000002        5.6491609202629507E-016   0.0000000000000000     
   6.8000000000000007       -6.3641004091757975E-016   0.0000000000000000     
   6.9000000000000004       -1.1550363611310181E-015   0.0000000000000000     
   7.0000000000000000       -1.8085796693774976E-015   0.0000000000000000     
   7.1000000000000005       -1.3340663353174178E-015   0.0000000000000000     
   7.2000000000000002        1.7006207188394441E-015   0.0000000000000000     
   7.3000000000000007        1.9689733672493185E-015   0.0000000000000000     
   7.4000000000000004       -8.5434358989476077E-016   0.0000000000000000     
   7.5000000000000000        5.3085029183196950E-017   0.0000000000000000     
   7.6000000000000005        1.2347701629738819E-015   0.0000000000000000     
   7.7000000000000002       -5.5597493855170190E-016   0.0000000000000000     
   7.8000000000000007       -6.7519769261286246E-016   0.0000000000000000     
   7.9000000000000004       -4.6184446345193306E-016   0.0000000000000000     
   8.0000000000000000       -1.9329374271147894E-016   0.0000000000000000     
   8.0999999999999996        6.4645818898686090E-016   0.0000000000000000     
   8.2000000000000011       -6.1355054212551834E-016   0.0000000000000000     
   8.3000000000000007        2.7929837189944923E-016   0.0000000000000000     
   8.4000000000000004        1.3075791569564168E-015   0.0000000000000000     
   8.5000000000000000       -1.2669313324720515E-015   0.0000000000000000     
   8.5999999999999996       -1.0165510150312722E-015   0.0000000000000000     
   8.7000000000000011        4.7115814500840954E-016   0.0000000000000000     
   8.8000000000000007        3.1819627053891551E-016   0.0000000000000000     
   8.9000000000000004        1.7744832124911679E-015   0.0000000000000000     
   9.0000000000000000        7.3490658310087966E-016   0.0000000000000000     
   9.0999999999999996       -1.6226237853409138E-015   0.0000000000000000     
   9.2000000000000011       -1.4017620240130348E-015   0.0000000000000000     
   9.3000000000000007       -2.8644627579884535E-016   0.0000000000000000     
   9.4000000000000004       -4.6654340588967591E-016   0.0000000000000000     
   9.5000000000000000        2.1953600332287804E-016   0.0000000000000000     
   9.6000000000000014        7.2733784823799239E-016   0.0000000000000000     
   9.7000000000000011        1.2502854390272733E-015   0.0000000000000000     
   9.8000000000000007        1.6176941951017567E-016   0.0000000000000000     
   9.9000000000000004        1.2893139468751290E-015   0.0000000000000000     
   10.000000000000000       -1.1449326775873695E-015   0.0000000000000000     
   10.100000000000001       -1.0552574785304341E-015   0.0000000000000000     
   10.200000000000001       -1.9780083468714592E-015   0.0000000000000000     
   10.300000000000001        1.4707464026733582E-015   0.0000000000000000     
   10.400000000000000       -1.6981330850361384E-015   0.0000000000000000     
   10.500000000000000        2.8582556805543282E-015   0.0000000000000000     
   10.600000000000001       -8.7714997176534347E-016   0.0000000000000000     
   10.700000000000001        3.8111363903537163E-015   0.0000000000000000     
   10.800000000000001       -7.0856892746495110E-015   0.0000000000000000     
   10.900000000000000        6.4475705729100675E-015   0.0000000000000000     
   11.000000000000000       -6.3089498538563490E-015   0.0000000000000000     
   11.100000000000001        8.7414295337139609E-015   0.0000000000000000     
   11.200000000000001       -1.3970442923089620E-014   0.0000000000000000     
   11.300000000000001        1.7255860651690781E-014   0.0000000000000000     
   11.400000000000000       -2.0259646595667236E-014   0.0000000000000000     
   11.500000000000000        2.7025447156402118E-014   0.0000000000000000     
   11.600000000000001       -3.3965122681832619E-014   0.0000000000000000     
   11.700000000000001        4.4255967820350130E-014   0.0000000000000000     
   11.800000000000001       -5.8719592073804487E-014   0.0000000000000000     
   11.900000000000000        7.0971871011244862E-014   0.0000000000000000     
   12.000000000000000       -9.0263361329778852E-014   0.0000000000000000     
   12.100000000000001        1.1856639975779525E-013   0.0000000000000000     
   12.200000000000001       -1.4921392907733151E-013   0.0000000000000000     
   12.300000000000001        1.9131996577337991E-013   0.0000000000000000     
   12.400000000000000       -2.4438806858206303E-013   0.0000000000000000     
   12.500000000000000        3.0811282067596848E-013   0.0000000000000000     
   12.600000000000001       -3.9446118807625377E-013   0.0000000000000000     
   12.700000000000001        5.0225219318714980E-013   0.0000000000000000     
   12.800000000000001       -6.3558112057948132E-013   0.0000000000000000     
   12.900000000000000        8.0958757114686285E-013   0.0000000000000000     
   13.000000000000000       -1.0268989791560696E-012   0.0000000000000000     
   13.100000000000001        1.3014081957589882E-012   0.0000000000000000     
   13.200000000000001       -1.6512389158110557E-012   0.0000000000000000     
   13.300000000000001        2.0893208380545179E-012   0.0000000000000000     
   13.400000000000000       -2.6475255102979450E-012   0.0000000000000000     
   13.500000000000000        3.3483777106788930E-012   0.0000000000000000     
   13.600000000000001       -4.2291848566628024E-012   0.0000000000000000     
   13.700000000000001        5.3446853139125054E-012   0.0000000000000000     
   13.800000000000001       -6.7421895172516083E-012   0.0000000000000000     
   13.900000000000000        8.5050027936014161E-012   0.0000000000000000     
   14.000000000000000       -1.0718548531580165E-011   0.0000000000000000     
   14.100000000000001        1.3491555687141723E-011   0.0000000000000000     
   14.200000000000001       -1.6979468115594124E-011   0.0000000000000000     
   14.300000000000001        2.1343266676574736E-011   0.0000000000000000     
   14.400000000000000       -2.6809266967963785E-011   0.0000000000000000     
   14.500000000000000        3.3650894963324280E-011   0.0000000000000000     
   14.600000000000001       -4.2194577209031395E-011   0.0000000000000000     
   14.700000000000001        5.2873087776406579E-011   0.0000000000000000     
   14.800000000000001       -6.6191408370608365E-011   0.0000000000000000     
   14.900000000000000        8.2789755347935133E-011   0.0000000000000000     
   15.000000000000000       -1.0346859040247615E-010   0.0000000000000000     
   15.100000000000001        1.2919217591031877E-010   0.0000000000000000     
   15.200000000000001       -1.6116934174190829E-010   0.0000000000000000     
   15.300000000000001        2.0087735004218990E-010   0.0000000000000000     
   15.400000000000000       -2.5013647071775249E-010   0.0000000000000000     
   15.500000000000000        3.1119385568645418E-010   0.0000000000000000     
   15.600000000000001       -3.8678995511837427E-010   0.0000000000000000     
   15.700000000000001        4.8029730189854034E-010   0.0000000000000000     
   15.800000000000001       -5.9584592730638956E-010   0.0000000000000000     
   15.900000000000000        7.3847999629883775E-010   0.0000000000000000     
   16.000000000000000       -9.1437232890453417E-010   0.0000000000000000     
   16.100000000000001        1.1310508335952770E-009   0.0000000000000000     
   16.199999999999999       -1.3976950428266814E-009   0.0000000000000000     
   16.300000000000001        1.7254791069644662E-009   0.0000000000000000     
   16.400000000000002       -2.1279962802953945E-009   0.0000000000000000     
   16.500000000000000        2.6217587475866851E-009   0.0000000000000000     
   16.600000000000001       -3.2267886519306368E-009   0.0000000000000000     
   16.699999999999999        3.9673578357390538E-009   0.0000000000000000     
   16.800000000000001       -4.8728301478304811E-009   0.0000000000000000     
   16.900000000000002        5.9786979475144867E-009   0.0000000000000000     
   17.000000000000000       -7.3278126439229052E-009   0.0000000000000000     
   17.100000000000001        8.9718195625407202E-009   0.0000000000000000     
   17.199999999999999       -1.0972914268203236E-008   0.0000000000000000     
   17.300000000000001        1.3405881727201475E-008   0.0000000000000000     
   17.400000000000002       -1.6360520164850690E-008   0.0000000000000000     
   17.500000000000000        1.9944526677666094E-008   0.0000000000000000     
   17.600000000000001       -2.4286894119980626E-008   0.0000000000000000     
   17.699999999999999        2.9541912462053130E-008   0.0000000000000000     
   17.800000000000001       -3.5893867158828654E-008   0.0000000000000000     
   17.900000000000002        4.3562584912471163E-008   0.0000000000000000     
   18.000000000000000       -5.2809918233329937E-008   0.0000000000000000     
   18.100000000000001        6.3947353494934341E-008   0.0000000000000000     
   18.199999999999999       -7.7344893550377899E-008   0.0000000000000000     
   18.300000000000001        9.3441435717562902E-008   0.0000000000000000     
   18.400000000000002       -1.1275685588113223E-007   0.0000000000000000     
   18.500000000000000        1.3590605314344244E-007   0.0000000000000000     
   18.600000000000001       -1.6361529370198081E-007   0.0000000000000000     
   18.699999999999999        1.9674108326530449E-007   0.0000000000000000     
   18.800000000000001       -2.3629206141641941E-007   0.0000000000000000     
   18.900000000000002        2.8345426356738795E-007   0.0000000000000000     
   19.000000000000000       -3.3962018143795149E-007   0.0000000000000000     
   19.100000000000001        4.0642227783764947E-007   0.0000000000000000     
   19.200000000000003       -4.8577136225185969E-007   0.0000000000000000     
   19.300000000000001        5.7990062047736222E-007   0.0000000000000000     
   19.400000000000002       -6.9141594794178332E-007   0.0000000000000000     
   19.500000000000000        8.2335330766823409E-007   0.0000000000000000     
   19.600000000000001       -9.7924415182142486E-007   0.0000000000000000     
   19.700000000000003        1.1631896452009632E-006   0.0000000000000000     
   19.800000000000001       -1.3799448459471282E-006   0.0000000000000000     
   19.900000000000002        1.6350139696032623E-006   0.0000000000000000     
   20.000000000000000       -1.9347577955707659E-006   0.0000000000000000     
   20.100000000000001        2.2865147097724698E-006   0.0000000000000000     
   20.200000000000003       -2.6987366157233450E-006   0.0000000000000000     
   20.300000000000001        3.1811412105966184E-006   0.0000000000000000     
   20.400000000000002       -3.7448822704256165E-006   0.0000000000000000     
   20.500000000000000        4.4027393863475738E-006   0.0000000000000000     
   20.600000000000001       -5.1693290251020035E-006   0.0000000000000000     
   20.700000000000003        6.0613386091918967E-006   0.0000000000000000     
   20.800000000000001       -7.0977852640468866E-006   0.0000000000000000     
   20.900000000000002        8.3003012143376624E-006   0.0000000000000000     
   21.000000000000000       -9.6934475341265875E-006   0.0000000000000000     
   21.100000000000001        1.1305057968749863E-005   0.0000000000000000     
   21.200000000000003       -1.3166614572995195E-005   0.0000000000000000     
   21.300000000000001        1.5313656655093152E-005   0.0000000000000000     
   21.400000000000002       -1.7786224502810743E-005   0.0000000000000000     
   21.500000000000000        2.0629339023588108E-005   0.0000000000000000     
   21.600000000000001       -2.3893518182826109E-005   0.0000000000000000     
   21.700000000000003        2.7635330909620349E-005   0.0000000000000000     
   21.800000000000001       -3.1917988463735599E-005   0.0000000000000000     
   21.900000000000002        3.6811972987699061E-005   0.0000000000000000     
   22.000000000000000       -4.2395702329930775E-005   0.0000000000000000     
   22.100000000000001        4.8756229333473488E-005   0.0000000000000000     
   22.200000000000003       -5.5989973320544261E-005   0.0000000000000000     
   22.300000000000001        6.4203480348899215E-005   0.0000000000000000     
   22.400000000000002       -7.3514207836233048E-005   0.0000000000000000     
   22.500000000000000        8.4051328195900197E-005   0.0000000000000000     
   22.600000000000001       -9.5956544624041111E-005   0.0000000000000000     
   22.700000000000003        1.0938491100135604E-004   0.0000000000000000     
   22.800000000000001       -1.2450564635513737E-004   0.0000000000000000     
   22.900000000000002        1.4150293267759412E-004   0.0000000000000000     
   23.000000000000000       -1.6057668333360650E-004   0.0000000000000000     
   23.100000000000001        1.8194326740799731E-004   0.0000000000000000     
   23.200000000000003       -2.0583617358609625E-004   0.0000000000000000     
   23.300000000000001        2.3250659533145056E-004   0.0000000000000000     
   23.400000000000002       -2.6222391704423462E-004   0.0000000000000000     
   23.500000000000000        2.9527607919526669E-004   0.0000000000000000     
   23.600000000000001       -3.3196979852068782E-004   0.0000000000000000     
   23.700000000000003        3.7263061749705359E-004   0.0000000000000000     
   23.800000000000001       -4.1760275590617727E-004   0.0000000000000000     
   23.900000000000002        4.6724873562042267E-004   0.0000000000000000     
   24.000000000000000       -5.2194874869874682E-004   0.0000000000000000     
   24.100000000000001        5.8209973798294763E-004   0.0000000000000000     
   24.200000000000003       -6.4811415866921718E-004   0.0000000000000000     
   24.300000000000001        7.2041838943845708E-004   0.0000000000000000     
   24.400000000000002       -7.9945076195917820E-004   0.0000000000000000     
   24.500000000000000        8.8565917863473679E-004   0.0000000000000000     
   24.600000000000001       -9.7949829000783077E-004   0.0000000000000000     
   24.700000000000003        1.0814262055424558E-003   0.0000000000000000     
   24.800000000000001       -1.1919007146497288E-003   0.0000000000000000     
   24.900000000000002        1.3113749986508982E-003   0.0000000000000000     
   25.000000000000000       -1.4402928192606991E-003   0.0000000000000000     
   25.100000000000001        1.5790831747722327E-003   0.0000000000000000     
   25.200000000000003       -1.7281544219321639E-003   0.0000000000000000     
   25.300000000000001        1.8878878690307029E-003   0.0000000000000000     
   25.400000000000002       -2.0586308543211057E-003   0.0000000000000000     
   25.500000000000000        2.2406893335047110E-003   0.0000000000000000     
   25.600000000000001       -2.4343200102954978E-003   0.0000000000000000     
   25.700000000000003        2.6397220553939483E-003   0.0000000000000000     
   25.800000000000001       -2.8570284710872484E-003   0.0000000000000000     
   25.900000000000002        3.0862971712711960E-003   0.0000000000000000     
   26.000000000000000       -3.3275018595780820E-003   0.0000000000000000     
   26.100000000000001        3.5805228014909422E-003   0.0000000000000000     
   26.200000000000003       -3.8451375996885820E-003   0.0000000000000000     
   26.300000000000001        4.1210120946969884E-003   0.0000000000000000     
   26.400000000000002       -4.4076915255766395E-003   0.0000000000000000     
   26.500000000000000        4.7045920971550510E-003   0.0000000000000000     
   26.600000000000001       -5.0109931108318516E-003   0.0000000000000000     
   26.700000000000003        5.3260298254256171E-003   0.0000000000000000     
   26.800000000000001       -5.6486872218766294E-003   0.0000000000000000     
   26.900000000000002        5.9777948509525305E-003   0.0000000000000000     
   27.000000000000000       -6.3120229461297948E-003   0.0000000000000000     
   27.100000000000001        6.6498799838288145E-003   0.0000000000000000     
   27.200000000000003       -6.9897118702073506E-003   0.0000000000000000     
   27.300000000000001        7.3297029272995076E-003   0.0000000000000000     
   27.400000000000002       -7.6678788413071814E-003   0.0000000000000000     
   27.500000000000000        8.0021117218958219E-003   0.0000000000000000     
   27.600000000000001       -8.3301274035711675E-003   0.0000000000000000     
   27.700000000000003        8.6495150982739445E-003   0.0000000000000000     
   27.800000000000001       -8.9577394823527161E-003   0.0000000000000000     
   27.900000000000002        9.2521552712970315E-003   0.0000000000000000     
   28.000000000000000       -9.5300243018482025E-003   0.0000000000000000     
   28.100000000000001        9.7885351040482675E-003   0.0000000000000000     
   28.200000000000003       -1.0024824905512063E-002   0.0000000000000000     
   28.300000000000001        1.0236003967507153E-002   0.0000000000000000     
   28.400000000000002       -1.0419182107371125E-002   0.0000000000000000     
   28.500000000000000        1.0571497215800247E-002   0.0000000000000000     
   28.600000000000001       -1.0690145530852463E-002   0.0000000000000000     
   28.700000000000003        1.0772413383844198E-002   0.0000000000000000     
   28.800000000000001       -1.0815710087527105E-002   0.0000000000000000     
   28.900000000000002        1.0817601593657244E-002   0.0000000000000000     
   29.000000000000000       -1.0775844507619021E-002   0.0000000000000000     
   29.100000000000001        1.0688420012291738E-002   0.0000000000000000     
   29.200000000000003       -1.0553567223149438E-002   0.0000000000000000     
   29.300000000000001        1.0369815473117466E-002   0.0000000000000000     
   29.400000000000002       -1.0136015008819839E-002   0.0000000000000000     
   29.500000000000000        9.8513655717881610E-003   0.0000000000000000     
   29.600000000000001       -9.5154423384108087E-003   0.0000000000000000     
   29.700000000000003        9.1282187023608331E-003   0.0000000000000000     
   29.800000000000001       -8.6900854031955778E-003   0.0000000000000000     
   29.900000000000002        8.2018655344291858E-003   0.0000000000000000     
   30.000000000000000       -7.6648250048851636E-003   0.0000000000000000     
   30.100000000000001        7.0806780770923464E-003   0.0000000000000000     
   30.200000000000003       -6.4515876663721666E-003   0.0000000000000000     
   30.300000000000001        5.7801601531884666E-003   0.0000000000000000     
   30.400000000000002       -5.0694345381079526E-003   0.0000000000000000     
   30.500000000000000        4.3228658529352905E-003   0.0000000000000000     
   30.600000000000001       -3.5443028311192533E-003   0.0000000000000000     
   30.700000000000003        2.7379599345056320E-003   0.0000000000000000     
   30.800000000000001       -1.9083839299038740E-003   0.0000000000000000     
   30.900000000000002        1.0604153059297541E-003   0.0000000000000000     
   31.000000000000000       -1.9914491640626590E-004   0.0000000000000000     
   31.100000000000001       -6.7013367100281706E-004   0.0000000000000000     
   31.200000000000003        1.5419755550201912E-003   0.0000000000000000     
   31.300000000000001       -2.4108389643453486E-003   0.0000000000000000     
   31.400000000000002        3.2711420882689237E-003   0.0000000000000000     
   31.500000000000000       -4.1173214987388030E-003   0.0000000000000000     
   31.600000000000001        4.9438913413915580E-003   0.0000000000000000     
   31.700000000000003       -5.7455024400504852E-003   0.0000000000000000     
   31.800000000000001        6.5170004419378104E-003   0.0000000000000000     
   31.900000000000002       -7.2534821288053799E-003   0.0000000000000000     
   32.000000000000000        7.9503490341820745E-003   0.0000000000000000     
   32.100000000000001       -8.6033575381292641E-003   0.0000000000000000     
   32.200000000000003        9.2086646585701100E-003   0.0000000000000000     
   32.300000000000004       -9.7628688215262958E-003   0.0000000000000000     
   32.399999999999999        1.0263044970233752E-002   0.0000000000000000     
   32.500000000000000       -1.0706773464540150E-002   0.0000000000000000     
   32.600000000000001        1.1092162324348030E-002   0.0000000000000000     
   32.700000000000003       -1.1417862482968069E-002   0.0000000000000000     
   32.800000000000004        1.1683075835889735E-002   0.0000000000000000     
   32.899999999999999       -1.1887555994206746E-002   0.0000000000000000     
   33.000000000000000        1.2031601778542208E-002   0.0000000000000000     
   33.100000000000001       -1.2116043614946679E-002   0.0000000000000000     
   33.200000000000003        1.2142223116673560E-002   0.0000000000000000     
   33.300000000000004       -1.2111966252619092E-002   0.0000000000000000     
   33.399999999999999        1.2027550611196886E-002   0.0000000000000000     
   33.500000000000000       -1.1891667366199978E-002   0.0000000000000000     
   33.600000000000001        1.1707378635712846E-002   0.0000000000000000     
   33.700000000000003       -1.1478070995535425E-002   0.0000000000000000     
   33.800000000000004        1.1207405962661140E-002   0.0000000000000000     
   33.899999999999999       -1.0899268301573352E-002   0.0000000000000000     
   34.000000000000000        1.0557713025804839E-002   0.0000000000000000     
   34.100000000000001       -1.0186911968975797E-002   0.0000000000000000     
   34.200000000000003        9.7911007837889769E-003   0.0000000000000000     
   34.300000000000004       -9.3745271949421498E-003   0.0000000000000000     
   34.399999999999999        8.9414012834763551E-003   0.0000000000000000     
   34.500000000000000       -8.4958485174034606E-003   0.0000000000000000     
   34.600000000000001        8.0418661680614085E-003   0.0000000000000000     
   34.700000000000003       -7.5832836657446258E-003   0.0000000000000000     
   34.800000000000004        7.1237273539689243E-003   0.0000000000000000     
   34.899999999999999       -6.6665900014244864E-003   0.0000000000000000     
   35.000000000000000        6.2150053271469987E-003   0.0000000000000000     
   35.100000000000001       -5.7718276896096049E-003   0.0000000000000000     
   35.200000000000003        5.3396169872934858E-003   0.0000000000000000     
   35.300000000000004       -4.9206287187720911E-003   0.0000000000000000     
   35.399999999999999        4.5168090566178971E-003   0.0000000000000000     
   35.500000000000000       -4.1297947036302868E-003   0.0000000000000000     
   35.600000000000001        3.7609172232015279E-003   0.0000000000000000     
   35.700000000000003       -3.4112114700037789E-003   0.0000000000000000     
   35.800000000000004        3.0814276928637905E-003   0.0000000000000000     
   35.899999999999999       -2.7720468398464036E-003   0.0000000000000000     
   36.000000000000000        2.4832985665511017E-003   0.0000000000000000     
   36.100000000000001       -2.2151814316567907E-003   0.0000000000000000     
   36.200000000000003        1.9674847595999479E-003   0.0000000000000000     
   36.300000000000004       -1.7398116571189866E-003   0.0000000000000000     
   36.399999999999999        1.5316026882641620E-003   0.0000000000000000     
   36.500000000000000       -1.3421597395926633E-003   0.0000000000000000     
   36.600000000000001        1.1706696425250549E-003   0.0000000000000000     
   36.700000000000003       -1.0162271621031544E-003   0.0000000000000000     
   36.800000000000004        8.7785700835843255E-004   0.0000000000000000     
   36.899999999999999       -7.5453457763053895E-004   0.0000000000000000     
   37.000000000000000        6.4520518399260830E-004   0.0000000000000000     
   37.100000000000001       -5.4880159463825109E-004   0.0000000000000000     
   37.200000000000003        4.6425973594548317E-004   0.0000000000000000     
   37.300000000000004       -3.9053248773430273E-004   0.0000000000000000     
   37.399999999999999        3.2660153116124160E-004   0.0000000000000000     
   37.500000000000000       -2.7148725934898597E-004   0.0000000000000000     
   37.600000000000001        2.2425679905965535E-004   0.0000000000000000     
   37.700000000000003       -1.8403022544992442E-004   0.0000000000000000     
   37.800000000000004        1.4998508035966456E-004   0.0000000000000000     
   37.899999999999999       -1.2135932697839644E-004   0.0000000000000000     
   38.000000000000000        9.7452890773577135E-005   0.0000000000000000     
   38.100000000000001       -7.7627947745091859E-005   0.0000000000000000     
   38.200000000000003        6.1308127385060823E-005   0.0000000000000000     
   38.300000000000004       -4.7976799038053147E-005   0.0000000000000000     
   38.400000000000006        3.7174607574449146E-005   0.0000000000000000     
   38.500000000000000       -2.8496417876564307E-005   0.0000000000000000     
   38.600000000000001        2.1587817941247514E-005   0.0000000000000000     
   38.700000000000003       -1.6141318781203048E-005   0.0000000000000000     
   38.800000000000004        1.1892375455639554E-005   0.0000000000000000     
   38.900000000000006       -8.6153387814871112E-006   0.0000000000000000     
   39.000000000000000        6.1194319014603173E-006   0.0000000000000000     
   39.100000000000001       -4.2448303598159487E-006   0.0000000000000000     
   39.200000000000003        2.8589091905950495E-006   0.0000000000000000     
   39.300000000000004       -1.8527059669250124E-006   0.0000000000000000     
   39.400000000000006        1.1376355739549372E-006   0.0000000000000000     
   39.500000000000000       -6.4248005734350655E-007   0.0000000000000000     
   39.600000000000001        3.1066625733960377E-007   0.0000000000000000     
   39.700000000000003       -9.7834651346199472E-008   0.0000000000000000     
   39.800000000000004       -3.0305066457334847E-008   0.0000000000000000     
   39.900000000000006        9.9842193121378895E-008   0.0000000000000000     
   40.000000000000000       -1.3027264327427874E-007   0.0000000000000000     
   40.100000000000001        1.3586493122665026E-007   0.0000000000000000     
   40.200000000000003       -1.2680596753233082E-007   0.0000000000000000     
   40.300000000000004        1.1014916273675881E-007   0.0000000000000000     
   40.400000000000006       -9.0588011143925672E-008   0.0000000000000000     
   40.500000000000000        7.1077718256075655E-008   0.0000000000000000     
   40.600000000000001       -5.3326544659712940E-008   0.0000000000000000     
   40.700000000000003        3.8177265420381486E-008   0.0000000000000000     
   40.800000000000004       -2.5897278672273364E-008   0.0000000000000000     
   40.900000000000006        1.6394142951952771E-008   0.0000000000000000     
   41.000000000000000       -9.3711959019437963E-009   0.0000000000000000     
   41.100000000000001        4.4361082726095888E-009   0.0000000000000000     
   41.200000000000003       -1.1731407559113120E-009   0.0000000000000000     
   41.300000000000004       -8.1183050203959343E-010   0.0000000000000000     
   41.400000000000006        1.8661104496970426E-009   0.0000000000000000     
   41.500000000000000       -2.2789830559439218E-009   0.0000000000000000     
   41.600000000000001        2.2797819520457992E-009   0.0000000000000000     
   41.700000000000003       -2.0418143210028740E-009   0.0000000000000000     
   41.800000000000004        1.6894393067725093E-009   0.0000000000000000     
   41.900000000000006       -1.3066409623335705E-009   0.0000000000000000     
   42.000000000000000        9.4561922966543416E-010   0.0000000000000000     
   42.100000000000001       -6.3482578826337404E-010   0.0000000000000000     
   42.200000000000003        3.8591620071716159E-010   0.0000000000000000     
   42.300000000000004       -1.9945527768051382E-010   0.0000000000000000     
   42.400000000000006        6.9363421330402921E-011   0.0000000000000000     
   42.500000000000000        1.3778832828197558E-011   0.0000000000000000     
   42.600000000000001       -6.0424171977635558E-011   0.0000000000000000     
   42.700000000000003        8.0610415620232696E-011   0.0000000000000000     
   42.800000000000004       -8.3067681082315111E-011   0.0000000000000000     
   42.900000000000006        7.4864299671866138E-011   0.0000000000000000     
   43.000000000000000       -6.1339799675948834E-011   0.0000000000000000     
   43.100000000000001        4.6231120886737273E-011   0.0000000000000000     
   43.200000000000003       -3.1933459031043855E-011   0.0000000000000000     
   43.300000000000004        1.9761427393042152E-011   0.0000000000000000     
   43.400000000000006       -1.0266064112061599E-011   0.0000000000000000     
   43.500000000000000        3.4638609291736047E-012   0.0000000000000000     
   43.600000000000001        9.4222937279706026E-013   0.0000000000000000     
   43.700000000000003       -3.4096882595701242E-012   0.0000000000000000     
   43.800000000000004        4.4292972619147549E-012   0.0000000000000000     
   43.900000000000006       -4.4760112444596969E-012   0.0000000000000000     
   44.000000000000000        3.9428975980344689E-012   0.0000000000000000     
   44.100000000000001       -3.1215952558148378E-012   0.0000000000000000     
   44.200000000000003        2.2405330585426521E-012   0.0000000000000000     
   44.300000000000004       -1.4346199779382053E-012   0.0000000000000000     
   44.400000000000006        7.7345981183842001E-013   0.0000000000000000     
   44.500000000000000       -2.7775950575190655E-013   0.0000000000000000     
   44.600000000000001       -4.7581512695870673E-014   0.0000000000000000     
   44.700000000000003        2.3602714003605106E-013   0.0000000000000000     
   44.800000000000004       -3.1157594843463592E-013   0.0000000000000000     
   44.900000000000006        3.1741782079607843E-013   0.0000000000000000     
   45.000000000000000       -2.8104629776251995E-013   0.0000000000000000     
   45.100000000000001        2.1405804019331522E-013   0.0000000000000000     
   45.200000000000003       -1.4917938367709768E-013   0.0000000000000000     
   45.300000000000004        8.9690845231015215E-014   0.0000000000000000     
   45.400000000000006       -4.2044762804663800E-014   0.0000000000000000     
   45.500000000000000        5.2615706686509996E-015   0.0000000000000000     
   45.600000000000001        1.4354013068725455E-014   0.0000000000000000     
   45.700000000000003       -2.3337388246789522E-014   0.0000000000000000     
   45.800000000000004        2.7908443365859814E-014   0.0000000000000000     
   45.900000000000006       -2.5519610087123968E-014   0.0000000000000000     
   46.000000000000000        2.0844109538514008E-014   0.0000000000000000     
   46.100000000000001       -1.3715603549686543E-014   0.0000000000000000     
   46.200000000000003        8.9538425082696098E-015   0.0000000000000000     
   46.300000000000004       -4.5875934072228217E-015   0.0000000000000000     
   46.400000000000006        2.2876731713069463E-016   0.0000000000000000     
   46.500000000000000        2.9358454031377414E-015   0.0000000000000000     
   46.600000000000001       -2.5328952271718357E-015   0.0000000000000000     
   46.700000000000003        4.3564719293187200E-015   0.0000000000000000     
   46.800000000000004       -1.3475230964618923E-015   0.0000000000000000     
   46.900000000000006        8.1266099127050456E-015   0.0000000000000000     
   47.000000000000000       -4.0270203400194317E-015   0.0000000000000000     
   47.100000000000001        3.7137351851481855E-015   0.0000000000000000     
   47.200000000000003       -4.3886380414378921E-015   0.0000000000000000     
   47.300000000000004        4.5904402449105744E-015   0.0000000000000000     
   47.400000000000006       -4.6541639507951520E-015   0.0000000000000000     
   47.500000000000000        2.2044240980568207E-015   0.0000000000000000     
   47.600000000000001       -3.4394982762250887E-015   0.0000000000000000     
   47.700000000000003        3.8457843145100448E-015   0.0000000000000000     
   47.800000000000004       -6.2076818660024754E-015   0.0000000000000000     
   47.900000000000006        1.1945828069910528E-015   0.0000000000000000     
   48.000000000000000       -1.9741364373446382E-015   0.0000000000000000     
   48.100000000000001        3.4746732821577262E-015   0.0000000000000000     
   48.200000000000003       -4.7846502617644374E-015   0.0000000000000000     
   48.300000000000004        9.9523812181844875E-016   0.0000000000000000     
   48.400000000000006       -4.2288965955581589E-015   0.0000000000000000     
   48.500000000000000        3.6866210771618336E-015   0.0000000000000000     
   48.600000000000001       -3.5638154620861967E-015   0.0000000000000000     
   48.700000000000003        2.5652163795142930E-015   0.0000000000000000     
   48.800000000000004       -8.1123286091990150E-016   0.0000000000000000     
   48.900000000000006        4.0666630807477478E-015   0.0000000000000000     
   49.000000000000000       -1.4480928404389589E-016   0.0000000000000000     
   49.100000000000001        3.2299897683722229E-015   0.0000000000000000     
   49.200000000000003        6.1155540518788691E-016   0.0000000000000000     
   49.300000000000004       -1.8215958877217810E-016   0.0000000000000000     
   49.400000000000006        2.0785695513899736E-015   0.0000000000000000     
   49.500000000000000       -1.9933204340632124E-015   0.0000000000000000     
   49.600000000000001        5.8218258592061601E-016   0.0000000000000000     
   49.700000000000003       -2.0612450645254116E-015   0.0000000000000000     
   49.800000000000004        6.5351090009115700E-017   0.0000000000000000     
   49.900000000000006        5.0654071924799070E-054   0.0000000000000000     
