   0.0000000000000000        8.1452369656267517E-016   0.0000000000000000     
  0.10000000000000001       -6.1400793308720283E-017   0.0000000000000000     
  0.20000000000000001       -1.1970775212368583E-015   0.0000000000000000     
  0.30000000000000004       -2.3633881359049535E-015   0.0000000000000000     
  0.40000000000000002       -1.1250482544303723E-015   0.0000000000000000     
  0.50000000000000000        1.5924669353083681E-015   0.0000000000000000     
  0.60000000000000009        9.0746118299726058E-016   0.0000000000000000     
  0.70000000000000007       -1.1799311668702714E-016   0.0000000000000000     
  0.80000000000000004        3.4185491576768317E-016   0.0000000000000000     
  0.90000000000000002        1.2004565194467709E-015   0.0000000000000000     
   1.0000000000000000       -4.8941443481498667E-016   0.0000000000000000     
   1.1000000000000001       -2.5031182698670472E-015   0.0000000000000000     
   1.2000000000000002        8.6172284524386292E-017   0.0000000000000000     
   1.3000000000000000        1.2372937250312921E-015   0.0000000000000000     
   1.4000000000000001       -1.4127239063961068E-015   0.0000000000000000     
   1.5000000000000000        3.0839240510685692E-017   0.0000000000000000     
   1.6000000000000001        2.1823081902262052E-015   0.0000000000000000     
   1.7000000000000002        1.6621961517950025E-015   0.0000000000000000     
   1.8000000000000000       -8.4786546153412230E-016   0.0000000000000000     
   1.9000000000000001       -2.0156571753831180E-015   0.0000000000000000     
   2.0000000000000000       -1.8997212750063521E-015   0.0000000000000000     
   2.1000000000000001        2.3601386212111751E-016   0.0000000000000000     
   2.2000000000000002        8.0277834600829923E-016   0.0000000000000000     
   2.3000000000000003        1.9560637889448597E-015   0.0000000000000000     
   2.4000000000000004       -9.0880672789631136E-016   0.0000000000000000     
   2.5000000000000000        2.4544434109700949E-015   0.0000000000000000     
   2.6000000000000001       -8.3985394051687548E-016   0.0000000000000000     
   2.7000000000000002       -1.2667091245310419E-015   0.0000000000000000     
   2.8000000000000003       -3.8134208130193188E-015   0.0000000000000000     
   2.9000000000000004        3.1651287452324170E-015   0.0000000000000000     
   3.0000000000000000       -3.1330843064131718E-015   0.0000000000000000     
   3.1000000000000001        8.0369991424018689E-015   0.0000000000000000     
   3.2000000000000002       -6.2900864093497249E-015   0.0000000000000000     
   3.3000000000000003        5.4520944767751632E-015   0.0000000000000000     
   3.4000000000000004       -1.0108564018617170E-014   0.0000000000000000     
   3.5000000000000000        1.4768618470225795E-014   0.0000000000000000     
   3.6000000000000001       -1.7334997524782068E-014   0.0000000000000000     
   3.7000000000000002        2.1622108691452067E-014   0.0000000000000000     
   3.8000000000000003       -3.0458492045619041E-014   0.0000000000000000     
   3.9000000000000004        3.6790088333296576E-014   0.0000000000000000     
   4.0000000000000000       -4.6310822701024964E-014   0.0000000000000000     
   4.1000000000000005        6.0678303968995825E-014   0.0000000000000000     
   4.2000000000000002       -7.5592281826292389E-014   0.0000000000000000     
   4.2999999999999998        1.0101341891085161E-013   0.0000000000000000     
   4.4000000000000004       -1.2849468174290207E-013   0.0000000000000000     
   4.5000000000000000        1.6017263493075386E-013   0.0000000000000000     
   4.6000000000000005       -2.0994808871261223E-013   0.0000000000000000     
   4.7000000000000002        2.6559286485554519E-013   0.0000000000000000     
   4.8000000000000007       -3.3772898639541943E-013   0.0000000000000000     
   4.9000000000000004        4.3492576406884196E-013   0.0000000000000000     
   5.0000000000000000       -5.5260695590075789E-013   0.0000000000000000     
   5.1000000000000005        7.0696315144046077E-013   0.0000000000000000     
   5.2000000000000002       -8.9883338671666981E-013   0.0000000000000000     
   5.3000000000000007        1.1427015304174135E-012   0.0000000000000000     
   5.4000000000000004       -1.4600957616539239E-012   0.0000000000000000     
   5.5000000000000000        1.8521919228789400E-012   0.0000000000000000     
   5.6000000000000005       -2.3554278347278610E-012   0.0000000000000000     
   5.7000000000000002        2.9973169058616545E-012   0.0000000000000000     
   5.8000000000000007       -3.7992106704302778E-012   0.0000000000000000     
   5.9000000000000004        4.8199316773602203E-012   0.0000000000000000     
   6.0000000000000000       -6.1101647239265758E-012   0.0000000000000000     
   6.1000000000000005        7.7396112751707804E-012   0.0000000000000000     
   6.2000000000000002       -9.7990132955452626E-012   0.0000000000000000     
   6.3000000000000007        1.2389737878151789E-011   0.0000000000000000     
   6.4000000000000004       -1.5661176079446951E-011   0.0000000000000000     
   6.5000000000000000        1.9778585744650327E-011   0.0000000000000000     
   6.6000000000000005       -2.4949934291872885E-011   0.0000000000000000     
   6.7000000000000002        3.1459827090254695E-011   0.0000000000000000     
   6.8000000000000007       -3.9633239963752344E-011   0.0000000000000000     
   6.9000000000000004        4.9881831497761475E-011   0.0000000000000000     
   7.0000000000000000       -6.2734540175967098E-011   0.0000000000000000     
   7.1000000000000005        7.8828287182702963E-011   0.0000000000000000     
   7.2000000000000002       -9.8960105480413086E-011   0.0000000000000000     
   7.3000000000000007        1.2412886175599678E-010   0.0000000000000000     
   7.4000000000000004       -1.5555737254980623E-010   0.0000000000000000     
   7.5000000000000000        1.9476252614408233E-010   0.0000000000000000     
   7.6000000000000005       -2.4363044326583206E-010   0.0000000000000000     
   7.7000000000000002        3.0447083325124044E-010   0.0000000000000000     
   7.8000000000000007       -3.8014318142283910E-010   0.0000000000000000     
   7.9000000000000004        4.7417917562462316E-010   0.0000000000000000     
   8.0000000000000000       -5.9089462321755652E-010   0.0000000000000000     
   8.0999999999999996        7.3561872414735866E-010   0.0000000000000000     
   8.2000000000000011       -9.1489438588613514E-010   0.0000000000000000     
   8.3000000000000007        1.1367147825014001E-009   0.0000000000000000     
   8.4000000000000004       -1.4108938797929937E-009   0.0000000000000000     
   8.5000000000000000        1.7494218685841687E-009   0.0000000000000000     
   8.5999999999999996       -2.1669367669114658E-009   0.0000000000000000     
   8.7000000000000011        2.6813092173127168E-009   0.0000000000000000     
   8.8000000000000007       -3.3142878309422197E-009   0.0000000000000000     
   8.9000000000000004        4.0923509105838054E-009   0.0000000000000000     
   9.0000000000000000       -5.0476727117607942E-009   0.0000000000000000     
   9.0999999999999996        6.2192745912261904E-009   0.0000000000000000     
   9.2000000000000011       -7.6544686763479854E-009   0.0000000000000000     
   9.3000000000000007        9.4105064461178905E-009   0.0000000000000000     
   9.4000000000000004       -1.1556574659475532E-008   0.0000000000000000     
   9.5000000000000000        1.4176194994782103E-008   0.0000000000000000     
   9.6000000000000014       -1.7370032575964120E-008   0.0000000000000000     
   9.7000000000000011        2.1259252704256613E-008   0.0000000000000000     
   9.8000000000000007       -2.5989494668728304E-008   0.0000000000000000     
   9.9000000000000004        3.1735566273547968E-008   0.0000000000000000     
   10.000000000000000       -3.8706992178034078E-008   0.0000000000000000     
   10.100000000000001        4.7154544747466337E-008   0.0000000000000000     
   10.200000000000001       -5.7377923024626541E-008   0.0000000000000000     
   10.300000000000001        6.9734786583105210E-008   0.0000000000000000     
   10.400000000000000       -8.4651339697511548E-008   0.0000000000000000     
   10.500000000000000        1.0263468927084644E-007   0.0000000000000000     
   10.600000000000001       -1.2428731483161960E-007   0.0000000000000000     
   10.700000000000001        1.5032393002036603E-007   0.0000000000000000     
   10.800000000000001       -1.8159106891397990E-007   0.0000000000000000     
   10.900000000000000        2.1908986906411080E-007   0.0000000000000000     
   11.000000000000000       -2.6400246366148341E-007   0.0000000000000000     
   11.100000000000001        3.1772250044219210E-007   0.0000000000000000     
   11.200000000000001       -3.8189039071628507E-007   0.0000000000000000     
   11.300000000000001        4.5843390279732580E-007   0.0000000000000000     
   11.400000000000000       -5.4961483501859134E-007   0.0000000000000000     
   11.500000000000000        6.5808256779090915E-007   0.0000000000000000     
   11.600000000000001       -7.8693535612547149E-007   0.0000000000000000     
   11.700000000000001        9.3979033908547217E-007   0.0000000000000000     
   11.800000000000001       -1.1208633469135824E-006   0.0000000000000000     
   11.900000000000000        1.3350596298424957E-006   0.0000000000000000     
   12.000000000000000       -1.5880767870491436E-006   0.0000000000000000     
   12.100000000000001        1.8865212884795435E-006   0.0000000000000000     
   12.200000000000001       -2.2380399840080106E-006   0.0000000000000000     
   12.300000000000001        2.6514682306349885E-006   0.0000000000000000     
   12.400000000000000       -3.1369963089972508E-006   0.0000000000000000     
   12.500000000000000        3.7063558388454811E-006   0.0000000000000000     
   12.600000000000001       -4.3730281249861177E-006   0.0000000000000000     
   12.700000000000001        5.1524762839372308E-006   0.0000000000000000     
   12.800000000000001       -6.0624031715979345E-006   0.0000000000000000     
   12.900000000000000        7.1230371920926871E-006   0.0000000000000000     
   13.000000000000000       -8.3574479265182421E-006   0.0000000000000000     
   13.100000000000001        9.7918936836958294E-006   0.0000000000000000     
   13.200000000000001       -1.1456202949312070E-005   0.0000000000000000     
   13.300000000000001        1.3384191590063072E-005   0.0000000000000000     
   13.400000000000000       -1.5614117587285639E-005   0.0000000000000000     
   13.500000000000000        1.8189174789618460E-005   0.0000000000000000     
   13.600000000000001       -2.1158027039766090E-005   0.0000000000000000     
   13.700000000000001        2.4575383548626105E-005   0.0000000000000000     
   13.800000000000001       -2.8502616025215155E-005   0.0000000000000000     
   13.900000000000000        3.3008417643976619E-005   0.0000000000000000     
   14.000000000000000       -3.8169503115234464E-005   0.0000000000000000     
   14.100000000000001        4.4071348604874980E-005   0.0000000000000000     
   14.200000000000001       -5.0808969336898637E-005   0.0000000000000000     
   14.300000000000001        5.8487731656308345E-005   0.0000000000000000     
   14.400000000000000       -6.7224195440951799E-005   0.0000000000000000     
   14.500000000000000        7.7146981339973892E-005   0.0000000000000000     
   14.600000000000001       -8.8397656043114419E-005   0.0000000000000000     
   14.700000000000001        1.0113162736540440E-004   0.0000000000000000     
   14.800000000000001       -1.1551903911918953E-004   0.0000000000000000     
   14.900000000000000        1.3174565416959331E-004   0.0000000000000000     
   15.000000000000000       -1.5001371216085522E-004   0.0000000000000000     
   15.100000000000001        1.7054274634639775E-004   0.0000000000000000     
   15.200000000000001       -1.9357034201281464E-004   0.0000000000000000     
   15.300000000000001        2.1935281678819898E-004   0.0000000000000000     
   15.400000000000000       -2.4816580100743508E-004   0.0000000000000000     
   15.500000000000000        2.8030469417926116E-004   0.0000000000000000     
   15.600000000000001       -3.1608497141703032E-004   0.0000000000000000     
   15.700000000000001        3.5584231175239483E-004   0.0000000000000000     
   15.800000000000001       -3.9993251832736262E-004   0.0000000000000000     
   15.900000000000000        4.4873119876691852E-004   0.0000000000000000     
   16.000000000000000       -5.0263317265917455E-004   0.0000000000000000     
   16.100000000000001        5.6205157192486732E-004   0.0000000000000000     
   16.199999999999999       -6.2741659922155508E-004   0.0000000000000000     
   16.300000000000001        6.9917390930681060E-004   0.0000000000000000     
   16.400000000000002       -7.7778257864920524E-004   0.0000000000000000     
   16.500000000000000        8.6371262964086775E-004   0.0000000000000000     
   16.600000000000001       -9.5744207741186433E-004   0.0000000000000000     
   16.699999999999999        1.0594534698747640E-003   0.0000000000000000     
   16.800000000000001       -1.1702298950567556E-003   0.0000000000000000     
   16.900000000000002        1.2902504340792154E-003   0.0000000000000000     
   17.000000000000000       -1.4199850436224844E-003   0.0000000000000000     
   17.100000000000001        1.5598888580443811E-003   0.0000000000000000     
   17.199999999999999       -1.7103959089137602E-003   0.0000000000000000     
   17.300000000000001        1.8719122683062527E-003   0.0000000000000000     
   17.400000000000002       -2.0448086317904480E-003   0.0000000000000000     
   17.500000000000000        2.2294123679590131E-003   0.0000000000000000     
   17.600000000000001       -2.4259990728861501E-003   0.0000000000000000     
   17.699999999999999        2.6347836805592885E-003   0.0000000000000000     
   17.800000000000001       -2.8559111938852586E-003   0.0000000000000000     
   17.900000000000002        3.0894471145848116E-003   0.0000000000000000     
   18.000000000000000       -3.3353676650131610E-003   0.0000000000000000     
   18.100000000000001        3.5935499095337319E-003   0.0000000000000000     
   18.199999999999999       -3.8637618975300714E-003   0.0000000000000000     
   18.300000000000001        4.1456529647491240E-003   0.0000000000000000     
   18.400000000000002       -4.4387443430525166E-003   0.0000000000000000     
   18.500000000000000        4.7424202414078744E-003   0.0000000000000000     
   18.600000000000001       -5.0559195723726691E-003   0.0000000000000000     
   18.699999999999999        5.3783285076420507E-003   0.0000000000000000     
   18.800000000000001       -5.7085740539599720E-003   0.0000000000000000     
   18.900000000000002        6.0454188454809373E-003   0.0000000000000000     
   19.000000000000000       -6.3874573506490454E-003   0.0000000000000000     
   19.100000000000001        6.7331136906387751E-003   0.0000000000000000     
   19.200000000000003       -7.0806412613366046E-003   0.0000000000000000     
   19.300000000000001        7.4281243422484834E-003   0.0000000000000000     
   19.400000000000002       -7.7734818628653370E-003   0.0000000000000000     
   19.500000000000000        8.1144734796897208E-003   0.0000000000000000     
   19.600000000000001       -8.4487080956022094E-003   0.0000000000000000     
   19.700000000000003        8.7736549270302378E-003   0.0000000000000000     
   19.800000000000001       -9.0866571939569735E-003   0.0000000000000000     
   19.900000000000002        9.3849484730272187E-003   0.0000000000000000     
   20.000000000000000       -9.6656717152265540E-003   0.0000000000000000     
   20.100000000000001        9.9259008875074925E-003   0.0000000000000000     
   20.200000000000003       -1.0162665152303648E-002   0.0000000000000000     
   20.300000000000001        1.0372975451144678E-002   0.0000000000000000     
   20.400000000000002       -1.0553853309152967E-002   0.0000000000000000     
   20.500000000000000        1.0702361626860174E-002   0.0000000000000000     
   20.600000000000001       -1.0815637175581577E-002   0.0000000000000000     
   20.700000000000003        1.0890924463260837E-002   0.0000000000000000     
   20.800000000000001       -1.0925610590802366E-002   0.0000000000000000     
   20.900000000000002        1.0917260675056210E-002   0.0000000000000000     
   21.000000000000000       -1.0863653375101791E-002   0.0000000000000000     
   21.100000000000001        1.0762816024825093E-002   0.0000000000000000     
   21.200000000000003       -1.0613058847285809E-002   0.0000000000000000     
   21.300000000000001        1.0413007706819979E-002   0.0000000000000000     
   21.400000000000002       -1.0161634843870960E-002   0.0000000000000000     
   21.500000000000000        9.8582870356960853E-003   0.0000000000000000     
   21.600000000000001       -9.5027106347376159E-003   0.0000000000000000     
   21.700000000000003        9.0950729553149808E-003   0.0000000000000000     
   21.800000000000001       -8.6359795091508866E-003   0.0000000000000000     
   21.900000000000002        8.1264866310917401E-003   0.0000000000000000     
   22.000000000000000       -7.5681090877269958E-003   0.0000000000000000     
   22.100000000000001        6.9628223236254541E-003   0.0000000000000000     
   22.200000000000003       -6.3130590712033065E-003   0.0000000000000000     
   22.300000000000001        5.6217001303835211E-003   0.0000000000000000     
   22.400000000000002       -4.8920592120138143E-003   0.0000000000000000     
   22.500000000000000        4.1278618325054943E-003   0.0000000000000000     
   22.600000000000001       -3.3332183454914035E-003   0.0000000000000000     
   22.700000000000003        2.5125912970823425E-003   0.0000000000000000     
   22.800000000000001       -1.6707573927038518E-003   0.0000000000000000     
   22.900000000000002        8.1276446366272518E-004   0.0000000000000000     
   23.000000000000000        5.6116081971114903E-005   0.0000000000000000     
   23.100000000000001       -9.3044074867700802E-004   0.0000000000000000     
   23.200000000000003        1.8046487244821926E-003   0.0000000000000000     
   23.300000000000001       -2.6731192018567469E-003   0.0000000000000000     
   23.400000000000002        3.5302304551228991E-003   0.0000000000000000     
   23.500000000000000       -4.3704198327369631E-003   0.0000000000000000     
   23.600000000000001        5.1882437891488734E-003   0.0000000000000000     
   23.700000000000003       -5.9784370633121590E-003   0.0000000000000000     
   23.800000000000001        6.7359701096819892E-003   0.0000000000000000     
   23.900000000000002       -7.4561039034529127E-003   0.0000000000000000     
   24.000000000000000        8.1344412748121757E-003   0.0000000000000000     
   24.100000000000001       -8.7669739764987837E-003   0.0000000000000000     
   24.200000000000003        9.3501247546288625E-003   0.0000000000000000     
   24.300000000000001       -9.8807837730841598E-003   0.0000000000000000     
   24.400000000000002        1.0356338835377132E-002   0.0000000000000000     
   24.500000000000000       -1.0774698953070844E-002   0.0000000000000000     
   24.600000000000001        1.1134310924118233E-002   0.0000000000000000     
   24.700000000000003       -1.1434168705815593E-002   0.0000000000000000     
   24.800000000000001        1.1673815492721827E-002   0.0000000000000000     
   24.900000000000002       -1.1853338537130548E-002   0.0000000000000000     
   25.000000000000000        1.1973356875938658E-002   0.0000000000000000     
   25.100000000000001       -1.2035002250085471E-002   0.0000000000000000     
   25.200000000000003        1.2039893618628429E-002   0.0000000000000000     
   25.300000000000001       -1.1990105776569773E-002   0.0000000000000000     
   25.400000000000002        1.1888132681174860E-002   0.0000000000000000     
   25.500000000000000       -1.1736846174078396E-002   0.0000000000000000     
   25.600000000000001        1.1539450854173438E-002   0.0000000000000000     
   25.700000000000003       -1.1299435907651220E-002   0.0000000000000000     
   25.800000000000001        1.1020524736104723E-002   0.0000000000000000     
   25.900000000000002       -1.0706623240464749E-002   0.0000000000000000     
   26.000000000000000        1.0361767617880695E-002   0.0000000000000000     
   26.100000000000001       -9.9900725109952383E-003   0.0000000000000000     
   26.200000000000003        9.5956803147908415E-003   0.0000000000000000     
   26.300000000000001       -9.1827123969284649E-003   0.0000000000000000     
   26.400000000000002        8.7552229246516539E-003   0.0000000000000000     
   26.500000000000000       -8.3171559164119668E-003   0.0000000000000000     
   26.600000000000001        7.8723060519030642E-003   0.0000000000000000     
   26.700000000000003       -7.4242836822123901E-003   0.0000000000000000     
   26.800000000000001        6.9764843844182297E-003   0.0000000000000000     
   26.900000000000002       -6.5320633051143039E-003   0.0000000000000000     
   27.000000000000000        6.0939144369167187E-003   0.0000000000000000     
   27.100000000000001       -5.6646548733873710E-003   0.0000000000000000     
   27.200000000000003        5.2466139936869754E-003   0.0000000000000000     
   27.300000000000001       -4.8418274396205187E-003   0.0000000000000000     
   27.400000000000002        4.4520356671463659E-003   0.0000000000000000     
   27.500000000000000       -4.0786867831897472E-003   0.0000000000000000     
   27.600000000000001        3.7229433171699702E-003   0.0000000000000000     
   27.700000000000003       -3.3856925269577930E-003   0.0000000000000000     
   27.800000000000001        3.0675598006183859E-003   0.0000000000000000     
   27.900000000000002       -2.7689246886765662E-003   0.0000000000000000     
   28.000000000000000        2.4899390870773454E-003   0.0000000000000000     
   28.100000000000001       -2.2305470872655856E-003   0.0000000000000000     
   28.200000000000003        1.9905060168730697E-003   0.0000000000000000     
   28.300000000000001       -1.7694082111827897E-003   0.0000000000000000     
   28.400000000000002        1.5667030805663301E-003   0.0000000000000000     
   28.500000000000000       -1.3817190716528575E-003   0.0000000000000000     
   28.600000000000001        1.2136851583198203E-003   0.0000000000000000     
   28.700000000000003       -1.0617515414496656E-003   0.0000000000000000     
   28.800000000000001        9.2500928254176057E-004   0.0000000000000000     
   28.900000000000002       -8.0250864400340655E-004   0.0000000000000000     
   29.000000000000000        6.9327595715835575E-004   0.0000000000000000     
   29.100000000000001       -5.9632888657289434E-004   0.0000000000000000     
   29.200000000000003        5.1069000490046117E-004   0.0000000000000000     
   29.300000000000001       -4.3539863525877428E-004   0.0000000000000000     
   29.400000000000002        3.6952095750571743E-004   0.0000000000000000     
   29.500000000000000       -3.1215840997078322E-004   0.0000000000000000     
   29.600000000000001        2.6245444863779886E-004   0.0000000000000000     
   29.700000000000003       -2.1959975155543942E-004   0.0000000000000000     
   29.800000000000001        1.8283597702809036E-004   0.0000000000000000     
   29.900000000000002       -1.5145819983187963E-004   0.0000000000000000     
   30.000000000000000        1.2481616085355509E-004   0.0000000000000000     
   30.100000000000001       -1.0231447208899776E-004   0.0000000000000000     
   30.200000000000003        8.3411921472879857E-005   0.0000000000000000     
   30.300000000000001       -6.7620020770062936E-005   0.0000000000000000     
   30.400000000000002        5.4500935435256033E-005   0.0000000000000000     
   30.500000000000000       -4.3664928448091399E-005   0.0000000000000000     
   30.600000000000001        3.4767440842998676E-005   0.0000000000000000     
   30.700000000000003       -2.7505921156070074E-005   0.0000000000000000     
   30.800000000000001        2.1616504059711587E-005   0.0000000000000000     
   30.900000000000002       -1.6870626039010003E-005   0.0000000000000000     
   31.000000000000000        1.3071653436997432E-005   0.0000000000000000     
   31.100000000000001       -1.0051585429640198E-005   0.0000000000000000     
   31.200000000000003        7.6678827297853429E-006   0.0000000000000000     
   31.300000000000001       -5.8004612729318818E-006   0.0000000000000000     
   31.400000000000002        4.3488797100042583E-006   0.0000000000000000     
   31.500000000000000       -3.2297403285112805E-006   0.0000000000000000     
   31.600000000000001        2.3743144102877585E-006   0.0000000000000000     
   31.700000000000003       -1.7263962481557700E-006   0.0000000000000000     
   31.800000000000001        1.2403839453035064E-006   0.0000000000000000     
   31.900000000000002       -8.7958020685332375E-007   0.0000000000000000     
   32.000000000000000        6.1470286606590841E-007   0.0000000000000000     
   32.100000000000001       -4.2259175877113075E-007   0.0000000000000000     
   32.200000000000003        2.8509689005018233E-007   0.0000000000000000     
   32.300000000000004       -1.8813170154689273E-007   0.0000000000000000     
   32.399999999999999        1.2087453450507993E-007   0.0000000000000000     
   32.500000000000000       -7.5101744303712177E-008   0.0000000000000000     
   32.600000000000001        4.4636237065863769E-008   0.0000000000000000     
   32.700000000000003       -2.4895993835379333E-008   0.0000000000000000     
   32.800000000000004        1.2528327504451029E-008   0.0000000000000000     
   32.899999999999999       -5.1167477930371785E-009   0.0000000000000000     
   33.000000000000000        9.4863057212141006E-010   0.0000000000000000     
   33.100000000000001        1.1667612455718943E-009   0.0000000000000000     
   33.200000000000003       -2.0390570446723957E-009   0.0000000000000000     
   33.300000000000004        2.2042770238422173E-009   0.0000000000000000     
   33.399999999999999       -2.0057405021641149E-009   0.0000000000000000     
   33.500000000000000        1.6540318078962207E-009   0.0000000000000000     
   33.600000000000001       -1.2706638135090677E-009   0.0000000000000000     
   33.700000000000003        9.1931625042773781E-010   0.0000000000000000     
   33.800000000000004       -6.2767731636930381E-010   0.0000000000000000     
   33.899999999999999        4.0225416888374468E-010   0.0000000000000000     
   34.000000000000000       -2.3823015901865671E-010   0.0000000000000000     
   34.100000000000001        1.2567161206372374E-010   0.0000000000000000     
   34.200000000000003       -5.3216711847030834E-011   0.0000000000000000     
   34.300000000000004        1.0172318636055187E-011   0.0000000000000000     
   34.399999999999999        1.2544254219749536E-011   0.0000000000000000     
   34.500000000000000       -2.2095447870980232E-011   0.0000000000000000     
   34.600000000000001        2.3775898932222225E-011   0.0000000000000000     
   34.700000000000003       -2.1285105565164733E-011   0.0000000000000000     
   34.800000000000004        1.7036645587719808E-011   0.0000000000000000     
   34.899999999999999       -1.2485138408817899E-011   0.0000000000000000     
   35.000000000000000        8.4143253191390682E-012   0.0000000000000000     
   35.100000000000001       -5.1495513146128547E-012   0.0000000000000000     
   35.200000000000003        2.7577116077095831E-012   0.0000000000000000     
   35.300000000000004       -1.1493873348907041E-012   0.0000000000000000     
   35.399999999999999        1.6101651297010345E-013   0.0000000000000000     
   35.500000000000000        3.6025943460552490E-013   0.0000000000000000     
   35.600000000000001       -5.7399810247835074E-013   0.0000000000000000     
   35.700000000000003        5.9724661760276721E-013   0.0000000000000000     
   35.800000000000004       -5.1380460934971841E-013   0.0000000000000000     
   35.899999999999999        3.9701945191592594E-013   0.0000000000000000     
   36.000000000000000       -2.7404569807207430E-013   0.0000000000000000     
   36.100000000000001        1.6865414639106525E-013   0.0000000000000000     
   36.200000000000003       -8.9718431028870738E-014   0.0000000000000000     
   36.300000000000004        3.3326652483968442E-014   0.0000000000000000     
   36.399999999999999        9.3009841457644693E-016   0.0000000000000000     
   36.500000000000000       -1.8436640338611372E-014   0.0000000000000000     
   36.600000000000001        2.3145344277576676E-014   0.0000000000000000     
   36.700000000000003       -2.3920579803980217E-014   0.0000000000000000     
   36.800000000000004        2.0231760635934105E-014   0.0000000000000000     
   36.899999999999999       -1.1832830330773882E-014   0.0000000000000000     
   37.000000000000000        9.0320111755259040E-015   0.0000000000000000     
   37.100000000000001       -6.1359959102804166E-015   0.0000000000000000     
   37.200000000000003        3.6662123947242127E-016   0.0000000000000000     
   37.300000000000004        8.7904934472486945E-017   0.0000000000000000     
   37.399999999999999        8.6086293954170989E-016   0.0000000000000000     
   37.500000000000000       -2.1462443546538446E-015   0.0000000000000000     
   37.600000000000001        1.0510971647168005E-015   0.0000000000000000     
   37.700000000000003        1.7224832459239935E-015   0.0000000000000000     
   37.800000000000004        4.3887604471851985E-016   0.0000000000000000     
   37.899999999999999       -1.8837104546572690E-015   0.0000000000000000     
   38.000000000000000       -8.0049616790964047E-016   0.0000000000000000     
   38.100000000000001        9.8210059194545092E-016   0.0000000000000000     
   38.200000000000003       -1.9590758828629942E-015   0.0000000000000000     
   38.300000000000004        2.8796394488592974E-015   0.0000000000000000     
   38.400000000000006       -1.6783360266904121E-015   0.0000000000000000     
   38.500000000000000        4.9243356959960661E-015   0.0000000000000000     
   38.600000000000001        1.2688137600075718E-015   0.0000000000000000     
   38.700000000000003       -7.2866177099594574E-016   0.0000000000000000     
   38.800000000000004       -5.1386315849059948E-015   0.0000000000000000     
   38.900000000000006       -2.4999628855214392E-016   0.0000000000000000     
   39.000000000000000       -3.7098433418971329E-015   0.0000000000000000     
   39.100000000000001        9.1866193668195589E-017   0.0000000000000000     
   39.200000000000003       -2.0715781032966864E-015   0.0000000000000000     
   39.300000000000004        8.7381969232633113E-015   0.0000000000000000     
   39.400000000000006       -1.7342088314008099E-015   0.0000000000000000     
   39.500000000000000        4.3599645160770010E-015   0.0000000000000000     
   39.600000000000001       -6.1305969554492961E-015   0.0000000000000000     
   39.700000000000003        4.7899913702974914E-015   0.0000000000000000     
   39.800000000000004       -5.2070811727608278E-015   0.0000000000000000     
   39.900000000000006        2.3486302957785600E-015   0.0000000000000000     
   40.000000000000000       -2.2876738886319898E-015   0.0000000000000000     
   40.100000000000001        4.0247812190218634E-015   0.0000000000000000     
   40.200000000000003       -2.9045862058934438E-015   0.0000000000000000     
   40.300000000000004        4.4465962234190115E-015   0.0000000000000000     
   40.400000000000006       -2.7600227332652544E-015   0.0000000000000000     
   40.500000000000000       -4.7577513538065349E-017   0.0000000000000000     
   40.600000000000001       -2.9949851338004106E-015   0.0000000000000000     
   40.700000000000003        1.4249239395336420E-015   0.0000000000000000     
   40.800000000000004       -8.4689355968050817E-016   0.0000000000000000     
   40.900000000000006        4.4638591675398230E-015   0.0000000000000000     
   41.000000000000000        2.0317605903941469E-015   0.0000000000000000     
   41.100000000000001        5.0661621617325490E-016   0.0000000000000000     
   41.200000000000003       -1.5013179979372769E-015   0.0000000000000000     
   41.300000000000004       -1.7901626197451796E-015   0.0000000000000000     
   41.400000000000006       -4.9579739027792718E-015   0.0000000000000000     
   41.500000000000000        1.5914653270341916E-016   0.0000000000000000     
   41.600000000000001       -1.7727880267207774E-016   0.0000000000000000     
   41.700000000000003       -1.1030040433817221E-015   0.0000000000000000     
   41.800000000000004        1.3520721092379889E-015   0.0000000000000000     
   41.900000000000006       -1.6413065281545424E-015   0.0000000000000000     
   42.000000000000000        3.1392754280890034E-015   0.0000000000000000     
   42.100000000000001       -1.9072413034563274E-015   0.0000000000000000     
   42.200000000000003        2.8333363588026976E-015   0.0000000000000000     
   42.300000000000004       -3.3616023579582126E-015   0.0000000000000000     
   42.400000000000006        4.9727032491894075E-015   0.0000000000000000     
   42.500000000000000       -3.1948210397843636E-015   0.0000000000000000     
   42.600000000000001       -1.2040307104810855E-015   0.0000000000000000     
   42.700000000000003        8.7524728250119352E-016   0.0000000000000000     
   42.800000000000004        8.1114529916641673E-016   0.0000000000000000     
   42.900000000000006       -3.5198225543635099E-015   0.0000000000000000     
   43.000000000000000       -2.2817005496590215E-015   0.0000000000000000     
   43.100000000000001        3.5385494300000591E-015   0.0000000000000000     
   43.200000000000003        1.9584829353572925E-015   0.0000000000000000     
   43.300000000000004        3.3346177308477566E-015   0.0000000000000000     
   43.400000000000006       -3.2193637793678220E-016   0.0000000000000000     
   43.500000000000000        2.2397551823525225E-015   0.0000000000000000     
   43.600000000000001       -1.1821004497302018E-015   0.0000000000000000     
   43.700000000000003       -2.5742016374899688E-016   0.0000000000000000     
   43.800000000000004       -5.2566688226747004E-015   0.0000000000000000     
   43.900000000000006       -1.5985932201656856E-016   0.0000000000000000     
   44.000000000000000       -6.6498827061940461E-016   0.0000000000000000     
   44.100000000000001        5.9617088573467259E-016   0.0000000000000000     
   44.200000000000003        8.5118735790570191E-016   0.0000000000000000     
   44.300000000000004        2.2151272034056662E-015   0.0000000000000000     
   44.400000000000006        2.0569752087273901E-015   0.0000000000000000     
   44.500000000000000       -1.8073487946337984E-015   0.0000000000000000     
   44.600000000000001        8.5337525873187566E-016   0.0000000000000000     
   44.700000000000003       -9.7546820419498242E-016   0.0000000000000000     
   44.800000000000004        3.0046540646834278E-015   0.0000000000000000     
   44.900000000000006       -2.8710508014755295E-015   0.0000000000000000     
   45.000000000000000        1.1035975858757084E-015   0.0000000000000000     
   45.100000000000001       -2.7980964530766862E-015   0.0000000000000000     
   45.200000000000003        2.1578113108551450E-015   0.0000000000000000     
   45.300000000000004       -1.6644274706122211E-015   0.0000000000000000     
   45.400000000000006        6.9488223289478333E-016   0.0000000000000000     
   45.500000000000000       -2.5799368676991717E-016   0.0000000000000000     
   45.600000000000001        1.4802414132118240E-016   0.0000000000000000     
   45.700000000000003        1.5841696685145324E-016   0.0000000000000000     
   45.800000000000004       -2.4272755476088694E-016   0.0000000000000000     
   45.900000000000006        3.3221227313818160E-015   0.0000000000000000     
   46.000000000000000       -1.0983618108429328E-015   0.0000000000000000     
   46.100000000000001        1.3767749722722239E-015   0.0000000000000000     
   46.200000000000003       -3.2834583021398287E-016   0.0000000000000000     
   46.300000000000004        2.0152043508052856E-016   0.0000000000000000     
   46.400000000000006       -1.7135410508031482E-015   0.0000000000000000     
   46.500000000000000        3.9081845920673709E-016   0.0000000000000000     
   46.600000000000001        4.1781550360103756E-015   0.0000000000000000     
   46.700000000000003       -4.4633662046974339E-016   0.0000000000000000     
   46.800000000000004        1.8951721009593217E-016   0.0000000000000000     
   46.900000000000006       -3.2426827522198593E-015   0.0000000000000000     
   47.000000000000000        3.1221283639437243E-015   0.0000000000000000     
   47.100000000000001       -2.3086981990271015E-015   0.0000000000000000     
   47.200000000000003       -2.6356641045606557E-015   0.0000000000000000     
   47.300000000000004       -2.7107050163425568E-015   0.0000000000000000     
   47.400000000000006        3.6551470793637245E-016   0.0000000000000000     
   47.500000000000000       -3.4441906922737154E-016   0.0000000000000000     
   47.600000000000001       -1.4832809822750160E-015   0.0000000000000000     
   47.700000000000003        3.9327981814286838E-015   0.0000000000000000     
   47.800000000000004        2.8806296463311200E-015   0.0000000000000000     
   47.900000000000006        2.1845697739578997E-015   0.0000000000000000     
   48.000000000000000       -2.3535319433596594E-015   0.0000000000000000     
   48.100000000000001        4.7070441284847124E-017   0.0000000000000000     
   48.200000000000003       -1.0797551543527857E-015   0.0000000000000000     
   48.300000000000004       -1.9967945345087505E-015   0.0000000000000000     
   48.400000000000006       -2.7070573950333530E-015   0.0000000000000000     
   48.500000000000000       -2.7762756584945724E-015   0.0000000000000000     
   48.600000000000001        2.8556025993171573E-015   0.0000000000000000     
   48.700000000000003       -8.6988516597808330E-016   0.0000000000000000     
   48.800000000000004        2.3121103195111527E-015   0.0000000000000000     
   48.900000000000006       -2.0195990097560220E-015   0.0000000000000000     
   49.000000000000000        6.3742258059340833E-016   0.0000000000000000     
   49.100000000000001       -2.0962700289401538E-016   0.0000000000000000     
   49.200000000000003       -2.3677910803563809E-015   0.0000000000000000     
   49.300000000000004        3.5422301929726822E-015   0.0000000000000000     
   49.400000000000006       -2.3685179862503824E-015   0.0000000000000000     
   49.500000000000000        2.5958546090154209E-015   0.0000000000000000     
   49.600000000000001       -1.8311577672958731E-015   0.0000000000000000     
   49.700000000000003        3.4993352433657187E-015   0.0000000000000000     
   49.800000000000004       -2.9159893734012328E-016   0.0000000000000000     
   49.900000000000006        5.0654071924799070E-054   0.0000000000000000     
