   0.0000000000000000        1.3813896453495852E-004   0.0000000000000000     
  0.10000000000000001        1.5679801360903167E-004  -4.7967649704602300E-008
  0.20000000000000001        1.8472326260782207E-004   1.2262959483665297E-007
  0.30000000000000004        1.9593855285235476E-004  -1.7387920912887131E-007
  0.40000000000000002        2.5418012254689820E-004   8.3641131841246944E-008
  0.50000000000000000        2.8488808446329098E-004  -1.4414816422064024E-007
  0.60000000000000009        3.6844281427105913E-004   3.6247161746385675E-008
  0.70000000000000007        4.2961970283846051E-004  -1.1706058073322640E-007
  0.80000000000000004        5.3479606142808650E-004  -3.9010114870939666E-009
  0.90000000000000002        6.3438017124795151E-004  -1.0834727096861907E-007
   1.0000000000000000        7.7402207506689364E-004  -4.1434070289187863E-008
   1.1000000000000001        9.2281107578609154E-004  -1.1546078949359521E-007
   1.2000000000000002        1.1127811564354822E-003  -8.0983079629580373E-008
   1.3000000000000000        1.3261253511435841E-003  -1.3753133924230439E-007
   1.4000000000000001        1.5863454751977280E-003  -1.2682639379852186E-007
   1.5000000000000000        1.8850046332414690E-003  -1.7515903788112109E-007
   1.6000000000000001        2.2406689740650139E-003  -1.8320721195858854E-007
   1.7000000000000002        2.6518530368019825E-003  -2.3020918713857791E-007
   1.8000000000000000        3.1347465007729100E-003  -2.5458479611457669E-007
   1.9000000000000001        3.6933189063024507E-003  -3.0567601278420513E-007
   2.0000000000000000        4.3432258947456526E-003  -3.4582404491867226E-007
   2.1000000000000001        5.0930294213922369E-003  -4.0558891163236879E-007
   2.2000000000000002        5.9591979080705106E-003  -4.6232741818403240E-007
   2.3000000000000003        6.9544443042564973E-003  -5.3493609998063454E-007
   2.4000000000000004        8.0970466963505988E-003  -6.1010870362719275E-007
   2.5000000000000000        9.4036893072917422E-003  -6.9958342532216777E-007
   2.6000000000000001        1.0895195583236678E-002  -7.9580512812981737E-007
   2.7000000000000002        1.2592179786789549E-002  -9.0616799664196548E-007
   2.8000000000000003        1.4518531361978592E-002  -1.0266220524639142E-006
   2.9000000000000004        1.6698792627589769E-002  -1.1619487931530895E-006
   3.0000000000000000        1.9160239314611933E-002  -1.3102035917746722E-006
   3.1000000000000001        2.1931295499246897E-002  -1.4745991513236943E-006
   3.2000000000000002        2.5042735451192379E-002  -1.6544228478169611E-006
   3.3000000000000003        2.8526701536869880E-002  -1.8519294463300901E-006
   3.4000000000000004        3.2417348361530159E-002  -2.0670871067838363E-006
   3.5000000000000000        3.6750191650521895E-002  -2.3015323134532449E-006
   3.6000000000000001        4.1562387456040774E-002  -2.5555561762972162E-006
   3.7000000000000002        4.6892242881904994E-002  -2.8303473873570971E-006
   3.8000000000000003        5.2779244379016044E-002  -3.1262757858330321E-006
   3.9000000000000004        5.9263626503275296E-002  -3.4441475665344754E-006
   4.0000000000000000        6.6386216592871250E-002  -3.7842323193113881E-006
   4.1000000000000005        7.4187999870080956E-002  -4.1469539788463638E-006
   4.2000000000000002        8.2709821694486971E-002  -4.5323397154424798E-006
   4.2999999999999998        9.1991915436223093E-002  -4.9403918246254823E-006
   4.4000000000000004       0.10207349063523199       -5.3707738005164649E-006
   4.5000000000000000       0.11299220992686167       -5.8230038397159258E-006
   4.6000000000000005       0.12478368697035093       -6.2962733421035670E-006
   4.7000000000000002       0.13748091372075608       -6.7895421048977865E-006
   4.8000000000000007       0.15111369267959146       -7.3014306360772348E-006
   4.9000000000000004       0.16570802785829511       -7.8302623795155663E-006
   5.0000000000000000       0.18128551948141242       -8.3739976091501627E-006
   5.1000000000000005       0.19786274193328560       -8.9302483623474380E-006
   5.2000000000000002       0.21545063381912127       -9.4962366576657274E-006
   5.3000000000000007       0.23405389422645770       -1.0068796857827516E-005
   5.4000000000000004       0.25367040568223270       -1.0644349442215915E-005
   5.5000000000000000       0.27429068599147227       -1.1218899573886544E-005
   5.6000000000000005       0.29589738501783308       -1.1788022534095239E-005
   5.7000000000000002       0.31846483277939996       -1.2346864209712991E-005
   5.8000000000000007       0.34195865222877425       -1.2890137225481616E-005
   5.9000000000000004       0.36633544474599006       -1.3412127699735109E-005
   6.0000000000000000       0.39154255952805428       -1.3906703040104520E-005
   6.1000000000000005       0.41751795477313464       -1.4367328956024628E-005
   6.2000000000000002       0.44419015950095198       -1.4787091332141456E-005
   6.3000000000000007       0.47147834242645198       -1.5158727721975673E-005
   6.4000000000000004       0.49929249392453440       -1.5474666908208702E-005
   6.5000000000000000       0.52753372497708362       -1.5727079613861162E-005
   6.6000000000000005       0.55609468580565924       -1.5907940294638954E-005
   6.7000000000000002       0.58486010478248152       -1.6009102236226414E-005
   6.8000000000000007       0.61370744654810261       -1.6022386556386391E-005
   6.9000000000000004       0.64250768613985720       -1.5939686708397992E-005
   7.0000000000000000       0.67112619404282836       -1.5753089088791306E-005
   7.1000000000000005       0.69942372499538108       -1.5455010518973479E-005
   7.2000000000000002       0.72725750147138413       -1.5038352477843248E-005
   7.3000000000000007       0.75448238084166253       -1.4496671467849685E-005
   7.4000000000000004       0.78095209348033423       -1.3824363787941423E-005
   7.5000000000000000       0.80652053746304719       -1.3016861895720214E-005
   7.6000000000000005       0.83104311411322940       -1.2070838085776948E-005
   7.7000000000000002       0.85437808747712241       -1.0984409660452754E-005
   7.8000000000000007       0.87638794991302460       -9.7573380995340331E-006
   7.9000000000000004       0.89694077537174244       -8.3912131039934290E-006
   8.0000000000000000       0.91591154165989219       -6.8896110016752535E-006
   8.0999999999999996       0.93318340302308911       -5.2582160159485719E-006
   8.2000000000000011       0.94864889477622272       -3.5048926451605924E-006
   8.3000000000000007       0.96221105244157745       -1.6396980153899751E-006
   8.4000000000000004       0.97378442892549200        3.2517514712015118E-007
   8.5000000000000000       0.98329599465610140        2.3755313520528275E-006
   8.5999999999999996       0.99068590729143602        4.4953832973882368E-006
   8.7000000000000011       0.99590813955973534        6.6672382848501448E-006
   8.8000000000000007       0.99893095596919335        8.8724519718032038E-006
   8.9000000000000004       0.99973723148057458        1.1091636024011389E-005
   9.0000000000000000       0.99832460771956499        1.3305101653373252E-005
   9.0999999999999996       0.99470548486705590        1.5493317863637686E-005
   9.2000000000000011       0.98890684994670874        1.7637361867345551E-005
   9.3000000000000007       0.98096994477993826        1.9719339836797604E-005
   9.4000000000000004       0.97094977934356452        2.1722758766774915E-005
   9.5000000000000000       0.95891449859897038        2.3632834414941120E-005
   9.6000000000000014       0.94494461301722699        2.5436725457860402E-005
   9.7000000000000011       0.92913210496459830        2.7123689509014935E-005
   9.8000000000000007       0.91157942480340792        2.8685161869776823E-005
   9.9000000000000004       0.89239839197727100        3.0114762330536140E-005
   10.000000000000000       0.87170901746803753        3.1408238694138167E-005
   10.100000000000001       0.84963826481906768        3.2563357845431753E-005
   10.200000000000001       0.82631876741086563        3.3579756164407902E-005
   10.300000000000001       0.80188751984870932        3.4458761068548184E-005
   10.400000000000000       0.77648456118526643        3.5203194664983401E-005
   10.500000000000000       0.75025166726566928        3.5817169191991735E-005
   10.600000000000001       0.72333106876697184        3.6305882312186629E-005
   10.700000000000001       0.69586421053130587        3.6675418640325202E-005
   10.800000000000001       0.66799056658965406        3.6932562237344055E-005
   10.900000000000000       0.63984652387368490        3.7084623330774731E-005
   11.000000000000000       0.61156434604931342        3.7139281239363501E-005
   11.100000000000001       0.58327122721597646        3.7104444449255830E-005
   11.200000000000001       0.55508844343555019        3.6988127971981609E-005
   11.300000000000001       0.52713060822438540        3.6798347520697422E-005
   11.400000000000000       0.49950503629635146        3.6543029621234941E-005
   11.500000000000000       0.47231121802116405        3.6229936510016022E-005
   11.600000000000001       0.44564040529321297        3.5866604524377617E-005
   11.700000000000001       0.41957530782253294        3.5460294634497040E-005
   11.800000000000001       0.39418989728829756        3.5017953777556039E-005
   11.900000000000000       0.36954931535962571        3.4546185707317387E-005
   12.000000000000000       0.34570988030727806        3.4051230158458403E-005
   12.100000000000001       0.32271918581766079        3.3538949220624245E-005
   12.200000000000001       0.30061628468752172        3.3014819924215944E-005
   12.300000000000001       0.27943194932942683        3.2483932142791063E-005
   12.400000000000000       0.25918900045594623        3.1950991015289190E-005
   12.500000000000000       0.23990269493216504        3.1420323183298463E-005
   12.600000000000001       0.22158116358504779        3.0895886217272223E-005
   12.700000000000001       0.20422588972529451        3.0381280678834774E-005
   12.800000000000001       0.18783221926034985        2.9879764324140322E-005
   12.900000000000000       0.17238989354146506        2.9394268007097411E-005
   13.000000000000000       0.15788359647725572        2.8927412881013927E-005
   13.100000000000001       0.14429350794335241        2.8481528534707815E-005
   13.200000000000001       0.13159585610419811        2.8058671725639895E-005
   13.300000000000001       0.11976346192052068        2.7660645398268672E-005
   13.400000000000000       0.10876626982572719        2.7289017694139430E-005
   13.500000000000000        9.8571859299058873E-002   2.6945140679075052E-005
   13.600000000000001        8.9145932825585167E-002   2.6630168527445214E-005
   13.700000000000001        8.0452776497397141E-002   2.6345074920675505E-005
   13.800000000000001        7.2455690262593964E-002   2.6090669431618201E-005
   13.900000000000000        6.5117385555950660E-002   2.5867612686238937E-005
   14.000000000000000        5.8400348737018465E-002   2.5676430111414312E-005
   14.100000000000001        5.2267169408282292E-002   2.5517524103153095E-005
   14.200000000000001        4.6680833281311229E-002   2.5391184471816699E-005
   14.300000000000001        4.1604979796590565E-002   2.5297597053770680E-005
   14.400000000000000        3.7004125179570468E-002   2.5236850407539605E-005
   14.500000000000000        3.2843852029416372E-002   2.5208940552282166E-005
   14.600000000000001        2.9090966886993717E-002   2.5213773741962673E-005
   14.700000000000001        2.5713627516431962E-002   2.5251167313203385E-005
   14.800000000000001        2.2681441860873359E-002   2.5320848686285716E-005
   14.900000000000000        1.9965540802229127E-002   2.5422452644984118E-005
   15.000000000000000        1.7538626969145800E-002   2.5555517065296380E-005
   15.100000000000001        1.5375001902692871E-002   2.5719477307198186E-005
   15.200000000000001        1.3450573909255652E-002   2.5913659525794391E-005
   15.300000000000001        1.1742848910906302E-002   2.6137273195461656E-005
   15.400000000000000        1.0230906549504129E-002   2.6389403175021276E-005
   15.500000000000000        8.8953637181319115E-003   2.6669001666848742E-005
   15.600000000000001        7.7183275866406073E-003   2.6974880443661191E-005
   15.700000000000001        6.6833400627328071E-003   2.7305703723982306E-005
   15.800000000000001        5.7753154904221062E-003   2.7659982079250595E-005
   15.900000000000000        4.9804732382994722E-003   2.8036067741529472E-005
   16.000000000000000        4.2862666751734948E-003   2.8432151659830183E-005
   16.100000000000001        3.6813098732663865E-003   2.8846262616541663E-005
   16.199999999999999        3.1553032227818788E-003   2.9276268671140652E-005
   16.300000000000001        2.6989589888136993E-003   2.9719881140198005E-005
   16.400000000000002        2.3039276943845272E-003   3.0174661258708322E-005
   16.500000000000000        1.9627260737942122E-003   3.0638029592810109E-005
   16.600000000000001        1.6686672094175499E-003   3.1107278197631007E-005
   16.699999999999999        1.4157933443748095E-003   3.1579585430356736E-005
   16.800000000000001        1.1988117527125879E-003   3.2052033250876977E-005
   16.900000000000002        1.0130339491589650E-003   3.2521626761230415E-005
   17.000000000000000        8.5431843173203756E-004   3.2985315667369485E-005
   17.100000000000001        7.1901707242681754E-004   3.3440017281074295E-005
   17.199999999999999        6.0392520368678180E-004   3.3882640633113444E-005
   17.300000000000001        5.0623539075935278E-004   3.4310111229152789E-005
   17.400000000000002        4.2349483184806635E-004   3.4719395962845809E-005
   17.500000000000000        3.5356628840809394E-004   3.5107527693387658E-005
   17.600000000000001        2.9459241651458361E-004   3.5471629010874426E-005
   17.699999999999999        2.4496334569017403E-004   3.5808934739082991E-005
   17.800000000000001        2.0328733389727286E-004   3.6116812771432891E-005
   17.900000000000002        1.6836431484183731E-004   3.6392782890466580E-005
   18.000000000000000        1.3916214666326871E-004   3.6634533288730438E-005
   18.100000000000001        1.1479536759458548E-004   3.6839934581358420E-005
   18.199999999999999        9.4506264723522162E-005   3.7007051177242748E-005
   18.300000000000001        7.7648065125947074E-005   3.7134149952275471E-005
   18.400000000000002        6.3670064152107107E-005   3.7219706241109618E-005
   18.500000000000000        5.2104513114142817E-005   3.7262407230987108E-005
   18.600000000000001        4.2555097280644039E-005   3.7261152899802141E-005
   18.699999999999999        3.4686844879431620E-005   3.7215054688569857E-005
   18.800000000000001        2.8217318034774237E-005   3.7123432135903264E-005
   18.900000000000002        2.2908947395264674E-005   3.6985807726675684E-005
   19.000000000000000        1.8562382823866343E-005   3.6801900222056583E-005
   19.100000000000001        1.5010743336416060E-005   3.6571616740236795E-005
   19.200000000000003        1.2114659705647594E-005   3.6295043853174026E-005
   19.300000000000001        9.7580133363953311E-006   3.5972437949474924E-005
   19.400000000000002        7.8442843983881757E-006   3.5604215096942150E-005
   19.500000000000000        6.2934312210860122E-006   3.5190940612872618E-005
   19.600000000000001        5.0392313658428301E-006   3.4733318527533506E-005
   19.700000000000003        4.0270224790904560E-006   3.4232181097763996E-005
   19.800000000000001        3.2117882813360807E-006   3.3688478504233727E-005
   19.900000000000002        2.5565413672752779E-006   3.3103268839553739E-005
   20.000000000000000        2.0309606471445777E-006   3.2477708473442003E-005
   20.100000000000001        1.6102464306244025E-006   3.1813042859789321E-005
   20.200000000000003        1.2741609508116895E-006   3.1110597833547368E-005
   20.300000000000001        1.0062264777081625E-006   3.0371771428872307E-005
   20.400000000000002        7.9305691321053391E-007   2.9598026237865572E-005
   20.500000000000000        6.2380210504858631E-007   2.8790882316897560E-005
   20.600000000000001        4.8968703951172441E-007   2.7951910639388637E-005
   20.700000000000003        3.8363078270446458E-007   2.7082727084886418E-005
   20.800000000000001        2.9993208122505088E-007   2.6184986949743369E-005
   20.900000000000002        2.3401069844639545E-007   2.5260379957602418E-005
   21.000000000000000        1.8219510388787457E-007   2.4310625746503285E-005
   21.100000000000001        1.4154864376280634E-007   2.3337469803812810E-005
   21.200000000000003        1.0972760411303219E-007   2.2342679820781385E-005
   21.300000000000001        8.4865577564422431E-008   2.1328042434511759E-005
   21.400000000000002        6.5479488033638322E-008   2.0295360326762742E-005
   21.500000000000000        5.0393415907300205E-008   1.9246449646128340E-005
   21.600000000000001        3.8677013306622311E-008   1.8183137722558457E-005
   21.700000000000003        2.9595801454741568E-008   1.7107261040909189E-005
   21.800000000000001        2.2571186004816104E-008   1.6020663442882075E-005
   21.900000000000002        1.7148341055390977E-008   1.4925194524984616E-005
   22.000000000000000        1.2970519656562081E-008   1.3822708202662286E-005
   22.100000000000001        9.7584830716199979E-009   1.2715061409464114E-005
   22.200000000000003        7.2941325036219798E-009   1.1604112902099861E-005
   22.300000000000001        5.4074896533590413E-009   1.0491722141499178E-005
   22.400000000000002        3.9663505777603640E-009   9.3797482214605255E-006
   22.500000000000000        2.8681231340173816E-009   8.2700488157348749E-006
   22.600000000000001        2.0333430088705621E-009   7.1644791159549622E-006
   22.700000000000003        1.4006024232065848E-009   6.0648907314971496E-006
   22.800000000000001        9.2254987537843187E-010   4.9731305243727157E-006
   22.900000000000002        5.6273395567835512E-010   3.8910393503139201E-006
   23.000000000000000        2.9316451141054827E-010   2.8204506793467468E-006
   23.100000000000001        9.2386819150444943E-011   1.7631890673339963E-006
   23.200000000000003       -5.6000368295380497E-011   7.2106845170730923E-007
   23.300000000000001       -1.6453101584814628E-010  -3.0410975670853883E-007
   23.400000000000002       -2.4273990785573681E-010  -1.3105588124641809E-006
   23.500000000000000       -2.9788682786497610E-010  -2.2965090320030380E-006
   23.600000000000001       -3.3546951249611146E-010  -3.2602104741554189E-006
   23.700000000000003       -3.5967016239789770E-010  -4.1999359299876942E-006
   23.800000000000001       -3.7363673176684794E-010  -5.1139842468087609E-006
   23.900000000000002       -3.7975165523416479E-010  -6.0006840086630993E-006
   24.000000000000000       -3.7982364063091156E-010  -6.8583975951929830E-006
   24.100000000000001       -3.7519705785378828E-010  -7.6855256365542990E-006
   24.200000000000003       -3.6690755840331701E-010  -8.4805118806771870E-006
   24.300000000000001       -3.5572374549850052E-010  -9.2418484841436122E-006
   24.400000000000002       -3.4223200890142890E-010  -9.9680817340512255E-006
   24.500000000000000       -3.2688638426412645E-010  -1.0657818202726967E-005
   24.600000000000001       -3.1002240278974460E-010  -1.1309731330578878E-005
   24.700000000000003       -2.9191554643135800E-010  -1.1922568425235540E-005
   24.800000000000001       -2.7277413447718452E-010  -1.2495158056765299E-005
   24.900000000000002       -2.5276924059972572E-010  -1.3026417818822377E-005
   25.000000000000000       -2.3204803322244896E-010  -1.3515362415827449E-005
   25.100000000000001       -2.1072735152306252E-010  -1.3961112023649809E-005
   25.200000000000003       -1.8892262613118685E-010  -1.4362900859708139E-005
   25.300000000000001       -1.6672793194408603E-010  -1.4720085884151986E-005
   25.400000000000002       -1.4424162922030204E-010  -1.5032155540213790E-005
   25.500000000000000       -1.2155679464629313E-010  -1.5298738427132244E-005
   25.600000000000001       -9.8756823449421752E-011  -1.5519611784275713E-005
   25.700000000000003       -7.5942184448857105E-011  -1.5694709650957805E-005
   25.800000000000001       -5.3197028453784309E-011  -1.5824130552568230E-005
   25.900000000000002       -3.0617023146688785E-011  -1.5908144550967324E-005
   26.000000000000000       -8.2971271002008213E-012  -1.5947199486960491E-005
   26.100000000000001        1.3669803764596328E-011  -1.5941926233351131E-005
   26.200000000000003        3.5182913452657991E-011  -1.5893142772963670E-005
   26.300000000000001        5.6151253415291772E-011  -1.5801856913279087E-005
   26.400000000000002        7.6472617862698417E-011  -1.5669267453208227E-005
   26.500000000000000        9.6054369061004805E-011  -1.5496763624592814E-005
   26.600000000000001        1.1480285244452782E-010  -1.5285922644931657E-005
   26.700000000000003        1.3262604071448356E-010  -1.5038505237034903E-005
   26.800000000000001        1.4943821281486938E-010  -1.4756448997041911E-005
   26.900000000000002        1.6515635659766109E-010  -1.4441859524309043E-005
   27.000000000000000        1.7970781951019826E-010  -1.4096999264932856E-005
   27.100000000000001        1.9302092805473388E-010  -1.3724274064618938E-005
   27.200000000000003        2.0503689768951991E-010  -1.3326217475892984E-005
   27.300000000000001        2.1570923574514609E-010  -1.2905472917436134E-005
   27.400000000000002        2.2499225123396220E-010  -1.2464773839591694E-005
   27.500000000000000        2.3285977737376071E-010  -1.2006922106554783E-005
   27.600000000000001        2.3929814269427323E-010  -1.1534764862180559E-005
   27.700000000000003        2.4429841354931561E-010  -1.1051170199485747E-005
   27.800000000000001        2.4787043530449466E-010  -1.0559002002197406E-005
   27.900000000000002        2.5003751610173162E-010  -1.0061094367593949E-005
   28.000000000000000        2.5083192197048905E-010  -9.5602260517620291E-006
   28.100000000000001        2.5029996866609669E-010  -9.0590953984704114E-006
   28.200000000000003        2.4849956802096534E-010  -8.5602962206897562E-006
   28.300000000000001        2.4550206987083016E-010  -8.0662950970905678E-006
   28.400000000000002        2.4138358976039226E-010  -7.5794105249773230E-006
   28.500000000000000        2.3623328902136514E-010  -7.1017943353657605E-006
   28.600000000000001        2.3014577017827345E-010  -6.6354157263849313E-006
   28.700000000000003        2.2322207422765603E-010  -6.1820482092332205E-006
   28.800000000000001        2.1556731846636154E-010  -5.7432596881429775E-006
   28.900000000000002        2.0728716056337406E-010  -5.3204058155733968E-006
   29.000000000000000        1.9849193949850957E-010  -4.9146266782340436E-006
   29.100000000000001        1.8928843891759369E-010  -4.5268467829067743E-006
   29.200000000000003        1.7978079359543416E-010  -4.1577782260081745E-006
   29.300000000000001        1.7007062006401790E-010  -3.8079268514664518E-006
   29.400000000000002        1.6025534430212914E-010  -3.4776011305757004E-006
   29.500000000000000        1.5042260187992543E-010  -3.1669234379539475E-006
   29.600000000000001        1.4065753703184700E-010  -2.8758433515577605E-006
   29.700000000000003        1.3103403088017143E-010  -2.6041525732879364E-006
   29.800000000000001        1.2161689575702237E-010  -2.3515010508970126E-006
   29.900000000000002        1.1247015656667811E-010  -2.1174138808667068E-006
   30.000000000000000        1.0363663532351937E-010  -1.9013085855745884E-006
   30.100000000000001        9.5158465168763428E-011  -1.7025123839366157E-006
   30.200000000000003        8.7074524581099916E-011  -1.5202791109661200E-006
   30.300000000000001        7.9400544315444974E-011  -1.3538054862865691E-006
   30.400000000000002        7.2157664926632210E-011  -1.2022464807526961E-006
   30.500000000000000        6.5358949964782911E-011  -1.0647295824404653E-006
   30.600000000000001        5.9003502588416385E-011  -9.4036781544863784E-007
   30.700000000000003        5.3092739924759955E-011  -8.2827141447559919E-007
   30.800000000000001        4.7620430722212455E-011  -7.2755810441993553E-007
   30.900000000000002        4.2575786439863941E-011  -6.3736197486601480E-007
   31.000000000000000        3.7945211194372765E-011  -5.5684097413886702E-007
   31.100000000000001        3.3712777357308711E-011  -4.8518307612050658E-007
   31.200000000000003        2.9859180988293061E-011  -4.2161119514656653E-007
   31.300000000000001        2.6364727385838870E-011  -3.6538694061996272E-007
   31.400000000000002        2.3209117180836326E-011  -3.1581331379884436E-007
   31.500000000000000        2.0368069731089105E-011  -2.7223645556845944E-007
   31.600000000000001        1.7821318644582775E-011  -2.3404655626968646E-007
   31.700000000000003        1.5547227823469886E-011  -2.0067803790345489E-007
   31.800000000000001        1.3522117938882187E-011  -1.7160911581351419E-007
   31.900000000000002        1.1725984986133377E-011  -1.4636084172410462E-007
   32.000000000000000        1.0138813453710912E-011  -1.2449572362664226E-007
   32.100000000000001        8.7411074392988337E-012  -1.0561601053656351E-007
   32.200000000000003        7.5135310553869923E-012  -8.9361722136183999E-008
   32.300000000000004        6.4392913902598244E-012  -7.5408495021888329E-008
   32.399999999999999        5.5036704729095413E-012  -6.3465308834998513E-008
   32.500000000000000        4.6900694172491643E-012  -5.3272147323477210E-008
   32.600000000000001        3.9843923523201216E-012  -4.4597641320884180E-008
   32.700000000000003        3.3759094699852385E-012  -3.7236733030688555E-008
   32.800000000000004        2.8527813077109270E-012  -3.1008393925347488E-008
   32.899999999999999        2.4026648862681578E-012  -2.5753422027923815E-008
   33.000000000000000        2.0177853642300933E-012  -2.1332338449101210E-008
   33.100000000000001        1.6910263409556543E-012  -1.7623397813296266E-008
   33.200000000000003        1.4123245056461345E-012  -1.4520722656920633E-008
   33.300000000000004        1.1756134337404520E-012  -1.1932567874413631E-008
   33.399999999999999        9.7674361668173222E-013  -9.7797179622538428E-009
   33.500000000000000        8.0931697256491144E-013  -7.9940170469319689E-009
   33.600000000000001        6.6800980047249631E-013  -6.5170293460232299E-009
   33.700000000000003        5.4975826236993592E-013  -5.2988259279100978E-009
   33.800000000000004        4.5193856285191089E-013  -4.2968922330841854E-009
   33.899999999999999        3.7036750389974606E-013  -3.4751497891679965E-009
   34.000000000000000        3.0174869097285156E-013  -2.8030848402260724E-009
   34.100000000000001        2.4568022835966706E-013  -2.2549761671701764E-009
   34.200000000000003        2.0037626936132544E-013  -1.8092141958707041E-009
   34.300000000000004        1.6172905117791346E-013  -1.4477034827602184E-009
   34.399999999999999        1.2995414231589087E-013  -1.1553407984113133E-009
   34.500000000000000        1.0566136591891861E-013  -9.1956130023915671E-010
   34.600000000000001        8.4667133680966328E-014  -7.2994569281141069E-010
   34.700000000000003        6.7136365834316064E-014  -5.7788162895437680E-010
   34.800000000000004        5.4079745847760419E-014  -4.5627309050089310E-010
   34.899999999999999        4.3167847334480915E-014  -3.5929203504614419E-010
   35.000000000000000        3.4256436624514214E-014  -2.8216698707239140E-010
   35.100000000000001        2.6636702313994261E-014  -2.2100381723692907E-010
   35.200000000000003        2.1328659156744930E-014  -1.7263441790497818E-010
   35.300000000000004        1.7491793267533365E-014  -1.3448940201218274E-010
   35.399999999999999        1.2508853303929802E-014  -1.0449147032868276E-010
   35.500000000000000        1.0206997358431859E-014  -8.0966383422763447E-011
   35.600000000000001        8.8852327461626103E-015  -6.2568927802339608E-011
   35.700000000000003        5.6365488549711907E-015  -4.8221618174835214E-011
   35.800000000000004        4.8043917327248562E-015  -3.7064055727121311E-011
   35.899999999999999        4.2698326132994002E-015  -2.8411299527229703E-011
   36.000000000000000        2.5496120104342392E-015  -2.1719773912237839E-011
   36.100000000000001        2.3498726982756194E-015  -1.6559393126169578E-011
   36.200000000000003        1.7259741681171049E-015  -1.2590913317076951E-011
   36.300000000000004        1.1892371929336243E-015  -9.5475670649656713E-012
   36.399999999999999        1.3666814914154242E-015  -7.2202062546167638E-012
   36.500000000000000        4.4364248460326695E-016  -5.4453642940564502E-012
   36.600000000000001        3.9740358699362501E-016  -4.0956607176276211E-012
   36.700000000000003        1.0617040140521991E-015  -3.0721273790749529E-012
   36.800000000000004        4.6299507457544533E-017  -2.2981135278756173E-012
   36.899999999999999       -2.7812941801294808E-016  -1.7144305130521137E-012
   37.000000000000000        9.0877359425288257E-016  -1.2755051105369462E-012
   37.100000000000001        2.3296906281774547E-016  -9.4636137626933188E-013
   37.200000000000003       -7.5228373278635314E-016  -7.0023857320353954E-013
   37.300000000000004        5.6322137457367024E-016  -5.1671076665940709E-013
   37.399999999999999        6.0511743940595493E-016  -3.8023957417934587E-013
   37.500000000000000       -7.5939508340649552E-016  -2.7904761763256497E-013
   37.600000000000001       -1.0291236279988886E-017  -2.0422362859906727E-013
   37.700000000000003        7.3961624614647272E-016  -1.4904933724733843E-013
   37.800000000000004       -2.3686121160320739E-016  -1.0848278315748402E-013
   37.899999999999999       -5.3548846485162151E-016  -7.8742607225118693E-014
   38.000000000000000        3.9080850033171454E-016  -5.6999481822416179E-014
   38.100000000000001        5.0471748391455836E-016  -4.1145677733246289E-014
   38.200000000000003       -6.3815749095549797E-016  -2.9618593251784426E-014
   38.300000000000004       -2.8832577139689193E-016  -2.1262355428914009E-014
   38.400000000000006        9.4030902040997739E-016  -1.5219413773699098E-014
   38.500000000000000       -2.6835603636834586E-016  -1.0863484692783162E-014
   38.600000000000001       -8.2790655943846791E-016  -7.7368772158872935E-015
   38.700000000000003        8.3767993819782552E-016  -5.4942374161146577E-015
   38.800000000000004        2.4329485406421338E-016  -3.8882739950890052E-015
   38.900000000000006       -9.2561211660139087E-016  -2.7460087027147947E-015
   39.000000000000000        3.6770694251958137E-016  -1.9333250151075978E-015
   39.100000000000001        5.4183910034735676E-016  -1.3551059447247950E-015
   39.200000000000003       -5.9143577224717242E-016  -9.4910872189729724E-016
   39.300000000000004       -6.8117676607327018E-017  -6.6420974035277657E-016
   39.400000000000006        4.4619807138706417E-016  -4.6236239328553640E-016
   39.500000000000000       -2.2248066621179048E-016  -3.2123521953438352E-016
   39.600000000000001       -1.3695615492363857E-016  -2.2286411058854441E-016
   39.700000000000003        2.7169385974970654E-016  -1.5252435880869634E-016
   39.800000000000004       -1.7794445617723959E-016  -1.0396959822221051E-016
   39.900000000000006       -5.2793635339997080E-017  -7.2417006356989838E-017
   40.000000000000000        2.8666847833147602E-016  -5.0076816272766407E-017
   40.100000000000001       -3.2936190210710619E-016  -3.4639240846668733E-017
   40.200000000000003        2.7084588173677886E-017  -2.4501228397563123E-017
   40.300000000000004        4.8319358312592407E-016  -1.4620445560868481E-017
   40.400000000000006       -5.9567552620100825E-016  -8.5525093223204446E-018
   40.500000000000000       -8.9283683665581981E-017  -7.9040431214910500E-018
   40.600000000000001        8.3405460850867421E-016  -5.3005288440353336E-018
   40.700000000000003       -5.7290606361073695E-016  -3.1808640469640359E-018
   40.800000000000004       -3.9488405384918459E-016  -3.7072074050902686E-018
   40.900000000000006        8.2573846743229312E-016  -7.7901712585883656E-019
   41.000000000000000       -3.2926292138996948E-016   9.6399865189636522E-019
   41.100000000000001       -4.1419371448373146E-016  -1.4509891739302164E-018
   41.200000000000003        6.5133127949759770E-016  -1.0167337126742020E-018
   41.300000000000004       -1.7513685882837380E-016   8.6107561946317972E-020
   41.400000000000006       -4.1786616705034497E-016  -8.3572741832297436E-019
   41.500000000000000        3.5344473585922386E-016  -7.2396511732499354E-020
   41.600000000000001        9.3169050344214789E-017   5.3081328814400636E-019
   41.700000000000003       -1.2678279366719561E-016   5.1312941204469876E-021
   41.800000000000004       -6.3183357873848367E-017   5.0175338289400265E-020
   41.900000000000006       -5.7288342055910376E-017  -4.1261393777438600E-019
   42.000000000000000        1.7943031739479628E-016  -2.4525184329293130E-019
   42.100000000000001       -2.4886381574557524E-017   3.5240924833692965E-019
   42.200000000000003       -9.5323192470595536E-017  -2.2827650093916797E-019
   42.300000000000004        1.5038089053117671E-016   1.3706606878537046E-019
   42.400000000000006       -1.9541297001054432E-016   4.0300412487737908E-019
   42.500000000000000       -6.6450884233861285E-017  -6.7784909818743140E-019
   42.600000000000001        3.6963300697784760E-016   1.2225613766450287E-020
   42.700000000000003       -1.3207596926761959E-016   8.0734500404105720E-019
   42.800000000000004       -2.2831267351488293E-016  -3.4567422198465191E-019
   42.900000000000006        1.5611422053253344E-016  -4.4386857328653518E-019
   43.000000000000000       -6.2732413449954346E-017  -3.4710320985674767E-020
   43.100000000000001        8.4051206766505615E-017  -2.3345933749727422E-019
   43.200000000000003        1.9993757820224212E-016   7.1336160609235201E-019
   43.300000000000004       -3.7324656642736781E-016   8.5419610161191410E-019
   43.400000000000006       -7.4806691242718203E-017  -7.4148148993145862E-019
   43.500000000000000        4.3498964911505821E-016  -9.2730683102794788E-019
   43.600000000000001       -1.6726128286765713E-016  -1.1722196677684438E-019
   43.700000000000003       -1.8236630804654398E-016   1.9840353381325476E-019
   43.800000000000004        3.0618048295986266E-016   1.0461424417283040E-018
   43.900000000000006       -2.4972056796790874E-016   8.7800760315776947E-019
   44.000000000000000       -2.1896006195799122E-016  -1.1279373805237832E-018
   44.100000000000001        6.1955654553013463E-016  -1.3143695247433844E-018
   44.200000000000003       -6.1114119798506417E-017   3.5447457894144984E-019
   44.300000000000004       -7.1051912385286107E-016   5.6692094600577660E-019
   44.400000000000006        3.6285077384257971E-016   4.6328632954740657E-019
   44.500000000000000        4.4968663363967202E-016   7.2577121701667929E-019
   44.600000000000001       -4.6776257895445486E-016  -6.3640513870209796E-019
   44.700000000000003        2.0284281194394002E-017  -1.2904142997983502E-018
   44.800000000000004        2.7477357996530651E-016   2.4216609316263637E-019
   44.900000000000006       -4.1139898443445805E-016   5.9880413112556632E-019
   45.000000000000000        7.9745705605863367E-017   1.4604824433856794E-019
   45.100000000000001        5.0649269098926706E-016   5.1793220555796379E-019
   45.200000000000003       -3.0760024259225222E-016  -1.6421297411508997E-019
   45.300000000000004       -3.3463350001403865E-016  -8.0767508361682776E-019
   45.400000000000006        2.2729739472988135E-016  -3.9706685377494121E-020
   45.500000000000000        1.1481299072983332E-016   1.9429449873796247E-020
   45.600000000000001        5.9861177682101044E-017   1.3353283892703505E-019
   45.700000000000003       -2.4358425165393089E-017   8.5131726835864418E-019
   45.800000000000004       -2.7211239875745351E-016  -5.6104873775806825E-020
   45.900000000000006        4.9305087930730679E-017  -7.4714021971206115E-019
   46.000000000000000        2.2192675892119382E-016   4.9799227902369820E-020
   46.100000000000001       -6.5714747228716880E-017  -2.4956132649436243E-019
   46.200000000000003        2.6191730737988042E-017  -2.8725129221502758E-019
   46.300000000000004        2.0775424642879439E-017   1.0549736435877440E-018
   46.400000000000006       -2.5563375209264696E-016   5.8400028317729200E-019
   46.500000000000000        1.6722573493864752E-017  -8.1974333552672753E-019
   46.600000000000001        3.1330947289827596E-016  -5.6112792146983130E-019
   46.700000000000003        2.1036028536299358E-017  -1.7428036946559271E-019
   46.800000000000004       -2.1324570557150771E-016   8.2388114971947967E-020
   46.900000000000006       -8.2078979271916014E-017   8.8557119007883834E-019
   47.000000000000000        6.8193097036067735E-017   5.3891330284335512E-019
   47.100000000000001        3.7972925114407407E-017  -6.2884671389922356E-019
   47.200000000000003        2.8235118960232221E-017  -8.2235797203205109E-019
   47.300000000000004        1.6206756389683702E-016  -2.9377239727241293E-019
   47.400000000000006       -4.8681663861880462E-017   6.0555396118381893E-019
   47.500000000000000       -4.1001814818098412E-016   9.9932487535590197E-019
   47.600000000000001        1.3247026705375223E-017  -2.0511629992379470E-019
   47.700000000000003        5.2394287965282968E-016  -9.0049497723328253E-019
   47.800000000000004        2.9336226414645416E-017   6.5831610896954240E-020
   47.900000000000006       -4.0663076682002514E-016   1.4646575522327759E-019
   48.000000000000000       -1.0112311714338142E-017  -2.6809727027273768E-019
   48.100000000000001        1.1993371071183505E-016   6.6041074593247064E-019
   48.200000000000003       -1.1907844819302235E-016   4.3163533311332134E-019
   48.300000000000004        1.7982683225823172E-016  -1.0253211993385171E-018
   48.400000000000006        3.1452516420538686E-016  -1.3773531898451047E-019
   48.500000000000000       -3.6421937664060043E-016   8.4775823395242658E-019
   48.600000000000001       -4.2314561492442933E-016  -5.6964874619071426E-019
   48.700000000000003        4.0229920556561445E-016  -3.2368895971497229E-019
   48.800000000000004        2.8591232286771728E-016   1.1488824006424343E-018
   48.900000000000006       -3.4255608442384228E-016  -2.7180348813794315E-019
   49.000000000000000        9.8781775194855399E-017  -1.0622971867010875E-018
   49.100000000000001        2.5197194968984427E-016   6.9700072402190188E-019
   49.200000000000003       -5.1295377536645714E-016   3.2142406399328156E-019
   49.300000000000004       -1.7003317107704766E-016  -7.7724760990181717E-019
   49.400000000000006        6.5832309125050502E-016   4.8076891368431732E-019
   49.500000000000000        9.7759018895967483E-017   4.7524654105979634E-019
   49.600000000000001       -4.2256093184994443E-016  -6.9390673394408308E-019
   49.700000000000003       -7.5620393319535170E-017  -4.1551811563439576E-020
   49.800000000000004        8.0686195415377525E-017   4.8100303774561165E-019
   49.900000000000006        5.0654071924799070E-054   2.0073965686454539E-019
