   0.0000000000000000        3.2727597228511583E-015   0.0000000000000000     
  0.10000000000000001        3.4762664640813997E-015   0.0000000000000000     
  0.20000000000000001        1.6764889791880662E-015   0.0000000000000000     
  0.30000000000000004       -9.8349477248190063E-016   0.0000000000000000     
  0.40000000000000002       -3.0798560371441108E-015   0.0000000000000000     
  0.50000000000000000       -1.5543425299372505E-015   0.0000000000000000     
  0.60000000000000009       -1.4139719973550111E-015   0.0000000000000000     
  0.70000000000000007        1.6712508608237914E-015   0.0000000000000000     
  0.80000000000000004        4.0864478834870204E-015   0.0000000000000000     
  0.90000000000000002       -1.2769130617960638E-015   0.0000000000000000     
   1.0000000000000000       -1.1696845549529098E-015   0.0000000000000000     
   1.1000000000000001        1.3920764291167355E-015   0.0000000000000000     
   1.2000000000000002       -1.6203599460047200E-015   0.0000000000000000     
   1.3000000000000000       -8.5411237984190178E-016   0.0000000000000000     
   1.4000000000000001        1.0435325659226812E-015   0.0000000000000000     
   1.5000000000000000        7.8491987285156056E-016   0.0000000000000000     
   1.6000000000000001        5.0487135637746317E-016   0.0000000000000000     
   1.7000000000000002       -2.0192842331351746E-015   0.0000000000000000     
   1.8000000000000000       -1.3265924927020441E-015   0.0000000000000000     
   1.9000000000000001        1.6965969332054061E-015   0.0000000000000000     
   2.0000000000000000        6.8244996882202377E-016   0.0000000000000000     
   2.1000000000000001        2.5593331936396876E-016   0.0000000000000000     
   2.2000000000000002        1.4048271914731014E-015   0.0000000000000000     
   2.3000000000000003        4.1433842201499644E-017   0.0000000000000000     
   2.4000000000000004       -2.1284232121047525E-015   0.0000000000000000     
   2.5000000000000000       -1.6598145938748804E-015   0.0000000000000000     
   2.6000000000000001       -2.1325859207185338E-016   0.0000000000000000     
   2.7000000000000002       -2.6580534224749911E-016   0.0000000000000000     
   2.8000000000000003        1.4222500603894941E-015   0.0000000000000000     
   2.9000000000000004        3.4160128710257100E-015   0.0000000000000000     
   3.0000000000000000        3.9952687232543457E-016   0.0000000000000000     
   3.1000000000000001       -2.6891995597501978E-015   0.0000000000000000     
   3.2000000000000002       -1.6859541958931147E-015   0.0000000000000000     
   3.3000000000000003        2.6692361772499959E-016   0.0000000000000000     
   3.4000000000000004        4.2490900961568187E-016   0.0000000000000000     
   3.5000000000000000       -2.2617976518853820E-016   0.0000000000000000     
   3.6000000000000001       -7.0640016980494070E-017   0.0000000000000000     
   3.7000000000000002        1.2175615129320569E-015   0.0000000000000000     
   3.8000000000000003        7.4569715960176644E-016   0.0000000000000000     
   3.9000000000000004       -9.1057658776285133E-016   0.0000000000000000     
   4.0000000000000000       -8.6192123917341605E-016   0.0000000000000000     
   4.1000000000000005        2.4512041102802733E-015   0.0000000000000000     
   4.2000000000000002       -3.4039738458263617E-016   0.0000000000000000     
   4.2999999999999998       -2.5846423205826094E-015   0.0000000000000000     
   4.4000000000000004       -3.7189732351989847E-016   0.0000000000000000     
   4.5000000000000000        1.2275977960727290E-015   0.0000000000000000     
   4.6000000000000005       -1.6823633246158494E-015   0.0000000000000000     
   4.7000000000000002        3.4066938286956692E-015   0.0000000000000000     
   4.8000000000000007       -3.5129416518156824E-016   0.0000000000000000     
   4.9000000000000004        4.1496203984293742E-016   0.0000000000000000     
   5.0000000000000000       -2.8458953852314826E-015   0.0000000000000000     
   5.1000000000000005        3.2790498077281393E-015   0.0000000000000000     
   5.2000000000000002       -4.2269975758533131E-015   0.0000000000000000     
   5.3000000000000007        4.4328447870284118E-015   0.0000000000000000     
   5.4000000000000004       -7.5038223130245204E-015   0.0000000000000000     
   5.5000000000000000        1.1308897694002840E-014   0.0000000000000000     
   5.6000000000000005       -1.0823590203498344E-014   0.0000000000000000     
   5.7000000000000002        1.1887866345020168E-014   0.0000000000000000     
   5.8000000000000007       -1.8343293730456677E-014   0.0000000000000000     
   5.9000000000000004        2.5977595963885690E-014   0.0000000000000000     
   6.0000000000000000       -3.0737380629207425E-014   0.0000000000000000     
   6.1000000000000005        3.8481760564303371E-014   0.0000000000000000     
   6.2000000000000002       -5.1410974923724219E-014   0.0000000000000000     
   6.3000000000000007        6.4637928394284593E-014   0.0000000000000000     
   6.4000000000000004       -8.1921227668389734E-014   0.0000000000000000     
   6.5000000000000000        1.0651217454552439E-013   0.0000000000000000     
   6.6000000000000005       -1.3628241247485922E-013   0.0000000000000000     
   6.7000000000000002        1.7275114734466464E-013   0.0000000000000000     
   6.8000000000000007       -2.2108678063851479E-013   0.0000000000000000     
   6.9000000000000004        2.8171176971351888E-013   0.0000000000000000     
   7.0000000000000000       -3.5938063446115042E-013   0.0000000000000000     
   7.1000000000000005        4.6155525276725023E-013   0.0000000000000000     
   7.2000000000000002       -5.8734301995346532E-013   0.0000000000000000     
   7.3000000000000007        7.4575724980681634E-013   0.0000000000000000     
   7.4000000000000004       -9.4845873764149379E-013   0.0000000000000000     
   7.5000000000000000        1.2064143773472407E-012   0.0000000000000000     
   7.6000000000000005       -1.5377159429082108E-012   0.0000000000000000     
   7.7000000000000002        1.9524186785213837E-012   0.0000000000000000     
   7.8000000000000007       -2.4766270496096003E-012   0.0000000000000000     
   7.9000000000000004        3.1440021095773745E-012   0.0000000000000000     
   8.0000000000000000       -3.9840866774087604E-012   0.0000000000000000     
   8.0999999999999996        5.0498689117900904E-012   0.0000000000000000     
   8.2000000000000011       -6.3924429527572740E-012   0.0000000000000000     
   8.3000000000000007        8.0825977283330167E-012   0.0000000000000000     
   8.4000000000000004       -1.0221209191066727E-011   0.0000000000000000     
   8.5000000000000000        1.2910689624418017E-011   0.0000000000000000     
   8.5999999999999996       -1.6294137971308708E-011   0.0000000000000000     
   8.7000000000000011        2.0548990461404051E-011   0.0000000000000000     
   8.8000000000000007       -2.5891866910491615E-011   0.0000000000000000     
   8.9000000000000004        3.2603345906908992E-011   0.0000000000000000     
   9.0000000000000000       -4.1013754041051376E-011   0.0000000000000000     
   9.0999999999999996        5.1551230585471482E-011   0.0000000000000000     
   9.2000000000000011       -6.4747478779965971E-011   0.0000000000000000     
   9.3000000000000007        8.1243053562407033E-011   0.0000000000000000     
   9.4000000000000004       -1.0185545459118526E-010   0.0000000000000000     
   9.5000000000000000        1.2758748026926884E-010   0.0000000000000000     
   9.6000000000000014       -1.5967037488431025E-010   0.0000000000000000     
   9.7000000000000011        1.9964025153820669E-010   0.0000000000000000     
   9.8000000000000007       -2.4938807634077877E-010   0.0000000000000000     
   9.9000000000000004        3.1124180155558806E-010   0.0000000000000000     
   10.000000000000000       -3.8806845378535571E-010   0.0000000000000000     
   10.100000000000001        4.8340047790102400E-010   0.0000000000000000     
   10.200000000000001       -6.0157243592264244E-010   0.0000000000000000     
   10.300000000000001        7.4789782908825136E-010   0.0000000000000000     
   10.400000000000000       -9.2890257787434319E-010   0.0000000000000000     
   10.500000000000000        1.1525678338077222E-009   0.0000000000000000     
   10.600000000000001       -1.4286515498329915E-009   0.0000000000000000     
   10.700000000000001        1.7690741972430973E-009   0.0000000000000000     
   10.800000000000001       -2.1883672344176997E-009   0.0000000000000000     
   10.900000000000000        2.7042413987839475E-009   0.0000000000000000     
   11.000000000000000       -3.3382415106481363E-009   0.0000000000000000     
   11.100000000000001        4.1165413735809183E-009   0.0000000000000000     
   11.200000000000001       -5.0709124843469939E-009   0.0000000000000000     
   11.300000000000001        6.2398511117705382E-009   0.0000000000000000     
   11.400000000000000       -7.6699598162529912E-009   0.0000000000000000     
   11.500000000000000        9.4175712499129146E-009   0.0000000000000000     
   11.600000000000001       -1.1550675548026847E-008   0.0000000000000000     
   11.700000000000001        1.4151256502192622E-008   0.0000000000000000     
   11.800000000000001       -1.7318005146413604E-008   0.0000000000000000     
   11.900000000000000        2.1169571255059751E-008   0.0000000000000000     
   12.000000000000000       -2.5848429212254785E-008   0.0000000000000000     
   12.100000000000001        3.1525371253528239E-008   0.0000000000000000     
   12.200000000000001       -3.8404889683510199E-008   0.0000000000000000     
   12.300000000000001        4.6731485436182054E-008   0.0000000000000000     
   12.400000000000000       -5.6797035034078005E-008   0.0000000000000000     
   12.500000000000000        6.8949518498049977E-008   0.0000000000000000     
   12.600000000000001       -8.3603167817319450E-008   0.0000000000000000     
   12.700000000000001        1.0125035581794831E-007   0.0000000000000000     
   12.800000000000001       -1.2247550584002255E-007   0.0000000000000000     
   12.900000000000000        1.4797121762741452E-007   0.0000000000000000     
   13.000000000000000       -1.7855709097205229E-007   0.0000000000000000     
   13.100000000000001        2.1520153475663545E-007   0.0000000000000000     
   13.200000000000001       -2.5904699882137552E-007   0.0000000000000000     
   13.300000000000001        3.1143920584446550E-007   0.0000000000000000     
   13.400000000000000       -3.7396081420139059E-007   0.0000000000000000     
   13.500000000000000        4.4847021114643491E-007   0.0000000000000000     
   13.600000000000001       -5.3714607566452918E-007   0.0000000000000000     
   13.700000000000001        6.4253844897678401E-007   0.0000000000000000     
   13.800000000000001       -7.6762722686428070E-007   0.0000000000000000     
   13.900000000000000        9.1588887725182648E-007   0.0000000000000000     
   14.000000000000000       -1.0913724723863185E-006   0.0000000000000000     
   14.100000000000001        1.2987861293894081E-006   0.0000000000000000     
   14.200000000000001       -1.5435949923293704E-006   0.0000000000000000     
   14.300000000000001        1.8321321360101738E-006   0.0000000000000000     
   14.400000000000000       -2.1717237154101736E-006   0.0000000000000000     
   14.500000000000000        2.5708298864854471E-006   0.0000000000000000     
   14.600000000000001       -3.0392030912733879E-006   0.0000000000000000     
   14.700000000000001        3.5880653482757728E-006   0.0000000000000000     
   14.800000000000001       -4.2303063818577320E-006   0.0000000000000000     
   14.900000000000000        4.9807043685999917E-006   0.0000000000000000     
   15.000000000000000       -5.8561712404767514E-006   0.0000000000000000     
   15.100000000000001        6.8760244837827667E-006   0.0000000000000000     
   15.200000000000001       -8.0622873817517220E-006   0.0000000000000000     
   15.300000000000001        9.4400197196032114E-006   0.0000000000000000     
   15.400000000000000       -1.1037680793676109E-005   0.0000000000000000     
   15.500000000000000        1.2887526636246082E-005   0.0000000000000000     
   15.600000000000001       -1.5026043178070387E-005   0.0000000000000000     
   15.700000000000001        1.7494416817766021E-005   0.0000000000000000     
   15.800000000000001       -2.0339043823001698E-005   0.0000000000000000     
   15.900000000000000        2.3612079475547644E-005   0.0000000000000000     
   16.000000000000000       -2.7372027606047600E-005   0.0000000000000000     
   16.100000000000001        3.1684370732519706E-005   0.0000000000000000     
   16.199999999999999       -3.6622240292401898E-005   0.0000000000000000     
   16.300000000000001        4.2267126014134525E-005   0.0000000000000000     
   16.400000000000002       -4.8709622543579205E-005   0.0000000000000000     
   16.500000000000000        5.6050210586897448E-005   0.0000000000000000     
   16.600000000000001       -6.4400068949282529E-005   0.0000000000000000     
   16.699999999999999        7.3881912501593105E-005   0.0000000000000000     
   16.800000000000001       -8.4630850045116078E-005   0.0000000000000000     
   16.900000000000002        9.6795254579286184E-005   0.0000000000000000     
   17.000000000000000       -1.1053763689182700E-004   0.0000000000000000     
   17.100000000000001        1.2603551190495114E-004   0.0000000000000000     
   17.199999999999999       -1.4348224529926460E-004   0.0000000000000000     
   17.300000000000001        1.6308786617013412E-004   0.0000000000000000     
   17.400000000000002       -1.8507982949042811E-004   0.0000000000000000     
   17.500000000000000        2.0970371010489155E-004   0.0000000000000000     
   17.600000000000001       -2.3722380801113603E-004   0.0000000000000000     
   17.699999999999999        2.6792364244079722E-004   0.0000000000000000     
   17.800000000000001       -3.0210631035750875E-004   0.0000000000000000     
   17.900000000000002        3.4009468295167968E-004   0.0000000000000000     
   18.000000000000000       -3.8223141172683965E-004   0.0000000000000000     
   18.100000000000001        4.2887871420544413E-004   0.0000000000000000     
   18.199999999999999       -4.8041790770842071E-004   0.0000000000000000     
   18.300000000000001        5.3724865848098745E-004   0.0000000000000000     
   18.400000000000002       -5.9978791256107928E-004   0.0000000000000000     
   18.500000000000000        6.6846847441350715E-004   0.0000000000000000     
   18.600000000000001       -7.4373719945167996E-004   0.0000000000000000     
   18.699999999999999        8.2605276715293512E-004   0.0000000000000000     
   18.800000000000001       -9.1588300296080319E-004   0.0000000000000000     
   18.900000000000002        1.0137017191118325E-003   0.0000000000000000     
   19.000000000000000       -1.1199850474599732E-003   0.0000000000000000     
   19.100000000000001        1.2352072412246482E-003   0.0000000000000000     
   19.200000000000003       -1.3598359271370015E-003   0.0000000000000000     
   19.300000000000001        1.4943267953379607E-003   0.0000000000000000     
   19.400000000000002       -1.6391177209968100E-003   0.0000000000000000     
   19.500000000000000        1.7946223194269411E-003   0.0000000000000000     
   19.600000000000001       -1.9612229454173233E-003   0.0000000000000000     
   19.700000000000003        2.1392631571462307E-003   0.0000000000000000     
   19.800000000000001       -2.3290396761196210E-003   0.0000000000000000     
   19.900000000000002        2.5307938862812272E-003   0.0000000000000000     
   20.000000000000000       -2.7447029279082501E-003   0.0000000000000000     
   20.100000000000001        2.9708704554260380E-003   0.0000000000000000     
   20.200000000000003       -3.2093171419335102E-003   0.0000000000000000     
   20.300000000000001        3.4599710273558772E-003   0.0000000000000000     
   20.400000000000002       -3.7226578215617352E-003   0.0000000000000000     
   20.500000000000000        3.9970912877370845E-003   0.0000000000000000     
   20.600000000000001       -4.2828638450077058E-003   0.0000000000000000     
   20.700000000000003        4.5794375423225059E-003   0.0000000000000000     
   20.800000000000001       -4.8861355672407047E-003   0.0000000000000000     
   20.900000000000002        5.2021344637718965E-003   0.0000000000000000     
   21.000000000000000       -5.5264572419732386E-003   0.0000000000000000     
   21.100000000000001        5.8579675681259121E-003   0.0000000000000000     
   21.200000000000003       -6.1953652283053698E-003   0.0000000000000000     
   21.300000000000001        6.5371830588713984E-003   0.0000000000000000     
   21.400000000000002       -6.8817855347870494E-003   0.0000000000000000     
   21.500000000000000        7.2273692007786342E-003   0.0000000000000000     
   21.600000000000001       -7.5719651202281911E-003   0.0000000000000000     
   21.700000000000003        7.9134435026150755E-003   0.0000000000000000     
   21.800000000000001       -8.2495206520829759E-003   0.0000000000000000     
   21.900000000000002        8.5777683568936426E-003   0.0000000000000000     
   22.000000000000000       -8.8956258126197518E-003   0.0000000000000000     
   22.100000000000001        9.2004141406538641E-003   0.0000000000000000     
   22.200000000000003       -9.4893535282611751E-003   0.0000000000000000     
   22.300000000000001        9.7595829774834060E-003   0.0000000000000000     
   22.400000000000002       -1.0008182607711181E-002   0.0000000000000000     
   22.500000000000000        1.0232198411638894E-002   0.0000000000000000     
   22.600000000000001       -1.0428669317077584E-002   0.0000000000000000     
   22.700000000000003        1.0594656358147037E-002   0.0000000000000000     
   22.800000000000001       -1.0727273710228151E-002   0.0000000000000000     
   22.900000000000002        1.0823721294001370E-002   0.0000000000000000     
   23.000000000000000       -1.0881318606128218E-002   0.0000000000000000     
   23.100000000000001        1.0897539389087354E-002   0.0000000000000000     
   23.200000000000003       -1.0870046710776946E-002   0.0000000000000000     
   23.300000000000001        1.0796727987348553E-002   0.0000000000000000     
   23.400000000000002       -1.0675729451292042E-002   0.0000000000000000     
   23.500000000000000        1.0505489542093027E-002   0.0000000000000000     
   23.600000000000001       -1.0284770679819878E-002   0.0000000000000000     
   23.700000000000003        1.0012688873516180E-002   0.0000000000000000     
   23.800000000000001       -9.6887406175214345E-003   0.0000000000000000     
   23.900000000000002        9.3128265397977202E-003   0.0000000000000000     
   24.000000000000000       -8.8852712878028928E-003   0.0000000000000000     
   24.100000000000001        8.4068391698141291E-003   0.0000000000000000     
   24.200000000000003       -7.8787451123238494E-003   0.0000000000000000     
   24.300000000000001        7.3026605475693968E-003   0.0000000000000000     
   24.400000000000002       -6.6807139086696478E-003   0.0000000000000000     
   24.500000000000000        6.0154854823850617E-003   0.0000000000000000     
   24.600000000000001       -5.3099964504869550E-003   0.0000000000000000     
   24.700000000000003        4.5676920388101399E-003   0.0000000000000000     
   24.800000000000001       -3.7924187866749609E-003   0.0000000000000000     
   24.900000000000002        2.9883960470479197E-003   0.0000000000000000     
   25.000000000000000       -2.1601819277665838E-003   0.0000000000000000     
   25.100000000000001        1.3126339841560641E-003   0.0000000000000000     
   25.200000000000003       -4.5086507170852464E-004   0.0000000000000000     
   25.300000000000001       -4.1980513809031027E-004   0.0000000000000000     
   25.400000000000002        1.2939023875068753E-003   0.0000000000000000     
   25.500000000000000       -2.1658531362483192E-003   0.0000000000000000     
   25.600000000000001        3.0300421973134049E-003   0.0000000000000000     
   25.700000000000003       -3.8808719049682442E-003   0.0000000000000000     
   25.800000000000001        4.7128219698342596E-003   0.0000000000000000     
   25.900000000000002       -5.5205091460973216E-003   0.0000000000000000     
   26.000000000000000        6.2987458215570434E-003   0.0000000000000000     
   26.100000000000001       -7.0425966435594418E-003   0.0000000000000000     
   26.200000000000003        7.7474323132069780E-003   0.0000000000000000     
   26.300000000000001       -8.4089797161277877E-003   0.0000000000000000     
   26.400000000000002        9.0233676109179907E-003   0.0000000000000000     
   26.500000000000000       -9.5871671645202071E-003   0.0000000000000000     
   26.600000000000001        1.0097426706326388E-002   0.0000000000000000     
   26.700000000000003       -1.0551700168773633E-002   0.0000000000000000     
   26.800000000000001        1.0948068788478196E-002   0.0000000000000000     
   26.900000000000002       -1.1285155757661619E-002   0.0000000000000000     
   27.000000000000000        1.1562133637698450E-002   0.0000000000000000     
   27.100000000000001       -1.1778724472221183E-002   0.0000000000000000     
   27.200000000000003        1.1935192664683739E-002   0.0000000000000000     
   27.300000000000001       -1.2032330810585872E-002   0.0000000000000000     
   27.400000000000002        1.2071438796003460E-002   0.0000000000000000     
   27.500000000000000       -1.2054296588641286E-002   0.0000000000000000     
   27.600000000000001        1.1983131252546707E-002   0.0000000000000000     
   27.700000000000003       -1.1860578811510114E-002   0.0000000000000000     
   27.800000000000001        1.1689641666076368E-002   0.0000000000000000     
   27.900000000000002       -1.1473642334126954E-002   0.0000000000000000     
   28.000000000000000        1.1216174333723027E-002   0.0000000000000000     
   28.100000000000001       -1.0921051058128598E-002   0.0000000000000000     
   28.200000000000003        1.0592253506931376E-002   0.0000000000000000     
   28.300000000000001       -1.0233877733329250E-002   0.0000000000000000     
   28.400000000000002        9.8500828466787493E-003   0.0000000000000000     
   28.500000000000000       -9.4450403723243762E-003   0.0000000000000000     
   28.600000000000001        9.0228857183584123E-003   0.0000000000000000     
   28.700000000000003       -8.5876724331921759E-003   0.0000000000000000     
   28.800000000000001        8.1433298605588494E-003   0.0000000000000000     
   28.900000000000002       -7.6936247115903730E-003   0.0000000000000000     
   29.000000000000000        7.2421269794555728E-003   0.0000000000000000     
   29.100000000000001       -6.7921805231803412E-003   0.0000000000000000     
   29.200000000000003        6.3468785456795808E-003   0.0000000000000000     
   29.300000000000001       -5.9090440896612242E-003   0.0000000000000000     
   29.400000000000002        5.4812155759445006E-003   0.0000000000000000     
   29.500000000000000       -5.0656373138057145E-003   0.0000000000000000     
   29.600000000000001        4.6642548248364505E-003   0.0000000000000000     
   29.700000000000003       -4.2787147414367057E-003   0.0000000000000000     
   29.800000000000001        3.9103689704228159E-003   0.0000000000000000     
   29.900000000000002       -3.5602827523473629E-003   0.0000000000000000     
   30.000000000000000        3.2292461983726862E-003   0.0000000000000000     
   30.100000000000001       -2.9177888501603060E-003   0.0000000000000000     
   30.200000000000003        2.6261967835113273E-003   0.0000000000000000     
   30.300000000000001       -2.3545317638238483E-003   0.0000000000000000     
   30.400000000000002        2.1026519602790929E-003   0.0000000000000000     
   30.500000000000000       -1.8702337347516087E-003   0.0000000000000000     
   30.600000000000001        1.6567940406612021E-003   0.0000000000000000     
   30.700000000000003       -1.4617129944734556E-003   0.0000000000000000     
   30.800000000000001        1.2842562172429945E-003   0.0000000000000000     
   30.900000000000002       -1.1235965842968929E-003   0.0000000000000000     
   31.000000000000000        9.7883506606684574E-004   0.0000000000000000     
   31.100000000000001       -8.4902039104828113E-004   0.0000000000000000     
   31.200000000000003        7.3316731134116710E-004   0.0000000000000000     
   31.300000000000001       -6.3027330085527991E-004   0.0000000000000000     
   31.400000000000002        5.3933356494071435E-004   0.0000000000000000     
   31.500000000000000       -4.5935428670338128E-004   0.0000000000000000     
   31.600000000000001        3.8936407873954945E-004   0.0000000000000000     
   31.700000000000003       -3.2842364862457229E-004   0.0000000000000000     
   31.800000000000001        2.7563372160725351E-004   0.0000000000000000     
   31.900000000000002       -2.3014129449104172E-004   0.0000000000000000     
   32.000000000000000        1.9114431970189384E-004   0.0000000000000000     
   32.100000000000001       -1.5789493868020825E-004   0.0000000000000000     
   32.200000000000003        1.2970139885037186E-004   0.0000000000000000     
   32.300000000000004       -1.0592879818273901E-004   0.0000000000000000     
   32.399999999999999        8.5998807112030109E-005   0.0000000000000000     
   32.500000000000000       -6.9388518715109244E-005   0.0000000000000000     
   32.600000000000001        5.5628575653539359E-005   0.0000000000000000     
   32.700000000000003       -4.4300716938492981E-005   0.0000000000000000     
   32.800000000000004        3.5034879160108236E-005   0.0000000000000000     
   32.899999999999999       -2.7505976766125941E-005   0.0000000000000000     
   33.000000000000000        2.1430474067554005E-005   0.0000000000000000     
   33.100000000000001       -1.6562848864549624E-005   0.0000000000000000     
   33.200000000000003        1.2692034394184332E-005   0.0000000000000000     
   33.300000000000004       -9.6379127331057360E-006   0.0000000000000000     
   33.399999999999999        7.2479197700824511E-006   0.0000000000000000     
   33.500000000000000       -5.3938094080293871E-006   0.0000000000000000     
   33.600000000000001        3.9686127534972816E-006   0.0000000000000000     
   33.700000000000003       -2.8838175827210074E-006   0.0000000000000000     
   33.800000000000004        2.0667838739595741E-006   0.0000000000000000     
   33.899999999999999       -1.4584027360759059E-006   0.0000000000000000     
   34.000000000000000        1.0109993300508104E-006   0.0000000000000000     
   34.100000000000001       -6.8647438374937222E-007   0.0000000000000000     
   34.200000000000003        4.5467439642508491E-007   0.0000000000000000     
   34.300000000000004       -2.9197732039534507E-007   0.0000000000000000     
   34.399999999999999        1.8007772140736549E-007   0.0000000000000000     
   34.500000000000000       -1.0495418114415203E-007   0.0000000000000000     
   34.600000000000001        5.6000796672096881E-008   0.0000000000000000     
   34.700000000000003       -2.5304328759391962E-008   0.0000000000000000     
   34.800000000000004        7.0493210123730517E-009   0.0000000000000000     
   34.899999999999999        2.9660806185122272E-009   0.0000000000000000     
   35.000000000000000       -7.7195794715850181E-009   0.0000000000000000     
   35.100000000000001        9.2740267792710982E-009   0.0000000000000000     
   35.200000000000003       -9.0200452782917700E-009   0.0000000000000000     
   35.300000000000004        7.8635234321485304E-009   0.0000000000000000     
   35.399999999999999       -6.3684027089546649E-009   0.0000000000000000     
   35.500000000000000        4.8636530341378464E-009   0.0000000000000000     
   35.600000000000001       -3.5218334280292093E-009   0.0000000000000000     
   35.700000000000003        2.4156752581714073E-009   0.0000000000000000     
   35.800000000000004       -1.5577540954527874E-009   0.0000000000000000     
   35.899999999999999        9.2752329921400154E-010   0.0000000000000000     
   36.000000000000000       -4.8904057051605426E-010   0.0000000000000000     
   36.100000000000001        2.0198884277075359E-010   0.0000000000000000     
   36.200000000000003       -2.8040345194744120E-011   0.0000000000000000     
   36.300000000000004       -6.5921222276465537E-011   0.0000000000000000     
   36.399999999999999        1.0661161822463919E-010   0.0000000000000000     
   36.500000000000000       -1.1437359578965694E-010   0.0000000000000000     
   36.600000000000001        1.0384899828490178E-010   0.0000000000000000     
   36.700000000000003       -8.4998488230343741E-011   0.0000000000000000     
   36.800000000000004        6.4098506966877738E-011   0.0000000000000000     
   36.899999999999999       -4.4740609184678057E-011   0.0000000000000000     
   37.000000000000000        2.8671471532979852E-011   0.0000000000000000     
   37.100000000000001       -1.6395250704434281E-011   0.0000000000000000     
   37.200000000000003        7.7204150937203864E-012   0.0000000000000000     
   37.300000000000004       -2.0928846460256986E-012   0.0000000000000000     
   37.399999999999999       -1.1732733728284478E-012   0.0000000000000000     
   37.500000000000000        2.7441607170833649E-012   0.0000000000000000     
   37.600000000000001       -3.2027865116867493E-012   0.0000000000000000     
   37.700000000000003        3.0033526688473515E-012   0.0000000000000000     
   37.800000000000004       -2.4778853944573352E-012   0.0000000000000000     
   37.899999999999999        1.8465372547171081E-012   0.0000000000000000     
   38.000000000000000       -1.2482043302881365E-012   0.0000000000000000     
   38.100000000000001        7.5304642047689580E-013   0.0000000000000000     
   38.200000000000003       -3.7524756870645422E-013   0.0000000000000000     
   38.300000000000004        1.1814548295444652E-013   0.0000000000000000     
   38.400000000000006        3.9553431254626434E-014   0.0000000000000000     
   38.500000000000000       -1.1288446481430944E-013   0.0000000000000000     
   38.600000000000001        1.3930413735975655E-013   0.0000000000000000     
   38.700000000000003       -1.3462824846865731E-013   0.0000000000000000     
   38.800000000000004        1.0715365466988143E-013   0.0000000000000000     
   38.900000000000006       -8.2780173269122689E-014   0.0000000000000000     
   39.000000000000000        5.1316465215013842E-014   0.0000000000000000     
   39.100000000000001       -3.0176341136274958E-014   0.0000000000000000     
   39.200000000000003        1.1487325341339056E-014   0.0000000000000000     
   39.300000000000004        1.1318093606765390E-015   0.0000000000000000     
   39.400000000000006       -3.3637306075864637E-015   0.0000000000000000     
   39.500000000000000        9.0291331935034530E-015   0.0000000000000000     
   39.600000000000001       -7.5320434958347578E-015   0.0000000000000000     
   39.700000000000003        5.9032499177993319E-015   0.0000000000000000     
   39.800000000000004       -6.5784068874671050E-015   0.0000000000000000     
   39.900000000000006        9.3244208827246745E-017   0.0000000000000000     
   40.000000000000000       -1.7112903596380461E-015   0.0000000000000000     
   40.100000000000001       -5.1447839449709370E-016   0.0000000000000000     
   40.200000000000003        5.6479270572707383E-016   0.0000000000000000     
   40.300000000000004        4.3996709612888072E-016   0.0000000000000000     
   40.400000000000006        2.3092356525962659E-015   0.0000000000000000     
   40.500000000000000       -1.4884378757119132E-015   0.0000000000000000     
   40.600000000000001        9.7609195065371986E-016   0.0000000000000000     
   40.700000000000003        5.1378654121018205E-015   0.0000000000000000     
   40.800000000000004       -3.1006897583267372E-015   0.0000000000000000     
   40.900000000000006        1.4664992685533119E-015   0.0000000000000000     
   41.000000000000000       -2.7979427741875744E-015   0.0000000000000000     
   41.100000000000001        3.0651331262924074E-015   0.0000000000000000     
   41.200000000000003       -3.6220758076760180E-015   0.0000000000000000     
   41.300000000000004        2.0283616269995184E-015   0.0000000000000000     
   41.400000000000006       -3.2938791083942661E-015   0.0000000000000000     
   41.500000000000000        2.3986745804834044E-015   0.0000000000000000     
   41.600000000000001       -1.5499268823862615E-015   0.0000000000000000     
   41.700000000000003        1.9726053920331130E-015   0.0000000000000000     
   41.800000000000004       -3.5782228749409864E-015   0.0000000000000000     
   41.900000000000006        6.6982651298008299E-015   0.0000000000000000     
   42.000000000000000       -3.4369719931893066E-015   0.0000000000000000     
   42.100000000000001        4.9727411241702361E-015   0.0000000000000000     
   42.200000000000003       -5.3979351427674191E-015   0.0000000000000000     
   42.300000000000004        5.0130821837600623E-015   0.0000000000000000     
   42.400000000000006       -5.0350126736850904E-015   0.0000000000000000     
   42.500000000000000        1.8006822984301316E-015   0.0000000000000000     
   42.600000000000001       -3.3928998398626999E-015   0.0000000000000000     
   42.700000000000003        1.9292744154353138E-015   0.0000000000000000     
   42.800000000000004        5.2230712599499512E-016   0.0000000000000000     
   42.900000000000006        1.7887427088575581E-015   0.0000000000000000     
   43.000000000000000       -1.6992296642647649E-015   0.0000000000000000     
   43.100000000000001        3.1751235481856889E-015   0.0000000000000000     
   43.200000000000003       -1.2816608695326796E-015   0.0000000000000000     
   43.300000000000004       -2.3622569535738988E-015   0.0000000000000000     
   43.400000000000006       -2.3133863422073935E-015   0.0000000000000000     
   43.500000000000000        2.5885094958352254E-015   0.0000000000000000     
   43.600000000000001       -6.7211641996440661E-016   0.0000000000000000     
   43.700000000000003        2.0266585699641139E-016   0.0000000000000000     
   43.800000000000004        3.3661302903833644E-015   0.0000000000000000     
   43.900000000000006        2.5033368854859584E-015   0.0000000000000000     
   44.000000000000000        2.8429746555758709E-015   0.0000000000000000     
   44.100000000000001       -1.9018993174145155E-016   0.0000000000000000     
   44.200000000000003       -7.2667953197709141E-016   0.0000000000000000     
   44.300000000000004       -3.0885573205834253E-015   0.0000000000000000     
   44.400000000000006       -3.6126120293550812E-016   0.0000000000000000     
   44.500000000000000       -4.5672713249601668E-015   0.0000000000000000     
   44.600000000000001        2.6481812887046456E-015   0.0000000000000000     
   44.700000000000003       -2.6126442227596613E-015   0.0000000000000000     
   44.800000000000004        2.9075537943210454E-015   0.0000000000000000     
   44.900000000000006       -2.2036166053779921E-015   0.0000000000000000     
   45.000000000000000        2.4675255709592684E-015   0.0000000000000000     
   45.100000000000001       -1.5789797920320046E-015   0.0000000000000000     
   45.200000000000003        1.0515613772721794E-015   0.0000000000000000     
   45.300000000000004        1.9431955250130917E-015   0.0000000000000000     
   45.400000000000006       -1.9834931962247228E-015   0.0000000000000000     
   45.500000000000000        1.1297996741285452E-015   0.0000000000000000     
   45.600000000000001       -2.3613307215180113E-015   0.0000000000000000     
   45.700000000000003        2.6166538044487244E-015   0.0000000000000000     
   45.800000000000004       -1.4430266174662663E-015   0.0000000000000000     
   45.900000000000006       -6.8201554766697651E-016   0.0000000000000000     
   46.000000000000000       -4.0579551635776044E-015   0.0000000000000000     
   46.100000000000001        1.5145303557811329E-015   0.0000000000000000     
   46.200000000000003        1.2133134961343470E-015   0.0000000000000000     
   46.300000000000004       -1.8010309652708919E-016   0.0000000000000000     
   46.400000000000006       -3.4820910098581008E-015   0.0000000000000000     
   46.500000000000000        2.1813507578261308E-016   0.0000000000000000     
   46.600000000000001        1.4429882696150173E-015   0.0000000000000000     
   46.700000000000003       -1.2308207412261040E-015   0.0000000000000000     
   46.800000000000004       -3.4110010408045471E-016   0.0000000000000000     
   46.900000000000006        7.7767842915629880E-016   0.0000000000000000     
   47.000000000000000        3.6870885382837976E-015   0.0000000000000000     
   47.100000000000001       -2.9106352366019023E-015   0.0000000000000000     
   47.200000000000003        2.6750023870954814E-015   0.0000000000000000     
   47.300000000000004       -4.6480768350221117E-016   0.0000000000000000     
   47.400000000000006        2.6550565918725909E-015   0.0000000000000000     
   47.500000000000000       -3.5980795373941585E-015   0.0000000000000000     
   47.600000000000001       -2.1289729060297213E-015   0.0000000000000000     
   47.700000000000003       -4.2373278926510295E-015   0.0000000000000000     
   47.800000000000004        3.5924743694514427E-016   0.0000000000000000     
   47.900000000000006       -1.7635433643144590E-015   0.0000000000000000     
   48.000000000000000       -1.8362023675245530E-015   0.0000000000000000     
   48.100000000000001        2.3402746719133032E-015   0.0000000000000000     
   48.200000000000003       -3.5830305652597250E-016   0.0000000000000000     
   48.300000000000004       -1.6573787718712039E-015   0.0000000000000000     
   48.400000000000006       -1.3993405627343663E-015   0.0000000000000000     
   48.500000000000000        4.6633959129588105E-015   0.0000000000000000     
   48.600000000000001        7.8678171808014056E-016   0.0000000000000000     
   48.700000000000003        9.2483017859853935E-016   0.0000000000000000     
   48.800000000000004       -1.6713626685569641E-015   0.0000000000000000     
   48.900000000000006       -1.2908441941437380E-015   0.0000000000000000     
   49.000000000000000        3.3837081338264675E-015   0.0000000000000000     
   49.100000000000001        3.8366660056354665E-016   0.0000000000000000     
   49.200000000000003        9.0584820090481719E-016   0.0000000000000000     
   49.300000000000004       -3.3561123789318543E-015   0.0000000000000000     
   49.400000000000006        7.8612503763646122E-016   0.0000000000000000     
   49.500000000000000       -2.9725424906077021E-015   0.0000000000000000     
   49.600000000000001        9.7501897385643154E-016   0.0000000000000000     
   49.700000000000003       -1.7783039068802356E-015   0.0000000000000000     
   49.800000000000004       -1.2565790973941072E-015   0.0000000000000000     
   49.900000000000006        5.0654071924799070E-054   0.0000000000000000     
