   0.0000000000000000        1.1757612850370922E-004   0.0000000000000000     
  0.10000000000000001        1.0519318609070279E-004   0.0000000000000000     
  0.20000000000000001        8.6984325157661341E-005   0.0000000000000000     
  0.30000000000000004        9.2656444169552987E-005   0.0000000000000000     
  0.40000000000000002        6.1296150312675383E-005   0.0000000000000000     
  0.50000000000000000        7.5914064650583842E-005   0.0000000000000000     
  0.60000000000000009        3.4129579554069609E-005   0.0000000000000000     
  0.70000000000000007        6.2091709625905372E-005   0.0000000000000000     
  0.80000000000000004        1.1830440165005358E-005   0.0000000000000000     
  0.90000000000000002        5.5896629888889367E-005   0.0000000000000000     
   1.0000000000000000       -7.6607359362087929E-006   0.0000000000000000     
   1.1000000000000001        5.6212019151964340E-005   0.0000000000000000     
   1.2000000000000002       -2.6410389845839028E-005   0.0000000000000000     
   1.3000000000000000        6.2512963606445898E-005   0.0000000000000000     
   1.4000000000000001       -4.6236078487157429E-005   0.0000000000000000     
   1.5000000000000000        7.4795003333436830E-005   0.0000000000000000     
   1.6000000000000001       -6.8843800836643559E-005   0.0000000000000000     
   1.7000000000000002        9.3510345352123490E-005   0.0000000000000000     
   1.8000000000000000       -9.5941635831235111E-005   0.0000000000000000     
   1.9000000000000001        1.1952994140786418E-004   0.0000000000000000     
   2.0000000000000000       -1.2933351830808607E-004   0.0000000000000000     
   2.1000000000000001        1.5412462413500592E-004   0.0000000000000000     
   2.2000000000000002       -1.7099670164579436E-004   0.0000000000000000     
   2.3000000000000003        1.9895905564061971E-004   0.0000000000000000     
   2.4000000000000004       -2.2314481871750895E-004   0.0000000000000000     
   2.5000000000000000        2.5609261205991607E-004   0.0000000000000000     
   2.6000000000000001       -2.8827693229068878E-004   0.0000000000000000     
   2.7000000000000002        3.2798146768616462E-004   0.0000000000000000     
   2.8000000000000003       -3.6921157619292051E-004   0.0000000000000000     
   2.9000000000000004        4.1747610977434495E-004   0.0000000000000000     
   3.0000000000000000       -4.6910355110145105E-004   0.0000000000000000     
   3.1000000000000001        5.2780838349076784E-004   0.0000000000000000     
   3.2000000000000002       -5.9144019124395279E-004   0.0000000000000000     
   3.3000000000000003        6.6256202608681923E-004   0.0000000000000000     
   3.4000000000000004       -7.4001301533707967E-004   0.0000000000000000     
   3.5000000000000000        8.2562060398965191E-004   0.0000000000000000     
   3.6000000000000001       -9.1886018762161342E-004   0.0000000000000000     
   3.7000000000000002        1.0210869301333111E-003   0.0000000000000000     
   3.8000000000000003       -1.1321751268665138E-003   0.0000000000000000     
   3.9000000000000004        1.2531685313080174E-003   0.0000000000000000     
   4.0000000000000000       -1.3841770029239793E-003   0.0000000000000000     
   4.1000000000000005        1.5260246718019584E-003   0.0000000000000000     
   4.2000000000000002       -1.6789398386564942E-003   0.0000000000000000     
   4.2999999999999998        1.8435719227549070E-003   0.0000000000000000     
   4.4000000000000004       -2.0201785617764635E-003   0.0000000000000000     
   4.5000000000000000        2.2092473715976304E-003   0.0000000000000000     
   4.6000000000000005       -2.4109926669351671E-003   0.0000000000000000     
   4.7000000000000002        2.6257313262541371E-003   0.0000000000000000     
   4.8000000000000007       -2.8535711498310370E-003   0.0000000000000000     
   4.9000000000000004        3.0946347616939997E-003   0.0000000000000000     
   5.0000000000000000       -3.3488659957654665E-003   0.0000000000000000     
   5.1000000000000005        3.6161606882058935E-003   0.0000000000000000     
   5.2000000000000002       -3.8962456051216798E-003   0.0000000000000000     
   5.3000000000000007        4.1887529160950926E-003   0.0000000000000000     
   5.4000000000000004       -4.4931438947955135E-003   0.0000000000000000     
   5.5000000000000000        4.8087500890746180E-003   0.0000000000000000     
   5.6000000000000005       -5.1347251188820593E-003   0.0000000000000000     
   5.7000000000000002        5.4700670124859284E-003   0.0000000000000000     
   5.8000000000000007       -5.8135883184152878E-003   0.0000000000000000     
   5.9000000000000004        6.1639287963848287E-003   0.0000000000000000     
   6.0000000000000000       -6.5195382928971380E-003   0.0000000000000000     
   6.1000000000000005        6.8786857040302003E-003   0.0000000000000000     
   6.2000000000000002       -7.2394516100045027E-003   0.0000000000000000     
   6.3000000000000007        7.5997373683378156E-003   0.0000000000000000     
   6.4000000000000004       -7.9572659697620621E-003   0.0000000000000000     
   6.5000000000000000        8.3095937728505029E-003   0.0000000000000000     
   6.6000000000000005       -8.6541188121802750E-003   0.0000000000000000     
   6.7000000000000002        8.9880967381506319E-003   0.0000000000000000     
   6.8000000000000007       -9.3086561168677275E-003   0.0000000000000000     
   6.9000000000000004        9.6128194036281117E-003   0.0000000000000000     
   7.0000000000000000       -9.8975247764332142E-003   0.0000000000000000     
   7.1000000000000005        1.0159652341654300E-002   0.0000000000000000     
   7.2000000000000002       -1.0396051843735805E-002   0.0000000000000000     
   7.3000000000000007        1.0603573724028424E-002   0.0000000000000000     
   7.4000000000000004       -1.0779101725856140E-002   0.0000000000000000     
   7.5000000000000000        1.0919587885883798E-002   0.0000000000000000     
   7.6000000000000005       -1.1022088670075415E-002   0.0000000000000000     
   7.7000000000000002        1.1083802479497716E-002   0.0000000000000000     
   7.8000000000000007       -1.1102107565779564E-002   0.0000000000000000     
   7.9000000000000004        1.1074600203485371E-002   0.0000000000000000     
   8.0000000000000000       -1.0999132296224796E-002   0.0000000000000000     
   8.0999999999999996        1.0873848038153994E-002   0.0000000000000000     
   8.2000000000000011       -1.0697218881818675E-002   0.0000000000000000     
   8.3000000000000007        1.0468076316016020E-002   0.0000000000000000     
   8.4000000000000004       -1.0185641765317629E-002   0.0000000000000000     
   8.5000000000000000        9.8495530806337554E-003   0.0000000000000000     
   8.5999999999999996       -9.4598870093681973E-003   0.0000000000000000     
   8.7000000000000011        9.0171771501618408E-003   0.0000000000000000     
   8.8000000000000007       -8.5224268892342536E-003   0.0000000000000000     
   8.9000000000000004        7.9771169195014657E-003   0.0000000000000000     
   9.0000000000000000       -7.3832069846339957E-003   0.0000000000000000     
   9.0999999999999996        6.7431315959451061E-003   0.0000000000000000     
   9.2000000000000011       -6.0597895440368532E-003   0.0000000000000000     
   9.3000000000000007        5.3365271379578576E-003   0.0000000000000000     
   9.4000000000000004       -4.5771151994287180E-003   0.0000000000000000     
   9.5000000000000000        3.7857199534086505E-003   0.0000000000000000     
   9.6000000000000014       -2.9668680600854480E-003   0.0000000000000000     
   9.7000000000000011        2.1254061446017622E-003   0.0000000000000000     
   9.8000000000000007       -1.2664552824839940E-003   0.0000000000000000     
   9.9000000000000004        3.9536099954265479E-004   0.0000000000000000     
   10.000000000000000        4.8236056541637820E-004   0.0000000000000000     
   10.100000000000001       -1.3610796049795093E-003   0.0000000000000000     
   10.200000000000001        2.2351118962340598E-003   0.0000000000000000     
   10.300000000000001       -3.0987795087599503E-003   0.0000000000000000     
   10.400000000000000        3.9464720744289356E-003   0.0000000000000000     
   10.500000000000000       -4.7727077023669122E-003   0.0000000000000000     
   10.600000000000001        5.5721926169141865E-003   0.0000000000000000     
   10.700000000000001       -6.3398786082371527E-003   0.0000000000000000     
   10.800000000000001        7.0710174149669373E-003   0.0000000000000000     
   10.900000000000000       -7.7612112053913372E-003   0.0000000000000000     
   11.000000000000000        8.4064583874052957E-003   0.0000000000000000     
   11.100000000000001       -9.0031940563577023E-003   0.0000000000000000     
   11.200000000000001        9.5483244827971742E-003   0.0000000000000000     
   11.300000000000001       -1.0039255146568509E-002   0.0000000000000000     
   11.400000000000000        1.0473911937850284E-002   0.0000000000000000     
   11.500000000000000       -1.0850755267001742E-002   0.0000000000000000     
   11.600000000000001        1.1168786950695097E-002   0.0000000000000000     
   11.700000000000001       -1.1427549869244109E-002   0.0000000000000000     
   11.800000000000001        1.1627120516387207E-002   0.0000000000000000     
   11.900000000000000       -1.1768094685254620E-002   0.0000000000000000     
   12.000000000000000        1.1851566650378296E-002   0.0000000000000000     
   12.100000000000001       -1.1879102312758811E-002   0.0000000000000000     
   12.200000000000001        1.1852706871053890E-002   0.0000000000000000     
   12.300000000000001       -1.1774787665006805E-002   0.0000000000000000     
   12.400000000000000        1.1648112905619347E-002   0.0000000000000000     
   12.500000000000000       -1.1475767059213288E-002   0.0000000000000000     
   12.600000000000001        1.1261103688498817E-002   0.0000000000000000     
   12.700000000000001       -1.1007696572777895E-002   0.0000000000000000     
   12.800000000000001        1.0719289931591915E-002   0.0000000000000000     
   12.900000000000000       -1.0399748561655217E-002   0.0000000000000000     
   13.000000000000000        1.0053008666910992E-002   0.0000000000000000     
   13.100000000000001       -9.6830301172095064E-003   0.0000000000000000     
   13.200000000000001        9.2937508135938832E-003   0.0000000000000000     
   13.300000000000001       -8.8890437696688210E-003   0.0000000000000000     
   13.400000000000000        8.4726774409250357E-003   0.0000000000000000     
   13.500000000000000       -8.0482797489676780E-003   0.0000000000000000     
   13.600000000000001        7.6193061580091381E-003   0.0000000000000000     
   13.700000000000001       -7.1890120688334076E-003   0.0000000000000000     
   13.800000000000001        6.7604297026327177E-003   0.0000000000000000     
   13.900000000000000       -6.3363495561537366E-003   0.0000000000000000     
   14.000000000000000        5.9193064222729866E-003   0.0000000000000000     
   14.100000000000001       -5.5115698880173628E-003   0.0000000000000000     
   14.200000000000001        5.1151391469694205E-003   0.0000000000000000     
   14.300000000000001       -4.7317418961117250E-003   0.0000000000000000     
   14.400000000000000        4.3628370293506014E-003   0.0000000000000000     
   14.500000000000000       -4.0096207920930979E-003   0.0000000000000000     
   14.600000000000001        3.6730360236794106E-003   0.0000000000000000     
   14.700000000000001       -3.3537840872470154E-003   0.0000000000000000     
   14.800000000000001        3.0523390696998907E-003   0.0000000000000000     
   14.900000000000000       -2.7689638274916873E-003   0.0000000000000000     
   15.000000000000000        2.5037274561609249E-003   0.0000000000000000     
   15.100000000000001       -2.2565237723154359E-003   0.0000000000000000     
   15.200000000000001        2.0270904151631118E-003   0.0000000000000000     
   15.300000000000001       -1.8150281994646828E-003   0.0000000000000000     
   15.400000000000000        1.6198203819541711E-003   0.0000000000000000     
   15.500000000000000       -1.4408515377403279E-003   0.0000000000000000     
   15.600000000000001        1.2774257805717873E-003   0.0000000000000000     
   15.700000000000001       -1.1287841001233617E-003   0.0000000000000000     
   15.800000000000001        9.9412062957290469E-004   0.0000000000000000     
   15.900000000000000       -8.7259769656037689E-004   0.0000000000000000     
   16.000000000000000        7.6335954939334377E-004   0.0000000000000000     
   16.100000000000001       -6.6554468719335735E-004   0.0000000000000000     
   16.199999999999999        5.7829675691594123E-004   0.0000000000000000     
   16.300000000000001       -5.0077401143469732E-004   0.0000000000000000     
   16.400000000000002        4.3215735057847469E-004   0.0000000000000000     
   16.500000000000000       -3.7165699100761353E-004   0.0000000000000000     
   16.600000000000001        3.1851783102191441E-004   0.0000000000000000     
   16.699999999999999       -2.7202359261675030E-004   0.0000000000000000     
   16.800000000000001        2.3149983562921247E-004   0.0000000000000000     
   16.900000000000002       -1.9631594772247796E-004   0.0000000000000000     
   17.000000000000000        1.6588621940789752E-004   0.0000000000000000     
   17.100000000000001       -1.3967011581516082E-004   0.0000000000000000     
   17.199999999999999        1.1717185662015582E-004   0.0000000000000000     
   17.300000000000001       -9.7939412870162563E-005   0.0000000000000000     
   17.400000000000002        8.1563024930591193E-005   0.0000000000000000     
   17.500000000000000       -6.7673339518674880E-005   0.0000000000000000     
   17.600000000000001        5.5939256385052099E-005   0.0000000000000000     
   17.699999999999999       -4.6065567029342839E-005   0.0000000000000000     
   17.800000000000001        3.7790458934783828E-005   0.0000000000000000     
   17.900000000000002       -3.0882949775487147E-005   0.0000000000000000     
   18.000000000000000        2.5140307086492506E-005   0.0000000000000000     
   18.100000000000001       -2.0385500005986124E-005   0.0000000000000000     
   18.199999999999999        1.6464721311820312E-005   0.0000000000000000     
   18.300000000000001       -1.3245010136290246E-005   0.0000000000000000     
   18.400000000000002        1.0611998509231943E-005   0.0000000000000000     
   18.500000000000000       -8.4677984044101496E-006   0.0000000000000000     
   18.600000000000001        6.7290402120471891E-006   0.0000000000000000     
   18.699999999999999       -5.3250685963297017E-006   0.0000000000000000     
   18.800000000000001        4.1962974689394388E-006   0.0000000000000000     
   18.900000000000002       -3.2927223216531355E-006   0.0000000000000000     
   19.000000000000000        2.5725853946973206E-006   0.0000000000000000     
   19.100000000000001       -2.0011869086457287E-006   0.0000000000000000     
   19.200000000000003        1.5498339979442613E-006   0.0000000000000000     
   19.300000000000001       -1.1949179329374307E-006   0.0000000000000000     
   19.400000000000002        9.1710944282312653E-007   0.0000000000000000     
   19.500000000000000       -7.0066167687736469E-007   0.0000000000000000     
   19.600000000000001        5.3281035704072311E-007   0.0000000000000000     
   19.700000000000003       -4.0326083133803531E-007   0.0000000000000000     
   19.800000000000001        3.0375222510212240E-007   0.0000000000000000     
   19.900000000000002       -2.2768940565377797E-007   0.0000000000000000     
   20.000000000000000        1.6983408300262675E-007   0.0000000000000000     
   20.100000000000001       -1.2604716723310094E-007   0.0000000000000000     
   20.200000000000003        9.3075170405441002E-008   0.0000000000000000     
   20.300000000000001       -6.8374171928907733E-008   0.0000000000000000     
   20.400000000000002        4.9965636865357422E-008   0.0000000000000000     
   20.500000000000000       -3.6319010153704318E-008   0.0000000000000000     
   20.600000000000001        2.6256711422364312E-008   0.0000000000000000     
   20.700000000000003       -1.8877717292739117E-008   0.0000000000000000     
   20.800000000000001        1.3496423949797883E-008   0.0000000000000000     
   20.900000000000002       -9.5940808532061966E-009   0.0000000000000000     
   21.000000000000000        6.7804296517594345E-009   0.0000000000000000     
   21.100000000000001       -4.7635584129053232E-009   0.0000000000000000     
   21.200000000000003        3.3264089635262902E-009   0.0000000000000000     
   21.300000000000001       -2.3085412663720860E-009   0.0000000000000000     
   21.400000000000002        1.5920650459249472E-009   0.0000000000000000     
   21.500000000000000       -1.0909056600491912E-009   0.0000000000000000     
   21.600000000000001        7.4260699178357161E-010   0.0000000000000000     
   21.700000000000003       -5.0212420431138810E-010   0.0000000000000000     
   21.800000000000001        3.3719165422534668E-010   0.0000000000000000     
   21.900000000000002       -2.2484567066559398E-010   0.0000000000000000     
   22.000000000000000        1.4885390317749568E-010   0.0000000000000000     
   22.100000000000001       -9.7824830717417352E-011   0.0000000000000000     
   22.200000000000003        6.3804531364721562E-011   0.0000000000000000     
   22.300000000000001       -4.1289797272738573E-011   0.0000000000000000     
   22.400000000000002        2.6509656934837173E-011   0.0000000000000000     
   22.500000000000000       -1.6882453544656798E-011   0.0000000000000000     
   22.600000000000001        1.0660407927149615E-011   0.0000000000000000     
   22.700000000000003       -6.6750674441521100E-012   0.0000000000000000     
   22.800000000000001        4.1418109291451642E-012   0.0000000000000000     
   22.900000000000002       -2.5460302430844271E-012   0.0000000000000000     
   23.000000000000000        1.5536358023339691E-012   0.0000000000000000     
   23.100000000000001       -9.3823330224779104E-013   0.0000000000000000     
   23.200000000000003        5.5814796759895196E-013   0.0000000000000000     
   23.300000000000001       -3.3142842266426731E-013   0.0000000000000000     
   23.400000000000002        1.9637862707394196E-013   0.0000000000000000     
   23.500000000000000       -1.1194099553612611E-013   0.0000000000000000     
   23.600000000000001        6.3142707919148940E-014   0.0000000000000000     
   23.700000000000003       -3.6908750387602093E-014   0.0000000000000000     
   23.800000000000001        2.1084429671872345E-014   0.0000000000000000     
   23.900000000000002       -1.1747992920035867E-014   0.0000000000000000     
   24.000000000000000        4.7767275300688599E-015   0.0000000000000000     
   24.100000000000001       -2.6254371513502668E-015   0.0000000000000000     
   24.200000000000003        5.0937450813530681E-015   0.0000000000000000     
   24.300000000000001       -2.3426003283405867E-015   0.0000000000000000     
   24.400000000000002       -4.9634732542895580E-016   0.0000000000000000     
   24.500000000000000       -2.8209597801300363E-015   0.0000000000000000     
   24.600000000000001        3.2166771158289924E-015   0.0000000000000000     
   24.700000000000003       -3.8507477715038561E-016   0.0000000000000000     
   24.800000000000001       -3.7957428022291507E-016   0.0000000000000000     
   24.900000000000002        1.2277180338799180E-016   0.0000000000000000     
   25.000000000000000        4.8897881189116156E-017   0.0000000000000000     
   25.100000000000001       -4.3573494536650392E-016   0.0000000000000000     
   25.200000000000003        7.3332670043208538E-016   0.0000000000000000     
   25.300000000000001        2.8847155754667892E-015   0.0000000000000000     
   25.400000000000002       -5.3308359410581098E-015   0.0000000000000000     
   25.500000000000000        1.1389192576131815E-015   0.0000000000000000     
   25.600000000000001       -2.5903740724735254E-015   0.0000000000000000     
   25.700000000000003        6.2822564909265876E-015   0.0000000000000000     
   25.800000000000001       -1.3858315525012079E-015   0.0000000000000000     
   25.900000000000002        3.9580257281901700E-016   0.0000000000000000     
   26.000000000000000       -3.9656361022292738E-015   0.0000000000000000     
   26.100000000000001        4.7321921948759379E-015   0.0000000000000000     
   26.200000000000003       -5.2935491244293116E-015   0.0000000000000000     
   26.300000000000001        2.3701035939125664E-015   0.0000000000000000     
   26.400000000000002       -1.0529852480149645E-015   0.0000000000000000     
   26.500000000000000        3.8201394768985009E-015   0.0000000000000000     
   26.600000000000001       -2.5463993321609577E-015   0.0000000000000000     
   26.700000000000003        1.3771132097906732E-015   0.0000000000000000     
   26.800000000000001       -2.8654240924014997E-015   0.0000000000000000     
   26.900000000000002        5.8177065104348464E-015   0.0000000000000000     
   27.000000000000000       -7.1232607132525575E-015   0.0000000000000000     
   27.100000000000001        2.5992734884997008E-015   0.0000000000000000     
   27.200000000000003       -3.1827883568406078E-015   0.0000000000000000     
   27.300000000000001        6.3267912817634964E-015   0.0000000000000000     
   27.400000000000002       -2.2131329389987529E-015   0.0000000000000000     
   27.500000000000000        6.9232994760228090E-016   0.0000000000000000     
   27.600000000000001       -9.6466440543542319E-016   0.0000000000000000     
   27.700000000000003        9.5843789360632243E-016   0.0000000000000000     
   27.800000000000001       -3.8246546048537755E-015   0.0000000000000000     
   27.900000000000002        2.4948421457364625E-015   0.0000000000000000     
   28.000000000000000       -1.0023478056178518E-015   0.0000000000000000     
   28.100000000000001        9.3988013968297670E-016   0.0000000000000000     
   28.200000000000003        8.7638095647606957E-016   0.0000000000000000     
   28.300000000000001        1.3268214289600371E-016   0.0000000000000000     
   28.400000000000002        2.2284426720379013E-015   0.0000000000000000     
   28.500000000000000       -4.7837077458635189E-015   0.0000000000000000     
   28.600000000000001        1.0645554391324117E-015   0.0000000000000000     
   28.700000000000003       -1.3709810194427572E-015   0.0000000000000000     
   28.800000000000001        2.5498727296522678E-015   0.0000000000000000     
   28.900000000000002       -1.1846080909779795E-015   0.0000000000000000     
   29.000000000000000        2.3202490826677820E-015   0.0000000000000000     
   29.100000000000001       -1.8825030584166800E-015   0.0000000000000000     
   29.200000000000003        2.5043684367262020E-015   0.0000000000000000     
   29.300000000000001       -3.2130392187443650E-015   0.0000000000000000     
   29.400000000000002       -1.0523806777750137E-015   0.0000000000000000     
   29.500000000000000        1.9770757635271799E-015   0.0000000000000000     
   29.600000000000001        1.2412433129916856E-015   0.0000000000000000     
   29.700000000000003       -2.2995433983291229E-015   0.0000000000000000     
   29.800000000000001       -3.8864063008423978E-017   0.0000000000000000     
   29.900000000000002        3.1947764039724654E-015   0.0000000000000000     
   30.000000000000000       -2.1411230095770978E-015   0.0000000000000000     
   30.100000000000001        2.4059701259139185E-015   0.0000000000000000     
   30.200000000000003       -4.7501680079724878E-015   0.0000000000000000     
   30.300000000000001        2.8988098286022800E-015   0.0000000000000000     
   30.400000000000002       -2.9398923283782804E-015   0.0000000000000000     
   30.500000000000000        1.4615033446098203E-015   0.0000000000000000     
   30.600000000000001        2.1438864768798966E-015   0.0000000000000000     
   30.700000000000003        7.4886201975083856E-017   0.0000000000000000     
   30.800000000000001        2.0306538524366963E-015   0.0000000000000000     
   30.900000000000002       -3.1000339681647191E-015   0.0000000000000000     
   31.000000000000000       -8.1914069294394529E-016   0.0000000000000000     
   31.100000000000001       -4.2496377938603458E-015   0.0000000000000000     
   31.200000000000003        3.9272149047825056E-015   0.0000000000000000     
   31.300000000000001        1.0006305629186048E-015   0.0000000000000000     
   31.400000000000002        2.9836872494367193E-015   0.0000000000000000     
   31.500000000000000       -1.1985811795303732E-015   0.0000000000000000     
   31.600000000000001       -1.0887785641187526E-015   0.0000000000000000     
   31.700000000000003       -1.8941361799134434E-015   0.0000000000000000     
   31.800000000000001        1.0994832851235846E-015   0.0000000000000000     
   31.900000000000002        8.1337622163780560E-016   0.0000000000000000     
   32.000000000000000       -3.0402683883794824E-015   0.0000000000000000     
   32.100000000000001        3.6845392752792339E-016   0.0000000000000000     
   32.200000000000003        2.3501970912598972E-016   0.0000000000000000     
   32.300000000000004        3.5067702065149505E-015   0.0000000000000000     
   32.399999999999999        6.3598315451824201E-016   0.0000000000000000     
   32.500000000000000        4.0335582147403203E-016   0.0000000000000000     
   32.600000000000001       -7.7697796612457114E-016   0.0000000000000000     
   32.700000000000003       -4.6375087323591486E-015   0.0000000000000000     
   32.800000000000004        9.9206407641357292E-016   0.0000000000000000     
   32.899999999999999       -2.6377879446187212E-015   0.0000000000000000     
   33.000000000000000        3.4009537417911504E-015   0.0000000000000000     
   33.100000000000001        1.2124933229984067E-016   0.0000000000000000     
   33.200000000000003        4.2127114569771468E-015   0.0000000000000000     
   33.300000000000004       -3.9590186393257968E-016   0.0000000000000000     
   33.399999999999999       -1.0495268121393370E-015   0.0000000000000000     
   33.500000000000000       -7.5374720061243639E-016   0.0000000000000000     
   33.600000000000001       -5.2357447855087120E-015   0.0000000000000000     
   33.700000000000003        2.0789457414412181E-015   0.0000000000000000     
   33.800000000000004       -1.9973397080751655E-015   0.0000000000000000     
   33.899999999999999        3.1907562486858758E-015   0.0000000000000000     
   34.000000000000000        3.3026143825667635E-015   0.0000000000000000     
   34.100000000000001       -2.8688849880163818E-016   0.0000000000000000     
   34.200000000000003        1.4005688392470171E-015   0.0000000000000000     
   34.300000000000004       -5.0240744109527645E-015   0.0000000000000000     
   34.399999999999999       -5.8988300674048204E-016   0.0000000000000000     
   34.500000000000000        3.6498315850078111E-017   0.0000000000000000     
   34.600000000000001        2.0753602038126924E-015   0.0000000000000000     
   34.700000000000003       -3.1167625784034793E-016   0.0000000000000000     
   34.800000000000004        3.7368304674528852E-016   0.0000000000000000     
   34.899999999999999       -1.0086071329179296E-015   0.0000000000000000     
   35.000000000000000        4.6131210398089822E-016   0.0000000000000000     
   35.100000000000001        7.6900393838552822E-017   0.0000000000000000     
   35.200000000000003        2.2484534914935963E-015   0.0000000000000000     
   35.300000000000004       -1.1045577155174736E-015   0.0000000000000000     
   35.399999999999999       -2.3437859736045407E-015   0.0000000000000000     
   35.500000000000000        1.9995202524408762E-015   0.0000000000000000     
   35.600000000000001       -2.4984083200559719E-015   0.0000000000000000     
   35.700000000000003        2.0619121002905592E-015   0.0000000000000000     
   35.800000000000004       -8.2145186823369806E-016   0.0000000000000000     
   35.899999999999999        2.5972900974318304E-016   0.0000000000000000     
   36.000000000000000        9.3597664113376715E-016   0.0000000000000000     
   36.100000000000001        1.7656558007979509E-016   0.0000000000000000     
   36.200000000000003        3.8997611298346577E-016   0.0000000000000000     
   36.300000000000004       -1.6155657370922927E-015   0.0000000000000000     
   36.399999999999999       -7.9776567580727818E-016   0.0000000000000000     
   36.500000000000000        9.5533396098092818E-016   0.0000000000000000     
   36.600000000000001       -6.3147053649006343E-017   0.0000000000000000     
   36.700000000000003        2.1779651324383867E-015   0.0000000000000000     
   36.800000000000004       -1.7279656135643676E-015   0.0000000000000000     
   36.899999999999999        3.5131609784329940E-018   0.0000000000000000     
   37.000000000000000       -2.7115596538419300E-015   0.0000000000000000     
   37.100000000000001        3.8519873661630407E-015   0.0000000000000000     
   37.200000000000003       -2.3203278385071604E-015   0.0000000000000000     
   37.300000000000004        1.1320264467849195E-015   0.0000000000000000     
   37.399999999999999        1.1008169772902890E-015   0.0000000000000000     
   37.500000000000000       -2.0121043201300249E-017   0.0000000000000000     
   37.600000000000001        1.0889779539986596E-015   0.0000000000000000     
   37.700000000000003       -4.8856614552570988E-015   0.0000000000000000     
   37.800000000000004        1.0576057841474082E-015   0.0000000000000000     
   37.899999999999999        1.9853457132053965E-015   0.0000000000000000     
   38.000000000000000       -1.5841303431806541E-015   0.0000000000000000     
   38.100000000000001        2.4200390266466564E-015   0.0000000000000000     
   38.200000000000003       -1.6135216063207645E-015   0.0000000000000000     
   38.300000000000004        1.6920998586719332E-015   0.0000000000000000     
   38.400000000000006       -9.3133685082517537E-016   0.0000000000000000     
   38.500000000000000        6.3597614855188856E-016   0.0000000000000000     
   38.600000000000001       -2.2159524765406004E-015   0.0000000000000000     
   38.700000000000003        5.4387960145000557E-016   0.0000000000000000     
   38.800000000000004        2.8608433160316566E-017   0.0000000000000000     
   38.900000000000006        1.0571659843306550E-015   0.0000000000000000     
   39.000000000000000       -4.5256993995877066E-016   0.0000000000000000     
   39.100000000000001       -1.3795192714655132E-016   0.0000000000000000     
   39.200000000000003        2.3478456306668805E-016   0.0000000000000000     
   39.300000000000004        7.8275766377940011E-016   0.0000000000000000     
   39.400000000000006       -1.0831829092733834E-015   0.0000000000000000     
   39.500000000000000        4.8465353665034410E-016   0.0000000000000000     
   39.600000000000001       -1.5191046664295934E-015   0.0000000000000000     
   39.700000000000003        3.1107715145547468E-015   0.0000000000000000     
   39.800000000000004       -1.0220237694530414E-015   0.0000000000000000     
   39.900000000000006       -3.0770445323443321E-015   0.0000000000000000     
   40.000000000000000        1.8059173253971505E-015   0.0000000000000000     
   40.100000000000001       -5.9304063807647899E-016   0.0000000000000000     
   40.200000000000003        2.5550960640853161E-015   0.0000000000000000     
   40.300000000000004       -1.0499627879115160E-016   0.0000000000000000     
   40.400000000000006       -1.2990118688889725E-015   0.0000000000000000     
   40.500000000000000       -9.1959312614884994E-016   0.0000000000000000     
   40.600000000000001       -1.1801245436442038E-016   0.0000000000000000     
   40.700000000000003        1.1688024638685233E-015   0.0000000000000000     
   40.800000000000004        1.3390704786817588E-016   0.0000000000000000     
   40.900000000000006        1.2872604779694477E-016   0.0000000000000000     
   41.000000000000000       -4.3461187235966641E-016   0.0000000000000000     
   41.100000000000001       -7.3617874372209680E-016   0.0000000000000000     
   41.200000000000003        4.7609034976438130E-016   0.0000000000000000     
   41.300000000000004       -5.5789981110246269E-016   0.0000000000000000     
   41.400000000000006        2.7381239149620058E-015   0.0000000000000000     
   41.500000000000000       -1.7865917496791551E-015   0.0000000000000000     
   41.600000000000001       -4.9110635442377652E-016   0.0000000000000000     
   41.700000000000003       -2.1270198615338592E-015   0.0000000000000000     
   41.800000000000004        8.5554258959372433E-016   0.0000000000000000     
   41.900000000000006        4.8214226292959508E-015   0.0000000000000000     
   42.000000000000000       -2.2266048204973972E-015   0.0000000000000000     
   42.100000000000001       -5.7159217478515747E-016   0.0000000000000000     
   42.200000000000003       -7.5797964240600350E-018   0.0000000000000000     
   42.300000000000004       -1.1958707579403894E-015   0.0000000000000000     
   42.400000000000006       -8.1294384415784479E-016   0.0000000000000000     
   42.500000000000000       -2.3768423961210145E-017   0.0000000000000000     
   42.600000000000001        9.0691640384517766E-016   0.0000000000000000     
   42.700000000000003        4.0705255800772188E-016   0.0000000000000000     
   42.800000000000004        3.2502743296412950E-015   0.0000000000000000     
   42.900000000000006       -6.7837113143061721E-016   0.0000000000000000     
   43.000000000000000       -7.2199197814162077E-016   0.0000000000000000     
   43.100000000000001       -3.9756133080265439E-015   0.0000000000000000     
   43.200000000000003       -2.2690823719058187E-015   0.0000000000000000     
   43.300000000000004        3.8111384821147366E-015   0.0000000000000000     
   43.400000000000006        3.1830272840607736E-015   0.0000000000000000     
   43.500000000000000       -1.2160946067249713E-015   0.0000000000000000     
   43.600000000000001        1.7451311153174915E-015   0.0000000000000000     
   43.700000000000003       -1.3282445587672370E-015   0.0000000000000000     
   43.800000000000004       -2.1494965372796981E-015   0.0000000000000000     
   43.900000000000006       -2.7394973772219783E-015   0.0000000000000000     
   44.000000000000000       -1.5312387469228186E-016   0.0000000000000000     
   44.100000000000001        2.8238027440767820E-015   0.0000000000000000     
   44.200000000000003        1.7673664061462613E-015   0.0000000000000000     
   44.300000000000004       -1.0485039647057778E-016   0.0000000000000000     
   44.400000000000006        5.2372199211494900E-016   0.0000000000000000     
   44.500000000000000        2.2472765411910064E-015   0.0000000000000000     
   44.600000000000001       -2.6932733721306828E-015   0.0000000000000000     
   44.700000000000003       -1.7043075195378702E-015   0.0000000000000000     
   44.800000000000004       -7.5798221132421223E-016   0.0000000000000000     
   44.900000000000006       -1.3639101499123299E-016   0.0000000000000000     
   45.000000000000000       -2.2213723711014005E-015   0.0000000000000000     
   45.100000000000001        3.2198233953991326E-015   0.0000000000000000     
   45.200000000000003        9.6928189643842643E-016   0.0000000000000000     
   45.300000000000004        1.4015646239276245E-015   0.0000000000000000     
   45.400000000000006       -1.0271826491187280E-015   0.0000000000000000     
   45.500000000000000       -1.0838822414544653E-016   0.0000000000000000     
   45.600000000000001        1.6098651490390059E-015   0.0000000000000000     
   45.700000000000003       -1.5748508784038352E-015   0.0000000000000000     
   45.800000000000004       -1.5026539375195178E-015   0.0000000000000000     
   45.900000000000006       -6.4377678172692772E-016   0.0000000000000000     
   46.000000000000000       -9.4088571179872314E-016   0.0000000000000000     
   46.100000000000001       -2.3942489255746907E-016   0.0000000000000000     
   46.200000000000003        3.0972253331156074E-015   0.0000000000000000     
   46.300000000000004        3.6922976959155410E-015   0.0000000000000000     
   46.400000000000006       -1.2079537653796880E-015   0.0000000000000000     
   46.500000000000000       -3.7969624200491520E-015   0.0000000000000000     
   46.600000000000001        7.5725566869669006E-016   0.0000000000000000     
   46.700000000000003       -1.9387077546240955E-015   0.0000000000000000     
   46.800000000000004       -9.1272056081800011E-016   0.0000000000000000     
   46.900000000000006        1.9419706159844082E-016   0.0000000000000000     
   47.000000000000000        1.1731642479568155E-015   0.0000000000000000     
   47.100000000000001        6.0213491542797622E-015   0.0000000000000000     
   47.200000000000003        1.5215528309432806E-016   0.0000000000000000     
   47.300000000000004       -2.5975164998918198E-015   0.0000000000000000     
   47.400000000000006       -2.9589091878373863E-015   0.0000000000000000     
   47.500000000000000       -1.6034095490299366E-015   0.0000000000000000     
   47.600000000000001        1.2284816495833318E-015   0.0000000000000000     
   47.700000000000003        4.1291949941365015E-016   0.0000000000000000     
   47.800000000000004        1.2901007629634199E-015   0.0000000000000000     
   47.900000000000006       -8.9121840935545647E-016   0.0000000000000000     
   48.000000000000000        7.8522945534061016E-016   0.0000000000000000     
   48.100000000000001       -3.9247086306792304E-016   0.0000000000000000     
   48.200000000000003       -8.0175456108057489E-016   0.0000000000000000     
   48.300000000000004        1.1721222599641962E-015   0.0000000000000000     
   48.400000000000006        7.2735980836310197E-016   0.0000000000000000     
   48.500000000000000        1.5640875753377346E-015   0.0000000000000000     
   48.600000000000001       -2.7113608959845649E-015   0.0000000000000000     
   48.700000000000003       -1.9588138858761271E-015   0.0000000000000000     
   48.800000000000004        1.2898660703088488E-015   0.0000000000000000     
   48.900000000000006        4.0026305985449713E-016   0.0000000000000000     
   49.000000000000000        4.6494955727724390E-016   0.0000000000000000     
   49.100000000000001        1.0870937868085551E-015   0.0000000000000000     
   49.200000000000003        5.5592596773149092E-016   0.0000000000000000     
   49.300000000000004       -4.0478886413901169E-016   0.0000000000000000     
   49.400000000000006       -2.1186084111923418E-015   0.0000000000000000     
   49.500000000000000       -1.4998016343701341E-015   0.0000000000000000     
   49.600000000000001        1.3449708753600346E-015   0.0000000000000000     
   49.700000000000003        1.1728533180209045E-015   0.0000000000000000     
   49.800000000000004        4.3292353623743675E-016   0.0000000000000000     
   49.900000000000006        5.0654071924799070E-054   0.0000000000000000     
