   0.0000000000000000       0.17585710228041254        0.0000000000000000     
  0.10000000000000001       0.16677700339113982        0.0000000000000000     
  0.20000000000000001       0.15461479009125975        0.0000000000000000     
  0.30000000000000004       0.15334471713505651        0.0000000000000000     
  0.40000000000000002       0.13343887977199576        0.0000000000000000     
  0.50000000000000000       0.13429816282869889        0.0000000000000000     
  0.60000000000000009       0.10952972805523052        0.0000000000000000     
  0.70000000000000007       0.11332488897703102        0.0000000000000000     
  0.80000000000000004        8.8629693297791301E-002   0.0000000000000000     
  0.90000000000000002        9.5360707580442475E-002   0.0000000000000000     
   1.0000000000000000        7.0624226930345937E-002   0.0000000000000000     
   1.1000000000000001        8.0120420753631294E-002   0.0000000000000000     
   1.2000000000000002        5.5260473865487957E-002   0.0000000000000000     
   1.3000000000000000        6.7303993890020550E-002   0.0000000000000000     
   1.4000000000000001        4.2282115307774544E-002   0.0000000000000000     
   1.5000000000000000        5.6608494544344828E-002   0.0000000000000000     
   1.6000000000000001        3.1437955953402652E-002   0.0000000000000000     
   1.7000000000000002        4.7737124926925500E-002   0.0000000000000000     
   1.8000000000000000        2.2488413463122626E-002   0.0000000000000000     
   1.9000000000000001        4.0406494437891620E-002   0.0000000000000000     
   2.0000000000000000        1.5209946797890067E-002   0.0000000000000000     
   2.1000000000000001        3.4352230592938786E-002   0.0000000000000000     
   2.2000000000000002        9.3976221227550574E-003   0.0000000000000000     
   2.3000000000000003        2.9333078720955807E-002   0.0000000000000000     
   2.4000000000000004        4.8660804716478216E-003   0.0000000000000000     
   2.5000000000000000        2.5133665376227885E-002   0.0000000000000000     
   2.6000000000000001        1.4492119193903958E-003   0.0000000000000000     
   2.7000000000000002        2.1566105650849932E-002   0.0000000000000000     
   2.8000000000000003       -1.0011412364033605E-003   0.0000000000000000     
   2.9000000000000004        1.8470625700465544E-002   0.0000000000000000     
   3.0000000000000000       -2.6171320562589791E-003   0.0000000000000000     
   3.1000000000000001        1.5715354212128912E-002   0.0000000000000000     
   3.2000000000000002       -3.5172062574220474E-003   0.0000000000000000     
   3.3000000000000003        1.3195415297179561E-002   0.0000000000000000     
   3.4000000000000004       -3.8084809937733656E-003   0.0000000000000000     
   3.5000000000000000        1.0831434643386591E-002   0.0000000000000000     
   3.6000000000000001       -3.5889800082536754E-003   0.0000000000000000     
   3.7000000000000002        8.5675538782639202E-003   0.0000000000000000     
   3.8000000000000003       -2.9495502217548025E-003   0.0000000000000000     
   3.9000000000000004        6.3690368950982271E-003   0.0000000000000000     
   4.0000000000000000       -1.9753388341435399E-003   0.0000000000000000     
   4.1000000000000005        4.2195470187812471E-003   0.0000000000000000     
   4.2000000000000002       -7.4676475082326318E-004   0.0000000000000000     
   4.2999999999999998        2.1181748186664489E-003   0.0000000000000000     
   4.4000000000000004        6.6002936364766452E-004   0.0000000000000000     
   4.5000000000000000        7.6301637597200826E-005   0.0000000000000000     
   4.6000000000000005        2.1732106305704293E-003   0.0000000000000000     
   4.7000000000000002       -1.8856086288166869E-003   0.0000000000000000     
   4.8000000000000007        3.7257013158663358E-003   0.0000000000000000     
   4.9000000000000004       -3.7411897464081426E-003   0.0000000000000000     
   5.0000000000000000        5.2559316675328720E-003   0.0000000000000000     
   5.1000000000000005       -5.4612210256560203E-003   0.0000000000000000     
   5.2000000000000002        6.7087762161068985E-003   0.0000000000000000     
   5.3000000000000007       -7.0164386875763967E-003   0.0000000000000000     
   5.4000000000000004        8.0365414067325985E-003   0.0000000000000000     
   5.5000000000000000       -8.3800128002197039E-003   0.0000000000000000     
   5.6000000000000005        9.1998757783123587E-003   0.0000000000000000     
   5.7000000000000002       -9.5296049107734589E-003   0.0000000000000000     
   5.8000000000000007        1.0168487788096432E-002   0.0000000000000000     
   5.9000000000000004       -1.0448941048483028E-002   0.0000000000000000     
   6.0000000000000000        1.0921579098110697E-002   0.0000000000000000     
   6.1000000000000005       -1.1128859743231979E-002   0.0000000000000000     
   6.2000000000000002        1.1447930344187571E-002   0.0000000000000000     
   6.3000000000000007       -1.1567823291298055E-002   0.0000000000000000     
   6.4000000000000004        1.1745609298800414E-002   0.0000000000000000     
   6.5000000000000000       -1.1771910411834121E-002   0.0000000000000000     
   6.6000000000000005        1.1821304914582909E-002   0.0000000000000000     
   6.7000000000000002       -1.1754337165142533E-002   0.0000000000000000     
   6.8000000000000007        1.1689322068078229E-002   0.0000000000000000     
   6.9000000000000004       -1.1534578112485403E-002   0.0000000000000000     
   7.0000000000000000        1.1370298329311763E-002   0.0000000000000000     
   7.1000000000000005       -1.1137179103568415E-002   0.0000000000000000     
   7.2000000000000002        1.0889723754153880E-002   0.0000000000000000     
   7.3000000000000007       -1.0590365275639568E-002   0.0000000000000000     
   7.4000000000000004        1.0276356271034418E-002   0.0000000000000000     
   7.5000000000000000       -9.9245520591189473E-003   0.0000000000000000     
   7.6000000000000005        9.5606282795631450E-003   0.0000000000000000     
   7.7000000000000002       -9.1708632182873756E-003   0.0000000000000000     
   7.8000000000000007        8.7731349898661319E-003   0.0000000000000000     
   7.9000000000000004       -8.3597489744806699E-003   0.0000000000000000     
   8.0000000000000000        7.9432829330271810E-003   0.0000000000000000     
   8.0999999999999996       -7.5197804608257805E-003   0.0000000000000000     
   8.2000000000000011        7.0981596556733851E-003   0.0000000000000000     
   8.3000000000000007       -6.6766759886514359E-003   0.0000000000000000     
   8.4000000000000004        6.2616649147077047E-003   0.0000000000000000     
   8.5000000000000000       -5.8525919400105909E-003   0.0000000000000000     
   8.5999999999999996        5.4539218632521508E-003   0.0000000000000000     
   8.7000000000000011       -5.0656886070604293E-003   0.0000000000000000     
   8.8000000000000007        4.6909657990564894E-003   0.0000000000000000     
   8.9000000000000004       -4.3299608283454399E-003   0.0000000000000000     
   9.0000000000000000        3.9846897536222909E-003   0.0000000000000000     
   9.0999999999999996       -3.6553062909329180E-003   0.0000000000000000     
   9.2000000000000011        3.3430118015161632E-003   0.0000000000000000     
   9.3000000000000007       -3.0477918483434820E-003   0.0000000000000000     
   9.4000000000000004        2.7702192040837651E-003   0.0000000000000000     
   9.5000000000000000       -2.5100705850441972E-003   0.0000000000000000     
   9.6000000000000014        2.2674395715137755E-003   0.0000000000000000     
   9.7000000000000011       -2.0418995639301663E-003   0.0000000000000000     
   9.8000000000000007        1.8331888485935575E-003   0.0000000000000000     
   9.9000000000000004       -1.6407097129056288E-003   0.0000000000000000     
   10.000000000000000        1.4639494313912031E-003   0.0000000000000000     
   10.100000000000001       -1.3021843077667982E-003   0.0000000000000000     
   10.200000000000001        1.1547381740956498E-003   0.0000000000000000     
   10.300000000000001       -1.0208099698222391E-003   0.0000000000000000     
   10.400000000000000        8.9963239208406035E-004   0.0000000000000000     
   10.500000000000000       -7.9037294226415799E-004   0.0000000000000000     
   10.600000000000001        6.9223115978949811E-004   0.0000000000000000     
   10.700000000000001       -6.0438262767391847E-004   0.0000000000000000     
   10.800000000000001        5.2603830101452108E-004   0.0000000000000000     
   10.900000000000000       -4.5641310181956040E-004   0.0000000000000000     
   11.000000000000000        3.9476172330542872E-004   0.0000000000000000     
   11.100000000000001       -3.4036092320005162E-004   0.0000000000000000     
   11.200000000000001        2.9253063260652467E-004   0.0000000000000000     
   11.300000000000001       -2.5062362446759672E-004   0.0000000000000000     
   11.400000000000000        2.1403739161962023E-004   0.0000000000000000     
   11.500000000000000       -1.8220762423376365E-004   0.0000000000000000     
   11.600000000000001        1.5461428290646528E-004   0.0000000000000000     
   11.700000000000001       -1.3077695618322899E-004   0.0000000000000000     
   11.800000000000001        1.1025731128664915E-004   0.0000000000000000     
   11.900000000000000       -9.2655352053475713E-005   0.0000000000000000     
   12.000000000000000        7.7609661230176186E-005   0.0000000000000000     
   12.100000000000001       -6.4794109890501473E-005   0.0000000000000000     
   12.200000000000001        5.3916819366788912E-005   0.0000000000000000     
   12.300000000000001       -4.4717153302010645E-005   0.0000000000000000     
   12.400000000000000        3.6964011120777307E-005   0.0000000000000000     
   12.500000000000000       -3.0453067831041353E-005   0.0000000000000000     
   12.600000000000001        2.5004798948146312E-005   0.0000000000000000     
   12.700000000000001       -2.0461984991877886E-005   0.0000000000000000     
   12.800000000000001        1.6687721884360195E-005   0.0000000000000000     
   12.900000000000000       -1.3563216466353592E-005   0.0000000000000000     
   13.000000000000000        1.0985934452067451E-005   0.0000000000000000     
   13.100000000000001       -8.8677031195206074E-006   0.0000000000000000     
   13.200000000000001        7.1330778749364139E-006   0.0000000000000000     
   13.300000000000001       -5.7177519790211158E-006   0.0000000000000000     
   13.400000000000000        4.5671741966147164E-006   0.0000000000000000     
   13.500000000000000       -3.6352499375511539E-006   0.0000000000000000     
   13.600000000000001        2.8832105066779414E-006   0.0000000000000000     
   13.700000000000001       -2.2785784140308323E-006   0.0000000000000000     
   13.800000000000001        1.7942694281966012E-006   0.0000000000000000     
   13.900000000000000       -1.4077878273123577E-006   0.0000000000000000     
   14.000000000000000        1.1005320294654799E-006   0.0000000000000000     
   14.100000000000001       -8.5718299110198917E-007   0.0000000000000000     
   14.200000000000001        6.6518034927655358E-007   0.0000000000000000     
   14.300000000000001       -5.1426782043088655E-007   0.0000000000000000     
   14.400000000000000        3.9610703684595278E-007   0.0000000000000000     
   14.500000000000000       -3.0394689413438789E-007   0.0000000000000000     
   14.600000000000001        2.3234512158253764E-007   0.0000000000000000     
   14.700000000000001       -1.7693280886334712E-007   0.0000000000000000     
   14.800000000000001        1.3421791472321586E-007   0.0000000000000000     
   14.900000000000000       -1.0142096809102270E-007   0.0000000000000000     
   15.000000000000000        7.6339273863933932E-008   0.0000000000000000     
   15.100000000000001       -5.7234618050458368E-008   0.0000000000000000     
   15.200000000000001        4.2741277405007213E-008   0.0000000000000000     
   15.300000000000001       -3.1790775717791880E-008   0.0000000000000000     
   15.400000000000000        2.3550853592420431E-008   0.0000000000000000     
   15.500000000000000       -1.7376033802206819E-008   0.0000000000000000     
   15.600000000000001        1.2767907958950625E-008   0.0000000000000000     
   15.700000000000001       -9.3432972060031294E-009   0.0000000000000000     
   15.800000000000001        6.8089106869632419E-009   0.0000000000000000     
   15.900000000000000       -4.9412618668604796E-009   0.0000000000000000     
   16.000000000000000        3.5708143665211995E-009   0.0000000000000000     
   16.100000000000001       -2.5695113790162185E-009   0.0000000000000000     
   16.199999999999999        1.8410783979732991E-009   0.0000000000000000     
   16.300000000000001       -1.3134662321065463E-009   0.0000000000000000     
   16.400000000000002        9.3298408132462139E-010   0.0000000000000000     
   16.500000000000000       -6.5981385963332350E-010   0.0000000000000000     
   16.600000000000001        4.6456700565128353E-010   0.0000000000000000     
   16.699999999999999       -3.2563796097055271E-010   0.0000000000000000     
   16.800000000000001        2.2722861858417006E-010   0.0000000000000000     
   16.900000000000002       -1.5784518348180297E-010   0.0000000000000000     
   17.000000000000000        1.0914674434145446E-010   0.0000000000000000     
   17.100000000000001       -7.5120850080068997E-011   0.0000000000000000     
   17.199999999999999        5.1465008835009837E-011   0.0000000000000000     
   17.300000000000001       -3.5096012097297364E-011   0.0000000000000000     
   17.400000000000002        2.3817816097797665E-011   0.0000000000000000     
   17.500000000000000       -1.6086887334439283E-011   0.0000000000000000     
   17.600000000000001        1.0813714583885798E-011   0.0000000000000000     
   17.699999999999999       -7.2329207704330194E-012   0.0000000000000000     
   17.800000000000001        4.8153218263432371E-012   0.0000000000000000     
   17.900000000000002       -3.1889934744778678E-012   0.0000000000000000     
   18.000000000000000        2.0995377632013374E-012   0.0000000000000000     
   18.100000000000001       -1.3789820613061205E-012   0.0000000000000000     
   18.199999999999999        9.0272171539675883E-013   0.0000000000000000     
   18.300000000000001       -5.8410958322018305E-013   0.0000000000000000     
   18.400000000000002        3.7674045878549137E-013   0.0000000000000000     
   18.500000000000000       -2.4505941704087591E-013   0.0000000000000000     
   18.600000000000001        1.5786344855822951E-013   0.0000000000000000     
   18.699999999999999       -1.0091592281052429E-013   0.0000000000000000     
   18.800000000000001        6.4793229730019266E-014   0.0000000000000000     
   18.900000000000002       -4.0218780843055198E-014   0.0000000000000000     
   19.000000000000000        2.5223040072051703E-014   0.0000000000000000     
   19.100000000000001       -1.6162484848051349E-014   0.0000000000000000     
   19.200000000000003        7.9999141559377674E-015   0.0000000000000000     
   19.300000000000001       -3.4317588542802084E-015   0.0000000000000000     
   19.400000000000002        3.3801833579027019E-015   0.0000000000000000     
   19.500000000000000       -2.0620583222504247E-015   0.0000000000000000     
   19.600000000000001       -1.0166938521581144E-015   0.0000000000000000     
   19.700000000000003        8.9664935510406141E-016   0.0000000000000000     
   19.800000000000001        8.7573428570482262E-016   0.0000000000000000     
   19.900000000000002        7.9841322358910502E-016   0.0000000000000000     
   20.000000000000000       -3.5066891977896314E-015   0.0000000000000000     
   20.100000000000001        3.6388553891060732E-015   0.0000000000000000     
   20.200000000000003       -3.1479373822642112E-015   0.0000000000000000     
   20.300000000000001        2.4008985354713029E-015   0.0000000000000000     
   20.400000000000002       -2.0488738728575912E-015   0.0000000000000000     
   20.500000000000000        3.7749920457135892E-015   0.0000000000000000     
   20.600000000000001       -3.2668595447536238E-015   0.0000000000000000     
   20.700000000000003        7.0945479866287036E-016   0.0000000000000000     
   20.800000000000001       -2.2497708987890836E-015   0.0000000000000000     
   20.900000000000002        4.6629413560220061E-015   0.0000000000000000     
   21.000000000000000       -4.0940608015991133E-015   0.0000000000000000     
   21.100000000000001        3.6704377978610101E-015   0.0000000000000000     
   21.200000000000003       -3.8721927641753286E-015   0.0000000000000000     
   21.300000000000001        5.0533318284946657E-015   0.0000000000000000     
   21.400000000000002       -6.1148415815064895E-015   0.0000000000000000     
   21.500000000000000        3.7775797386196608E-015   0.0000000000000000     
   21.600000000000001       -2.3472916811137217E-015   0.0000000000000000     
   21.700000000000003        3.5070481423359307E-015   0.0000000000000000     
   21.800000000000001       -2.7493516278020033E-015   0.0000000000000000     
   21.900000000000002        2.5313377308247157E-015   0.0000000000000000     
   22.000000000000000       -3.3659575725400280E-015   0.0000000000000000     
   22.100000000000001        2.0776132297498333E-015   0.0000000000000000     
   22.200000000000003       -1.7190620525129661E-015   0.0000000000000000     
   22.300000000000001        1.7841413063414016E-015   0.0000000000000000     
   22.400000000000002        6.1863163226139875E-017   0.0000000000000000     
   22.500000000000000       -1.8888276974698193E-016   0.0000000000000000     
   22.600000000000001       -1.3560444813498576E-015   0.0000000000000000     
   22.700000000000003        1.4219621980709999E-015   0.0000000000000000     
   22.800000000000001        6.4709618318618721E-016   0.0000000000000000     
   22.900000000000002       -3.2472940254816347E-015   0.0000000000000000     
   23.000000000000000        3.4876267694146747E-015   0.0000000000000000     
   23.100000000000001       -3.4176987158416552E-015   0.0000000000000000     
   23.200000000000003        4.2914582845136255E-015   0.0000000000000000     
   23.300000000000001       -3.1591227306299065E-015   0.0000000000000000     
   23.400000000000002        2.7335621555755929E-015   0.0000000000000000     
   23.500000000000000       -2.5840728377599455E-015   0.0000000000000000     
   23.600000000000001       -6.7794543763375032E-016   0.0000000000000000     
   23.700000000000003        1.2626385357900681E-015   0.0000000000000000     
   23.800000000000001        4.5316171917083613E-016   0.0000000000000000     
   23.900000000000002        1.0521847878796087E-015   0.0000000000000000     
   24.000000000000000       -1.4036448647732441E-015   0.0000000000000000     
   24.100000000000001       -2.5895174392388933E-016   0.0000000000000000     
   24.200000000000003        3.2601313894960969E-016   0.0000000000000000     
   24.300000000000001        8.6906489518177384E-016   0.0000000000000000     
   24.400000000000002       -3.9563917246075733E-015   0.0000000000000000     
   24.500000000000000        6.3843787115719245E-015   0.0000000000000000     
   24.600000000000001       -5.1163473596076293E-015   0.0000000000000000     
   24.700000000000003        1.4946275807365019E-015   0.0000000000000000     
   24.800000000000001        2.5117023598720544E-015   0.0000000000000000     
   24.900000000000002       -2.2605709014084017E-015   0.0000000000000000     
   25.000000000000000        4.2139925508026531E-016   0.0000000000000000     
   25.100000000000001       -3.2413253501366234E-015   0.0000000000000000     
   25.200000000000003        3.5568546266657257E-015   0.0000000000000000     
   25.300000000000001       -7.0630329019481577E-016   0.0000000000000000     
   25.400000000000002        2.1279694949078278E-015   0.0000000000000000     
   25.500000000000000       -2.9242002467033180E-015   0.0000000000000000     
   25.600000000000001        1.6408688254443231E-015   0.0000000000000000     
   25.700000000000003       -8.8830233914233330E-016   0.0000000000000000     
   25.800000000000001       -1.5360537366678552E-015   0.0000000000000000     
   25.900000000000002        2.5219025371139553E-015   0.0000000000000000     
   26.000000000000000       -2.5851101225609035E-015   0.0000000000000000     
   26.100000000000001        2.4853711752500880E-015   0.0000000000000000     
   26.200000000000003        6.9017595827306194E-016   0.0000000000000000     
   26.300000000000001       -5.7821738276834931E-016   0.0000000000000000     
   26.400000000000002       -2.2643030864250354E-017   0.0000000000000000     
   26.500000000000000       -3.2834371075335941E-015   0.0000000000000000     
   26.600000000000001        3.2907184774170906E-016   0.0000000000000000     
   26.700000000000003        1.2970884155872648E-015   0.0000000000000000     
   26.800000000000001        4.2303457275181314E-015   0.0000000000000000     
   26.900000000000002       -2.2998167981412415E-015   0.0000000000000000     
   27.000000000000000       -7.6185871850980029E-016   0.0000000000000000     
   27.100000000000001       -1.5273439089388716E-015   0.0000000000000000     
   27.200000000000003        3.0918401165230367E-016   0.0000000000000000     
   27.300000000000001       -1.6082973813561969E-015   0.0000000000000000     
   27.400000000000002        3.0442049305759157E-015   0.0000000000000000     
   27.500000000000000        1.8356995667554675E-015   0.0000000000000000     
   27.600000000000001       -1.7034002966494513E-015   0.0000000000000000     
   27.700000000000003       -5.2382041067102690E-016   0.0000000000000000     
   27.800000000000001       -1.2128723915826842E-015   0.0000000000000000     
   27.900000000000002        8.2520592974335307E-016   0.0000000000000000     
   28.000000000000000       -1.8464813713342783E-015   0.0000000000000000     
   28.100000000000001        2.3263877498757713E-015   0.0000000000000000     
   28.200000000000003        1.2462313771243834E-015   0.0000000000000000     
   28.300000000000001       -8.1599986167360901E-016   0.0000000000000000     
   28.400000000000002       -3.5320801584519749E-017   0.0000000000000000     
   28.500000000000000       -2.2892583156312492E-015   0.0000000000000000     
   28.600000000000001        2.6750423910500438E-015   0.0000000000000000     
   28.700000000000003       -3.4366480992695849E-015   0.0000000000000000     
   28.800000000000001        2.4711746219434163E-015   0.0000000000000000     
   28.900000000000002        9.5963375146691712E-016   0.0000000000000000     
   29.000000000000000        4.2017534976800464E-016   0.0000000000000000     
   29.100000000000001       -1.9812273069989638E-015   0.0000000000000000     
   29.200000000000003       -9.6147404776558095E-016   0.0000000000000000     
   29.300000000000001        2.8789076630254745E-015   0.0000000000000000     
   29.400000000000002       -2.3754338243106406E-015   0.0000000000000000     
   29.500000000000000        2.1810841552779071E-016   0.0000000000000000     
   29.600000000000001        1.4804312192930728E-015   0.0000000000000000     
   29.700000000000003        3.5549292300137401E-016   0.0000000000000000     
   29.800000000000001       -1.4512813713993932E-015   0.0000000000000000     
   29.900000000000002       -1.3859325898124603E-015   0.0000000000000000     
   30.000000000000000        3.1407160284467706E-015   0.0000000000000000     
   30.100000000000001       -1.5925639870649886E-015   0.0000000000000000     
   30.200000000000003        3.5647325216210268E-016   0.0000000000000000     
   30.300000000000001        6.6494241473108843E-016   0.0000000000000000     
   30.400000000000002       -2.0911693428270627E-015   0.0000000000000000     
   30.500000000000000        9.8075851044170339E-016   0.0000000000000000     
   30.600000000000001       -1.1676934862802457E-015   0.0000000000000000     
   30.700000000000003        3.9780620271731314E-015   0.0000000000000000     
   30.800000000000001       -2.1326244847347088E-015   0.0000000000000000     
   30.900000000000002        2.1173258794446395E-016   0.0000000000000000     
   31.000000000000000       -2.2461088497749659E-015   0.0000000000000000     
   31.100000000000001        1.9006783484242848E-016   0.0000000000000000     
   31.200000000000003        1.8620747111848409E-015   0.0000000000000000     
   31.300000000000001        9.1728204178448897E-016   0.0000000000000000     
   31.400000000000002       -1.1224782344662443E-015   0.0000000000000000     
   31.500000000000000       -4.1901629780143892E-016   0.0000000000000000     
   31.600000000000001        4.4950036962528766E-016   0.0000000000000000     
   31.700000000000003       -7.5329195136002125E-016   0.0000000000000000     
   31.800000000000001       -7.8449862858020980E-016   0.0000000000000000     
   31.900000000000002        3.6068251394797024E-015   0.0000000000000000     
   32.000000000000000       -3.1841064009865217E-015   0.0000000000000000     
   32.100000000000001       -2.1920274974786836E-016   0.0000000000000000     
   32.200000000000003        1.5959911375999644E-015   0.0000000000000000     
   32.300000000000004       -2.6403724937280475E-016   0.0000000000000000     
   32.399999999999999        3.6148264522799256E-016   0.0000000000000000     
   32.500000000000000        1.7004972826582989E-016   0.0000000000000000     
   32.600000000000001       -1.7768296380510467E-015   0.0000000000000000     
   32.700000000000003        6.9417556487537603E-016   0.0000000000000000     
   32.800000000000004       -5.9093583750799802E-016   0.0000000000000000     
   32.899999999999999        8.2915998911859511E-016   0.0000000000000000     
   33.000000000000000       -9.0165725009021807E-017   0.0000000000000000     
   33.100000000000001        3.2552808034961658E-015   0.0000000000000000     
   33.200000000000003       -3.7905542415277475E-015   0.0000000000000000     
   33.300000000000004        8.1003575632688516E-016   0.0000000000000000     
   33.399999999999999       -2.1858371518482105E-015   0.0000000000000000     
   33.500000000000000        8.5837711385774783E-016   0.0000000000000000     
   33.600000000000001        2.6082762383741890E-015   0.0000000000000000     
   33.700000000000003       -1.1827247736011719E-015   0.0000000000000000     
   33.800000000000004        1.0414220091055295E-015   0.0000000000000000     
   33.899999999999999       -6.3232506524859587E-016   0.0000000000000000     
   34.000000000000000       -1.8844181301224358E-015   0.0000000000000000     
   34.100000000000001        1.3045419182250858E-015   0.0000000000000000     
   34.200000000000003       -1.1665576737751368E-015   0.0000000000000000     
   34.300000000000004        6.1058609794956388E-016   0.0000000000000000     
   34.399999999999999        1.2034233073963099E-015   0.0000000000000000     
   34.500000000000000        6.9838124779773227E-016   0.0000000000000000     
   34.600000000000001       -1.0740361763423140E-015   0.0000000000000000     
   34.700000000000003       -7.1357615094973750E-016   0.0000000000000000     
   34.800000000000004        7.8896028277035928E-017   0.0000000000000000     
   34.899999999999999       -1.2130487670850794E-015   0.0000000000000000     
   35.000000000000000        2.4019419152430526E-015   0.0000000000000000     
   35.100000000000001       -4.2596180200651277E-016   0.0000000000000000     
   35.200000000000003       -4.0525143351541995E-016   0.0000000000000000     
   35.300000000000004       -2.9027950558472939E-016   0.0000000000000000     
   35.399999999999999        3.7204697113737123E-016   0.0000000000000000     
   35.500000000000000       -1.1428736217651633E-016   0.0000000000000000     
   35.600000000000001        8.8602272969580000E-016   0.0000000000000000     
   35.700000000000003       -1.5434061289761935E-015   0.0000000000000000     
   35.800000000000004        2.4486520709589880E-016   0.0000000000000000     
   35.899999999999999        1.9035369625327119E-016   0.0000000000000000     
   36.000000000000000       -7.7933989100490809E-016   0.0000000000000000     
   36.100000000000001        1.8694975625653604E-015   0.0000000000000000     
   36.200000000000003        3.5010397685429884E-016   0.0000000000000000     
   36.300000000000004        2.0901843346139143E-017   0.0000000000000000     
   36.399999999999999       -1.8336884085009303E-015   0.0000000000000000     
   36.500000000000000       -2.0196191359475371E-015   0.0000000000000000     
   36.600000000000001        2.1915494559487748E-015   0.0000000000000000     
   36.700000000000003        1.0757755953915303E-015   0.0000000000000000     
   36.800000000000004        4.7813561025392951E-016   0.0000000000000000     
   36.899999999999999       -4.4225533978657414E-016   0.0000000000000000     
   37.000000000000000       -4.5201671391634779E-016   0.0000000000000000     
   37.100000000000001       -1.3053587210416848E-016   0.0000000000000000     
   37.200000000000003       -1.2420772054910260E-015   0.0000000000000000     
   37.300000000000004       -7.1761212873680566E-016   0.0000000000000000     
   37.399999999999999        2.8217380551208179E-015   0.0000000000000000     
   37.500000000000000        2.1267977729356063E-016   0.0000000000000000     
   37.600000000000001       -1.3680099852783067E-015   0.0000000000000000     
   37.700000000000003       -5.9201830358653985E-016   0.0000000000000000     
   37.800000000000004        3.2052748441897354E-015   0.0000000000000000     
   37.899999999999999       -4.0492975249341871E-015   0.0000000000000000     
   38.000000000000000        7.7539249496155970E-016   0.0000000000000000     
   38.100000000000001        2.0568106522828044E-015   0.0000000000000000     
   38.200000000000003       -2.0093696602692305E-015   0.0000000000000000     
   38.300000000000004       -1.7906379248097911E-016   0.0000000000000000     
   38.400000000000006        1.1827128145657825E-015   0.0000000000000000     
   38.500000000000000        1.2069661738737556E-015   0.0000000000000000     
   38.600000000000001       -2.7407231329706172E-016   0.0000000000000000     
   38.700000000000003       -2.2575490431876315E-015   0.0000000000000000     
   38.800000000000004       -7.8111614953603189E-017   0.0000000000000000     
   38.900000000000006        2.3585862803028522E-015   0.0000000000000000     
   39.000000000000000       -1.4030039734205271E-015   0.0000000000000000     
   39.100000000000001       -1.8761718611401910E-017   0.0000000000000000     
   39.200000000000003       -3.4598542014657515E-016   0.0000000000000000     
   39.300000000000004        8.8255620954305447E-016   0.0000000000000000     
   39.400000000000006       -1.5019223480027073E-015   0.0000000000000000     
   39.500000000000000        2.9498244431778298E-015   0.0000000000000000     
   39.600000000000001       -6.7347512864005182E-018   0.0000000000000000     
   39.700000000000003       -5.2832937524306556E-016   0.0000000000000000     
   39.800000000000004       -3.5764832857336764E-015   0.0000000000000000     
   39.900000000000006       -8.3844916109095381E-016   0.0000000000000000     
   40.000000000000000        4.0894130252272722E-015   0.0000000000000000     
   40.100000000000001       -6.7114015653542128E-016   0.0000000000000000     
   40.200000000000003        9.3993988912432206E-016   0.0000000000000000     
   40.300000000000004        1.1699605114396521E-015   0.0000000000000000     
   40.400000000000006       -1.9603537639661900E-015   0.0000000000000000     
   40.500000000000000       -1.6185945654423300E-015   0.0000000000000000     
   40.600000000000001        2.9500829574554559E-016   0.0000000000000000     
   40.700000000000003       -2.9787858384886590E-016   0.0000000000000000     
   40.800000000000004        4.3142701379822138E-016   0.0000000000000000     
   40.900000000000006        2.2033980003906627E-015   0.0000000000000000     
   41.000000000000000       -4.5854269946595476E-017   0.0000000000000000     
   41.100000000000001       -8.4582805990392121E-016   0.0000000000000000     
   41.200000000000003       -2.2436162170190850E-016   0.0000000000000000     
   41.300000000000004       -3.7329560701391680E-016   0.0000000000000000     
   41.400000000000006       -1.3863536092613334E-015   0.0000000000000000     
   41.500000000000000        2.0947399881311866E-016   0.0000000000000000     
   41.600000000000001        1.7769838735477836E-015   0.0000000000000000     
   41.700000000000003        2.6333586233421867E-016   0.0000000000000000     
   41.800000000000004        1.0135055130886784E-015   0.0000000000000000     
   41.900000000000006       -8.5856583876093837E-016   0.0000000000000000     
   42.000000000000000       -1.7294513565306024E-015   0.0000000000000000     
   42.100000000000001       -1.4092079030606058E-015   0.0000000000000000     
   42.200000000000003        1.4273741443264033E-015   0.0000000000000000     
   42.300000000000004        1.6237388821860458E-015   0.0000000000000000     
   42.400000000000006       -1.0315252643397140E-015   0.0000000000000000     
   42.500000000000000        1.5592169616682533E-015   0.0000000000000000     
   42.600000000000001        3.0734550055377742E-016   0.0000000000000000     
   42.700000000000003       -1.5422379128078494E-015   0.0000000000000000     
   42.800000000000004       -1.2057283947982541E-017   0.0000000000000000     
   42.900000000000006       -1.7776416135836802E-015   0.0000000000000000     
   43.000000000000000       -5.7673690434775619E-017   0.0000000000000000     
   43.100000000000001        1.6232481571967814E-015   0.0000000000000000     
   43.200000000000003       -8.7269941449977538E-016   0.0000000000000000     
   43.300000000000004        1.9473458450059590E-015   0.0000000000000000     
   43.400000000000006        1.1357133083982430E-015   0.0000000000000000     
   43.500000000000000        1.1380078333250210E-016   0.0000000000000000     
   43.600000000000001       -1.3408748579387247E-016   0.0000000000000000     
   43.700000000000003       -3.5713664243249640E-015   0.0000000000000000     
   43.800000000000004       -1.5632225697528817E-015   0.0000000000000000     
   43.900000000000006       -5.5960244758467112E-016   0.0000000000000000     
   44.000000000000000        2.5228798826388440E-015   0.0000000000000000     
   44.100000000000001        3.1291938656234699E-015   0.0000000000000000     
   44.200000000000003       -2.8221885192512825E-016   0.0000000000000000     
   44.300000000000004        1.6294331896608253E-015   0.0000000000000000     
   44.400000000000006       -1.1307259437354136E-015   0.0000000000000000     
   44.500000000000000       -3.5650355796751345E-015   0.0000000000000000     
   44.600000000000001       -4.2263447449461622E-016   0.0000000000000000     
   44.700000000000003       -3.7623361697378668E-016   0.0000000000000000     
   44.800000000000004        3.1994095862739741E-016   0.0000000000000000     
   44.900000000000006        1.1553118932429035E-015   0.0000000000000000     
   45.000000000000000       -5.0534016513087352E-018   0.0000000000000000     
   45.100000000000001        2.6661165282682668E-015   0.0000000000000000     
   45.200000000000003        1.6551758174697207E-015   0.0000000000000000     
   45.300000000000004       -1.4822235203210946E-015   0.0000000000000000     
   45.400000000000006       -2.0034107578746618E-015   0.0000000000000000     
   45.500000000000000       -2.8057030962071604E-015   0.0000000000000000     
   45.600000000000001        4.6909803999841747E-016   0.0000000000000000     
   45.700000000000003       -3.1256424116663872E-017   0.0000000000000000     
   45.800000000000004        7.4130297509621331E-016   0.0000000000000000     
   45.900000000000006        3.5967327710610296E-015   0.0000000000000000     
   46.000000000000000       -2.7498528203755225E-016   0.0000000000000000     
   46.100000000000001       -2.3445190886357309E-016   0.0000000000000000     
   46.200000000000003        4.5882505975722155E-016   0.0000000000000000     
   46.300000000000004       -2.7768129350237764E-015   0.0000000000000000     
   46.400000000000006       -2.7948074427202841E-015   0.0000000000000000     
   46.500000000000000        2.5048019689539310E-015   0.0000000000000000     
   46.600000000000001        1.9398109243678389E-015   0.0000000000000000     
   46.700000000000003       -1.9718391024910739E-015   0.0000000000000000     
   46.800000000000004        1.5938943169813862E-015   0.0000000000000000     
   46.900000000000006        8.5701307174253727E-016   0.0000000000000000     
   47.000000000000000       -7.3437485292220679E-016   0.0000000000000000     
   47.100000000000001       -1.5929573309340028E-016   0.0000000000000000     
   47.200000000000003       -1.9209952549364895E-015   0.0000000000000000     
   47.300000000000004        6.0319293025161977E-017   0.0000000000000000     
   47.400000000000006        1.4619663069798043E-015   0.0000000000000000     
   47.500000000000000        1.7636724634050209E-016   0.0000000000000000     
   47.600000000000001       -1.6626896584016566E-017   0.0000000000000000     
   47.700000000000003        5.9433203331573352E-016   0.0000000000000000     
   47.800000000000004       -3.1620894656779967E-016   0.0000000000000000     
   47.900000000000006       -5.1088186396817397E-016   0.0000000000000000     
   48.000000000000000       -1.1878879592525817E-015   0.0000000000000000     
   48.100000000000001       -1.4163471789982501E-015   0.0000000000000000     
   48.200000000000003        2.4729068153136266E-015   0.0000000000000000     
   48.300000000000004        1.5974802217349562E-015   0.0000000000000000     
   48.400000000000006       -5.7265234354920704E-017   0.0000000000000000     
   48.500000000000000        3.1919567404018123E-016   0.0000000000000000     
   48.600000000000001       -2.8038502641189232E-015   0.0000000000000000     
   48.700000000000003       -9.4111762125924962E-016   0.0000000000000000     
   48.800000000000004        2.4315372676223698E-015   0.0000000000000000     
   48.900000000000006       -3.1316060567043556E-016   0.0000000000000000     
   49.000000000000000       -1.5038218584431092E-015   0.0000000000000000     
   49.100000000000001        7.2178711924626230E-016   0.0000000000000000     
   49.200000000000003        7.9778713502968692E-016   0.0000000000000000     
   49.300000000000004        8.9738339701051889E-016   0.0000000000000000     
   49.400000000000006        8.9398504918334640E-016   0.0000000000000000     
   49.500000000000000       -1.6404154810038154E-015   0.0000000000000000     
   49.600000000000001       -1.4971143919794441E-015   0.0000000000000000     
   49.700000000000003       -1.2041923264726069E-016   0.0000000000000000     
   49.800000000000004        6.4275185544736342E-016   0.0000000000000000     
   49.900000000000006        5.0654071924799070E-054   0.0000000000000000     
