   0.0000000000000000        6.1396746718726395E-003   0.0000000000000000     
  0.10000000000000001        5.6296689792179801E-003   0.0000000000000000     
  0.20000000000000001        4.9268918651424265E-003   0.0000000000000000     
  0.30000000000000004        4.9928829150949171E-003   0.0000000000000000     
  0.40000000000000002        3.8337729517261528E-003   0.0000000000000000     
  0.50000000000000000        4.1474010779598072E-003   0.0000000000000000     
  0.60000000000000009        2.6631548202337841E-003   0.0000000000000000     
  0.70000000000000007        3.3302137358298982E-003   0.0000000000000000     
  0.80000000000000004        1.7088978937227644E-003   0.0000000000000000     
  0.90000000000000002        2.7640702350601293E-003   0.0000000000000000     
   1.0000000000000000        9.2510775949321625E-004   0.0000000000000000     
   1.1000000000000001        2.4037763391234171E-003   0.0000000000000000     
   1.2000000000000002        2.6291592404702457E-004   0.0000000000000000     
   1.3000000000000000        2.2136070758957704E-003   0.0000000000000000     
   1.4000000000000001       -3.1763796182392244E-004   0.0000000000000000     
   1.5000000000000000        2.1661116445800756E-003   0.0000000000000000     
   1.6000000000000001       -8.4897657365955094E-004   0.0000000000000000     
   1.7000000000000002        2.2404853506353059E-003   0.0000000000000000     
   1.8000000000000000       -1.3571458051983578E-003   0.0000000000000000     
   1.9000000000000001        2.4210849152935935E-003   0.0000000000000000     
   2.0000000000000000       -1.8627451118086509E-003   0.0000000000000000     
   2.1000000000000001        2.6960837322784746E-003   0.0000000000000000     
   2.2000000000000002       -2.3816377030932701E-003   0.0000000000000000     
   2.3000000000000003        3.0562593837177993E-003   0.0000000000000000     
   2.4000000000000004       -2.9254600632293826E-003   0.0000000000000000     
   2.5000000000000000        3.4939051983754249E-003   0.0000000000000000     
   2.6000000000000001       -3.5019575634643368E-003   0.0000000000000000     
   2.7000000000000002        4.0018596829600392E-003   0.0000000000000000     
   2.8000000000000003       -4.1151787546941723E-003   0.0000000000000000     
   2.9000000000000004        4.5726515389355382E-003   0.0000000000000000     
   3.0000000000000000       -4.7655654892102134E-003   0.0000000000000000     
   3.1000000000000001        5.1977629167439116E-003   0.0000000000000000     
   3.2000000000000002       -5.4499793694323742E-003   0.0000000000000000     
   3.3000000000000003        5.8670187681576485E-003   0.0000000000000000     
   3.4000000000000004       -6.1617070632859604E-003   0.0000000000000000     
   3.5000000000000000        6.5681148594565683E-003   0.0000000000000000     
   3.6000000000000001       -6.8904875475754258E-003   0.0000000000000000     
   3.7000000000000002        7.2863004715359864E-003   0.0000000000000000     
   3.8000000000000003       -7.6226030535372696E-003   0.0000000000000000     
   3.9000000000000004        8.0042333849465221E-003   0.0000000000000000     
   4.0000000000000000       -8.3410720868256679E-003   0.0000000000000000     
   4.1000000000000005        8.7020239010051001E-003   0.0000000000000000     
   4.2000000000000002       -9.0259771208037361E-003   0.0000000000000000     
   4.2999999999999998        9.3574810301610394E-003   0.0000000000000000     
   4.4000000000000004       -9.6549512790377739E-003   0.0000000000000000     
   4.5000000000000000        9.9465674529722031E-003   0.0000000000000000     
   4.6000000000000005       -1.0203837576934115E-002   0.0000000000000000     
   4.7000000000000002        1.0444060557640415E-002   0.0000000000000000     
   4.8000000000000007       -1.0647521366356834E-002   0.0000000000000000     
   4.9000000000000004        1.0824405201929233E-002   0.0000000000000000     
   5.0000000000000000       -1.0960922070291432E-002   0.0000000000000000     
   5.1000000000000005        1.1062730552791221E-002   0.0000000000000000     
   5.2000000000000002       -1.1120114930014413E-002   0.0000000000000000     
   5.3000000000000007        1.1135989413588895E-002   0.0000000000000000     
   5.4000000000000004       -1.1103538376290174E-002   0.0000000000000000     
   5.5000000000000000        1.1024165064908133E-002   0.0000000000000000     
   5.6000000000000005       -1.0893229018300567E-002   0.0000000000000000     
   5.7000000000000002        1.0711479160077229E-002   0.0000000000000000     
   5.8000000000000007       -1.0476015436761694E-002   0.0000000000000000     
   5.9000000000000004        1.0187525986107357E-002   0.0000000000000000     
   6.0000000000000000       -9.8445952412059105E-003   0.0000000000000000     
   6.1000000000000005        9.4482546608290856E-003   0.0000000000000000     
   6.2000000000000002       -8.9984182902725068E-003   0.0000000000000000     
   6.3000000000000007        8.4967225590059682E-003   0.0000000000000000     
   6.4000000000000004       -7.9443033343495565E-003   0.0000000000000000     
   6.5000000000000000        7.3435510174064073E-003   0.0000000000000000     
   6.6000000000000005       -6.6967259252055785E-003   0.0000000000000000     
   6.7000000000000002        6.0070282249028743E-003   0.0000000000000000     
   6.8000000000000007       -5.2777320068719408E-003   0.0000000000000000     
   6.9000000000000004        4.5128236453721438E-003   0.0000000000000000     
   7.0000000000000000       -3.7164533285176742E-003   0.0000000000000000     
   7.1000000000000005        2.8933022459980665E-003   0.0000000000000000     
   7.2000000000000002       -2.0482263086767350E-003   0.0000000000000000     
   7.3000000000000007        1.1864535718660758E-003   0.0000000000000000     
   7.4000000000000004       -3.1334335226954985E-004   0.0000000000000000     
   7.5000000000000000       -5.6552174051708421E-004   0.0000000000000000     
   7.6000000000000005        1.4445073371974824E-003   0.0000000000000000     
   7.7000000000000002       -2.3178993873177946E-003   0.0000000000000000     
   7.8000000000000007        3.1800330509539330E-003   0.0000000000000000     
   7.9000000000000004       -4.0253019571421019E-003   0.0000000000000000     
   8.0000000000000000        4.8482591609283841E-003   0.0000000000000000     
   8.0999999999999996       -5.6436456172026675E-003   0.0000000000000000     
   8.2000000000000011        6.4064706426718143E-003   0.0000000000000000     
   8.3000000000000007       -7.1320473557940868E-003   0.0000000000000000     
   8.4000000000000004        7.8160558853974764E-003   0.0000000000000000     
   8.5000000000000000       -8.4545773293430316E-003   0.0000000000000000     
   8.5999999999999996        9.0441407514819990E-003   0.0000000000000000     
   8.7000000000000011       -9.5817499150607170E-003   0.0000000000000000     
   8.8000000000000007        1.0064914206030980E-002   0.0000000000000000     
   8.9000000000000004       -1.0491664476511694E-002   0.0000000000000000     
   9.0000000000000000        1.0860567951506110E-002   0.0000000000000000     
   9.0999999999999996       -1.1170731228241644E-002   0.0000000000000000     
   9.2000000000000011        1.1421799632789364E-002   0.0000000000000000     
   9.3000000000000007       -1.1613946879568128E-002   0.0000000000000000     
   9.4000000000000004        1.1747860001522822E-002   0.0000000000000000     
   9.5000000000000000       -1.1824716415264341E-002   0.0000000000000000     
   9.6000000000000014        1.1846156271377402E-002   0.0000000000000000     
   9.7000000000000011       -1.1814248685538674E-002   0.0000000000000000     
   9.8000000000000007        1.1731454009122210E-002   0.0000000000000000     
   9.9000000000000004       -1.1600581749423855E-002   0.0000000000000000     
   10.000000000000000        1.1424745749278943E-002   0.0000000000000000     
   10.100000000000001       -1.1207316806782266E-002   0.0000000000000000     
   10.200000000000001        1.0951874016814699E-002   0.0000000000000000     
   10.300000000000001       -1.0662155302153238E-002   0.0000000000000000     
   10.400000000000000        1.0342008184682583E-002   0.0000000000000000     
   10.500000000000000       -9.9953413651277506E-003   0.0000000000000000     
   10.600000000000001        9.6260779628679263E-003   0.0000000000000000     
   10.700000000000001       -9.2381109612629519E-003   0.0000000000000000     
   10.800000000000001        8.8352615144653840E-003   0.0000000000000000     
   10.900000000000000       -8.4212405585385227E-003   0.0000000000000000     
   11.000000000000000        7.9996141831215842E-003   0.0000000000000000     
   11.100000000000001       -7.5737730578925239E-003   0.0000000000000000     
   11.200000000000001        7.1469061704072072E-003   0.0000000000000000     
   11.300000000000001       -6.7219790020569313E-003   0.0000000000000000     
   11.400000000000000        6.3017162091801781E-003   0.0000000000000000     
   11.500000000000000       -5.8885887711888222E-003   0.0000000000000000     
   11.600000000000001        5.4848055046436729E-003   0.0000000000000000     
   11.700000000000001       -5.0923087598709078E-003   0.0000000000000000     
   11.800000000000001        4.7127740621063429E-003   0.0000000000000000     
   11.900000000000000       -4.3476133997576126E-003   0.0000000000000000     
   12.000000000000000        3.9979818229437195E-003   0.0000000000000000     
   12.100000000000001       -3.6647869787106374E-003   0.0000000000000000     
   12.200000000000001        3.3487011881009779E-003   0.0000000000000000     
   12.300000000000001       -3.0501756550202989E-003   0.0000000000000000     
   12.400000000000000        2.7694563938648106E-003   0.0000000000000000     
   12.500000000000000       -2.5066014666090207E-003   0.0000000000000000     
   12.600000000000001        2.2614991332612828E-003   0.0000000000000000     
   12.700000000000001       -2.0338865387727317E-003   0.0000000000000000     
   12.800000000000001        1.8233685852818186E-003   0.0000000000000000     
   12.900000000000000       -1.6294366687501604E-003   0.0000000000000000     
   13.000000000000000        1.4514869933446946E-003   0.0000000000000000     
   13.100000000000001       -1.2888382134166598E-003   0.0000000000000000     
   13.200000000000001        1.1407481912228759E-003   0.0000000000000000     
   13.300000000000001       -1.0064296971729388E-003   0.0000000000000000     
   13.400000000000000        8.8506491755343045E-004   0.0000000000000000     
   13.500000000000000       -7.7581867160486553E-004   0.0000000000000000     
   13.600000000000001        6.7785027480331739E-004   0.0000000000000000     
   13.700000000000001       -5.9032401745597810E-004   0.0000000000000000     
   13.800000000000001        5.1241825704698152E-004   0.0000000000000000     
   13.900000000000000       -4.4333314867629373E-004   0.0000000000000000     
   14.000000000000000        3.8229706022564611E-004   0.0000000000000000     
   14.100000000000001       -3.2857173755326011E-004   0.0000000000000000     
   14.200000000000001        2.8145629995941524E-004   0.0000000000000000     
   14.300000000000001       -2.4029015752644129E-004   0.0000000000000000     
   14.400000000000000        2.0445494997355841E-004   0.0000000000000000     
   14.500000000000000       -1.7337561150376784E-004   0.0000000000000000     
   14.600000000000001        1.4652066810296851E-004   0.0000000000000000     
   14.700000000000001       -1.2340187323857073E-004   0.0000000000000000     
   14.800000000000001        1.0357328523061310E-004   0.0000000000000000     
   14.900000000000000       -8.6629885082041566E-005   0.0000000000000000     
   15.000000000000000        7.2205827581833253E-005   0.0000000000000000     
   15.100000000000001       -5.9972411473219857E-005   0.0000000000000000     
   15.200000000000001        4.9635846678695811E-005   0.0000000000000000     
   15.300000000000001       -4.0934888238174966E-005   0.0000000000000000     
   15.400000000000000        3.3638398154412915E-005   0.0000000000000000     
   15.500000000000000       -2.7542887845753482E-005   0.0000000000000000     
   15.600000000000001        2.2470085608999887E-005   0.0000000000000000     
   15.700000000000001       -1.8264565715129787E-005   0.0000000000000000     
   15.800000000000001        1.4791468343139059E-005   0.0000000000000000     
   15.900000000000000       -1.1934332741428697E-005   0.0000000000000000     
   16.000000000000000        9.5930600350594698E-006   0.0000000000000000     
   16.100000000000001       -7.6820166301372124E-006   0.0000000000000000     
   16.199999999999999        6.1282844392038116E-006   0.0000000000000000     
   16.300000000000001       -4.8700602745699099E-006   0.0000000000000000     
   16.400000000000002        3.8552033435243438E-006   0.0000000000000000     
   16.500000000000000       -3.0399271007919584E-006   0.0000000000000000     
   16.600000000000001        2.3876296975495298E-006   0.0000000000000000     
   16.699999999999999       -1.8678555759405145E-006   0.0000000000000000     
   16.800000000000001        1.4553796932327066E-006   0.0000000000000000     
   16.900000000000002       -1.1294051918540576E-006   0.0000000000000000     
   17.000000000000000        8.7286487618355818E-007   0.0000000000000000     
   17.100000000000001       -6.7181685743599636E-007   0.0000000000000000     
   17.199999999999999        5.1492483557200254E-007   0.0000000000000000     
   17.300000000000001       -3.9301378562433921E-007   0.0000000000000000     
   17.400000000000002        2.9869240946926826E-007   0.0000000000000000     
   17.500000000000000       -2.2603413414619204E-007   0.0000000000000000     
   17.600000000000001        1.7030906531127552E-007   0.0000000000000000     
   17.699999999999999       -1.2776012308553455E-007   0.0000000000000000     
   17.800000000000001        9.5417078382729209E-008   0.0000000000000000     
   17.900000000000002       -7.0942903496456937E-008   0.0000000000000000     
   18.000000000000000        5.2507598092563728E-008   0.0000000000000000     
   18.100000000000001       -3.8685076731359597E-008   0.0000000000000000     
   18.199999999999999        2.8369380994515028E-008   0.0000000000000000     
   18.300000000000001       -2.0707032175059666E-008   0.0000000000000000     
   18.400000000000002        1.5042619453234137E-008   0.0000000000000000     
   18.500000000000000       -1.0875309448306995E-008   0.0000000000000000     
   18.600000000000001        7.8243266743518467E-009   0.0000000000000000     
   18.699999999999999       -5.6016195374647716E-009   0.0000000000000000     
   18.800000000000001        3.9903802339964549E-009   0.0000000000000000     
   18.900000000000002       -2.8282778635880242E-009   0.0000000000000000     
   19.000000000000000        1.9943822012327156E-009   0.0000000000000000     
   19.100000000000001       -1.3990795446139964E-009   0.0000000000000000     
   19.200000000000003        9.7633007555168222E-010   0.0000000000000000     
   19.300000000000001       -6.7770690326997180E-010   0.0000000000000000     
   19.400000000000002        4.6788859540456760E-010   0.0000000000000000     
   19.500000000000000       -3.2126645663884652E-010   0.0000000000000000     
   19.600000000000001        2.1937260092515984E-010   0.0000000000000000     
   19.700000000000003       -1.4895860755414969E-010   0.0000000000000000     
   19.800000000000001        1.0057106879387560E-010   0.0000000000000000     
   19.900000000000002       -6.7507765046496821E-011   0.0000000000000000     
   20.000000000000000        4.5048747160024457E-011   0.0000000000000000     
   20.100000000000001       -2.9884263875330392E-011   0.0000000000000000     
   20.200000000000003        1.9706919467159664E-011   0.0000000000000000     
   20.300000000000001       -1.2915809442694811E-011   0.0000000000000000     
   20.400000000000002        8.4098569485110407E-012   0.0000000000000000     
   20.500000000000000       -5.4430737939116162E-012   0.0000000000000000     
   20.600000000000001        3.5027280906400290E-012   0.0000000000000000     
   20.700000000000003       -2.2376784221477287E-012   0.0000000000000000     
   20.800000000000001        1.4190006747705902E-012   0.0000000000000000     
   20.900000000000002       -8.9420225091173080E-013   0.0000000000000000     
   21.000000000000000        5.6054309648783567E-013   0.0000000000000000     
   21.100000000000001       -3.4866085262187824E-013   0.0000000000000000     
   21.200000000000003        2.1290710536134445E-013   0.0000000000000000     
   21.300000000000001       -1.3101606097047419E-013   0.0000000000000000     
   21.400000000000002        8.4065072321792121E-014   0.0000000000000000     
   21.500000000000000       -5.2082907158574444E-014   0.0000000000000000     
   21.600000000000001        3.0055037418600385E-014   0.0000000000000000     
   21.700000000000003       -1.7402268714464209E-014   0.0000000000000000     
   21.800000000000001        1.0596676290876703E-014   0.0000000000000000     
   21.900000000000002       -7.5172471822939611E-015   0.0000000000000000     
   22.000000000000000        4.2657384001371554E-015   0.0000000000000000     
   22.100000000000001       -1.7364618097726604E-015   0.0000000000000000     
   22.200000000000003        3.4978160858578168E-015   0.0000000000000000     
   22.300000000000001       -4.5838157122384973E-015   0.0000000000000000     
   22.400000000000002        1.1065278221693662E-015   0.0000000000000000     
   22.500000000000000        2.1310488630412193E-015   0.0000000000000000     
   22.600000000000001       -2.3209912407934549E-015   0.0000000000000000     
   22.700000000000003        2.4712891897168050E-015   0.0000000000000000     
   22.800000000000001       -2.9629980604699191E-015   0.0000000000000000     
   22.900000000000002        2.8184459336366683E-015   0.0000000000000000     
   23.000000000000000       -3.4155033847332595E-015   0.0000000000000000     
   23.100000000000001        2.3152590709277373E-015   0.0000000000000000     
   23.200000000000003       -7.1111038979893371E-016   0.0000000000000000     
   23.300000000000001        3.1143668410354268E-015   0.0000000000000000     
   23.400000000000002       -3.2414421722446221E-015   0.0000000000000000     
   23.500000000000000        1.1039602804551886E-015   0.0000000000000000     
   23.600000000000001       -3.4498195149767836E-015   0.0000000000000000     
   23.700000000000003        3.8726888357630096E-015   0.0000000000000000     
   23.800000000000001       -2.6667672157689345E-015   0.0000000000000000     
   23.900000000000002        4.0890117700835217E-015   0.0000000000000000     
   24.000000000000000       -2.4641446048231490E-015   0.0000000000000000     
   24.100000000000001        3.6432234089240689E-015   0.0000000000000000     
   24.200000000000003       -7.7016568975791716E-015   0.0000000000000000     
   24.300000000000001        3.1603106936514215E-015   0.0000000000000000     
   24.400000000000002        4.8342119096970711E-018   0.0000000000000000     
   24.500000000000000        4.2301858199714797E-015   0.0000000000000000     
   24.600000000000001       -4.5451827453894927E-015   0.0000000000000000     
   24.700000000000003        3.0718028932346439E-015   0.0000000000000000     
   24.800000000000001       -4.0998514876182422E-015   0.0000000000000000     
   24.900000000000002        4.1157541013857414E-015   0.0000000000000000     
   25.000000000000000       -3.2997836224850636E-015   0.0000000000000000     
   25.100000000000001        2.5020464738354369E-015   0.0000000000000000     
   25.200000000000003       -2.1803857713917446E-015   0.0000000000000000     
   25.300000000000001        1.4206619476464029E-015   0.0000000000000000     
   25.400000000000002       -4.3458681683572617E-016   0.0000000000000000     
   25.500000000000000        5.6324735932864428E-016   0.0000000000000000     
   25.600000000000001        1.1269975443961587E-015   0.0000000000000000     
   25.700000000000003       -2.0793708707037944E-015   0.0000000000000000     
   25.800000000000001        2.7358261445984384E-016   0.0000000000000000     
   25.900000000000002       -1.0657825653685549E-015   0.0000000000000000     
   26.000000000000000        1.5252747312515124E-015   0.0000000000000000     
   26.100000000000001       -1.6078724368386925E-016   0.0000000000000000     
   26.200000000000003        1.4432070840187864E-015   0.0000000000000000     
   26.300000000000001       -2.5061760437927868E-015   0.0000000000000000     
   26.400000000000002        3.3290853506094825E-015   0.0000000000000000     
   26.500000000000000       -4.5312613466379363E-015   0.0000000000000000     
   26.600000000000001        2.7434321317058144E-015   0.0000000000000000     
   26.700000000000003       -1.2083730285616332E-015   0.0000000000000000     
   26.800000000000001        1.4258747407281748E-015   0.0000000000000000     
   26.900000000000002       -1.1306898434642601E-015   0.0000000000000000     
   27.000000000000000       -3.1637094512409874E-016   0.0000000000000000     
   27.100000000000001        2.6595918099409435E-015   0.0000000000000000     
   27.200000000000003       -2.1213031423343769E-015   0.0000000000000000     
   27.300000000000001        1.3916963340160672E-015   0.0000000000000000     
   27.400000000000002       -3.4823224078943907E-015   0.0000000000000000     
   27.500000000000000        2.5652728544451593E-015   0.0000000000000000     
   27.600000000000001       -1.7503787598735924E-015   0.0000000000000000     
   27.700000000000003        2.8158689920666609E-015   0.0000000000000000     
   27.800000000000001       -8.9450182526949274E-016   0.0000000000000000     
   27.900000000000002        9.5406843917787167E-016   0.0000000000000000     
   28.000000000000000       -8.3969544806186781E-016   0.0000000000000000     
   28.100000000000001       -2.7692394881547006E-015   0.0000000000000000     
   28.200000000000003        1.7746755573497734E-015   0.0000000000000000     
   28.300000000000001       -2.1061471712640901E-016   0.0000000000000000     
   28.400000000000002        1.6582486537801518E-015   0.0000000000000000     
   28.500000000000000       -1.2036230661725927E-015   0.0000000000000000     
   28.600000000000001        2.6964248751422242E-015   0.0000000000000000     
   28.700000000000003       -3.5954452017661158E-015   0.0000000000000000     
   28.800000000000001        1.0097297925901593E-015   0.0000000000000000     
   28.900000000000002       -1.5812302585897498E-015   0.0000000000000000     
   29.000000000000000        1.7131785910039584E-015   0.0000000000000000     
   29.100000000000001        6.3148576276180351E-016   0.0000000000000000     
   29.200000000000003       -6.2031331063674349E-016   0.0000000000000000     
   29.300000000000001        1.3260762536421555E-015   0.0000000000000000     
   29.400000000000002       -3.0723422917627757E-015   0.0000000000000000     
   29.500000000000000        3.2244497700444016E-015   0.0000000000000000     
   29.600000000000001       -2.4325880914879624E-015   0.0000000000000000     
   29.700000000000003        2.5281700056715385E-016   0.0000000000000000     
   29.800000000000001        1.8569580946109216E-015   0.0000000000000000     
   29.900000000000002       -3.5774516810896333E-015   0.0000000000000000     
   30.000000000000000        4.6318594558355516E-015   0.0000000000000000     
   30.100000000000001       -2.5752583651796424E-015   0.0000000000000000     
   30.200000000000003        1.1586666475299416E-015   0.0000000000000000     
   30.300000000000001       -2.2291647548241827E-015   0.0000000000000000     
   30.400000000000002        8.4196720027634711E-016   0.0000000000000000     
   30.500000000000000        1.8401752067105568E-015   0.0000000000000000     
   30.600000000000001       -1.2395341022894636E-015   0.0000000000000000     
   30.700000000000003       -2.9352498988504302E-016   0.0000000000000000     
   30.800000000000001        1.0649701707619083E-016   0.0000000000000000     
   30.900000000000002       -4.7446283415044799E-016   0.0000000000000000     
   31.000000000000000       -3.8667030121266906E-016   0.0000000000000000     
   31.100000000000001        2.3088593154413238E-015   0.0000000000000000     
   31.200000000000003       -4.3599693073652387E-016   0.0000000000000000     
   31.300000000000001        4.4986284477692794E-016   0.0000000000000000     
   31.400000000000002       -2.0199449037083331E-015   0.0000000000000000     
   31.500000000000000       -1.7481133795346315E-015   0.0000000000000000     
   31.600000000000001        2.1628974485396486E-015   0.0000000000000000     
   31.700000000000003       -5.6946013233483054E-016   0.0000000000000000     
   31.800000000000001        2.5734783925462644E-015   0.0000000000000000     
   31.900000000000002       -1.6975935458743054E-016   0.0000000000000000     
   32.000000000000000       -4.7606684478424587E-017   0.0000000000000000     
   32.100000000000001       -3.1175117998024287E-015   0.0000000000000000     
   32.200000000000003        9.3356562570970591E-016   0.0000000000000000     
   32.300000000000004       -1.0971196459564736E-015   0.0000000000000000     
   32.399999999999999        1.6092863213315472E-015   0.0000000000000000     
   32.500000000000000        5.1150490128117177E-016   0.0000000000000000     
   32.600000000000001        2.5913914989061942E-016   0.0000000000000000     
   32.700000000000003        1.9793948548305376E-015   0.0000000000000000     
   32.800000000000004       -3.6271113143219871E-015   0.0000000000000000     
   32.899999999999999        1.4357694750656975E-015   0.0000000000000000     
   33.000000000000000       -1.5088550308376807E-015   0.0000000000000000     
   33.100000000000001        2.8887521256341238E-016   0.0000000000000000     
   33.200000000000003        8.4312202909856126E-016   0.0000000000000000     
   33.300000000000004       -1.7941767447947582E-015   0.0000000000000000     
   33.399999999999999        3.5749815294318009E-015   0.0000000000000000     
   33.500000000000000       -1.3974146440478977E-016   0.0000000000000000     
   33.600000000000001       -2.1194797000931131E-015   0.0000000000000000     
   33.700000000000003        1.1656481848347455E-015   0.0000000000000000     
   33.800000000000004       -1.0146528053710598E-015   0.0000000000000000     
   33.899999999999999       -8.5234753090455203E-017   0.0000000000000000     
   34.000000000000000       -2.2235076818141475E-015   0.0000000000000000     
   34.100000000000001        2.8706480272978585E-015   0.0000000000000000     
   34.200000000000003       -8.6539747241963636E-016   0.0000000000000000     
   34.300000000000004        4.2853878069406921E-015   0.0000000000000000     
   34.399999999999999       -2.7347771633310941E-015   0.0000000000000000     
   34.500000000000000       -1.4619639361108462E-015   0.0000000000000000     
   34.600000000000001       -8.5290785921059604E-016   0.0000000000000000     
   34.700000000000003       -1.6539942450447295E-015   0.0000000000000000     
   34.800000000000004        4.3695002129098859E-015   0.0000000000000000     
   34.899999999999999        5.1981312595015071E-016   0.0000000000000000     
   35.000000000000000       -2.8389072915693693E-015   0.0000000000000000     
   35.100000000000001        1.2481223673425463E-015   0.0000000000000000     
   35.200000000000003        8.7313029887724060E-016   0.0000000000000000     
   35.300000000000004       -4.5011494025835878E-016   0.0000000000000000     
   35.399999999999999       -2.7078942607266106E-015   0.0000000000000000     
   35.500000000000000        1.7044021371207617E-015   0.0000000000000000     
   35.600000000000001       -8.4019435046756728E-016   0.0000000000000000     
   35.700000000000003        2.1542407066682179E-015   0.0000000000000000     
   35.800000000000004       -7.4037826446184227E-016   0.0000000000000000     
   35.899999999999999        2.3944709509782990E-016   0.0000000000000000     
   36.000000000000000        1.4067461157758464E-015   0.0000000000000000     
   36.100000000000001       -1.2117589662280136E-015   0.0000000000000000     
   36.200000000000003       -2.8787991034214096E-015   0.0000000000000000     
   36.300000000000004        9.6443448933269936E-016   0.0000000000000000     
   36.399999999999999       -1.3888963572364723E-015   0.0000000000000000     
   36.500000000000000        3.0285574599247803E-015   0.0000000000000000     
   36.600000000000001        1.3609210644156953E-015   0.0000000000000000     
   36.700000000000003        2.1957886732294813E-015   0.0000000000000000     
   36.800000000000004       -4.0066462897544517E-015   0.0000000000000000     
   36.899999999999999       -1.4904103037411823E-015   0.0000000000000000     
   37.000000000000000        1.1377706805083590E-015   0.0000000000000000     
   37.100000000000001       -4.1227849930411576E-016   0.0000000000000000     
   37.200000000000003       -4.3771428069399238E-016   0.0000000000000000     
   37.300000000000004       -1.5293200306211814E-015   0.0000000000000000     
   37.399999999999999        3.4352286174890414E-015   0.0000000000000000     
   37.500000000000000        1.8384573515080595E-015   0.0000000000000000     
   37.600000000000001       -6.1310116835047639E-016   0.0000000000000000     
   37.700000000000003        3.6920884398851150E-016   0.0000000000000000     
   37.800000000000004       -1.2472715961333294E-015   0.0000000000000000     
   37.899999999999999       -2.6258215565731340E-015   0.0000000000000000     
   38.000000000000000       -3.4881125879903726E-015   0.0000000000000000     
   38.100000000000001        2.2944856738136009E-015   0.0000000000000000     
   38.200000000000003        4.1222888369739741E-015   0.0000000000000000     
   38.300000000000004       -2.7326199056159409E-016   0.0000000000000000     
   38.400000000000006        1.8974489291560213E-015   0.0000000000000000     
   38.500000000000000       -1.2812384940388069E-015   0.0000000000000000     
   38.600000000000001        6.1777278844347229E-016   0.0000000000000000     
   38.700000000000003       -3.0511031703697269E-015   0.0000000000000000     
   38.800000000000004       -1.7981111547636823E-015   0.0000000000000000     
   38.900000000000006        8.3772105347068027E-017   0.0000000000000000     
   39.000000000000000        1.2114142329073099E-017   0.0000000000000000     
   39.100000000000001        2.3931123065869932E-015   0.0000000000000000     
   39.200000000000003        1.8979817684969453E-015   0.0000000000000000     
   39.300000000000004        1.3163059813543371E-015   0.0000000000000000     
   39.400000000000006       -1.6101816905959552E-015   0.0000000000000000     
   39.500000000000000       -1.7085902218664060E-015   0.0000000000000000     
   39.600000000000001       -1.3123681037619625E-016   0.0000000000000000     
   39.700000000000003       -5.4093575826966560E-016   0.0000000000000000     
   39.800000000000004       -4.5282457297259680E-016   0.0000000000000000     
   39.900000000000006       -1.2956553548977884E-015   0.0000000000000000     
   40.000000000000000        1.5215583470884449E-015   0.0000000000000000     
   40.100000000000001        3.1387172193578877E-015   0.0000000000000000     
   40.200000000000003        3.8458943173886268E-016   0.0000000000000000     
   40.300000000000004       -1.4090707522934706E-015   0.0000000000000000     
   40.400000000000006        3.0006608921232734E-016   0.0000000000000000     
   40.500000000000000       -3.1540425511930486E-015   0.0000000000000000     
   40.600000000000001       -5.8234516156577714E-016   0.0000000000000000     
   40.700000000000003        6.2185897913715587E-016   0.0000000000000000     
   40.800000000000004        3.3274673009741116E-015   0.0000000000000000     
   40.900000000000006        5.9981173620273398E-016   0.0000000000000000     
   41.000000000000000       -1.5378351312498898E-015   0.0000000000000000     
   41.100000000000001       -7.4775820977122430E-016   0.0000000000000000     
   41.200000000000003       -9.7844892355925733E-016   0.0000000000000000     
   41.300000000000004       -2.1566333268636424E-015   0.0000000000000000     
   41.400000000000006        4.5815660158678747E-015   0.0000000000000000     
   41.500000000000000        9.9206758716951541E-016   0.0000000000000000     
   41.600000000000001       -1.7703169875830873E-015   0.0000000000000000     
   41.700000000000003        1.6772421300672842E-016   0.0000000000000000     
   41.800000000000004       -1.7517830243184819E-015   0.0000000000000000     
   41.900000000000006        1.3100947154205739E-016   0.0000000000000000     
   42.000000000000000       -5.1157257880636439E-016   0.0000000000000000     
   42.100000000000001        2.2710135994775192E-015   0.0000000000000000     
   42.200000000000003       -4.5627871135527973E-016   0.0000000000000000     
   42.300000000000004        4.7550771541497971E-016   0.0000000000000000     
   42.400000000000006       -1.4829502355196889E-015   0.0000000000000000     
   42.500000000000000        4.4369522369690134E-016   0.0000000000000000     
   42.600000000000001        7.6589644819611441E-017   0.0000000000000000     
   42.700000000000003        6.4224135619169252E-017   0.0000000000000000     
   42.800000000000004        1.2013508313008738E-015   0.0000000000000000     
   42.900000000000006        5.5054139062414351E-016   0.0000000000000000     
   43.000000000000000       -4.0940510209325055E-015   0.0000000000000000     
   43.100000000000001        1.2507518967692295E-015   0.0000000000000000     
   43.200000000000003        1.3494926368345460E-015   0.0000000000000000     
   43.300000000000004       -4.3078822160119143E-016   0.0000000000000000     
   43.400000000000006        7.2117649773438345E-016   0.0000000000000000     
   43.500000000000000       -1.7829150847368043E-015   0.0000000000000000     
   43.600000000000001        3.2607794044700340E-015   0.0000000000000000     
   43.700000000000003        6.0969784642166306E-016   0.0000000000000000     
   43.800000000000004       -2.9035974238915721E-015   0.0000000000000000     
   43.900000000000006       -1.7390891255428619E-015   0.0000000000000000     
   44.000000000000000        3.7346594433265772E-016   0.0000000000000000     
   44.100000000000001        4.1744991633080773E-016   0.0000000000000000     
   44.200000000000003        1.4751220133020394E-015   0.0000000000000000     
   44.300000000000004        3.1245391929676950E-015   0.0000000000000000     
   44.400000000000006       -2.9132568398445772E-015   0.0000000000000000     
   44.500000000000000       -1.2772862099435239E-015   0.0000000000000000     
   44.600000000000001        3.7961884660051117E-016   0.0000000000000000     
   44.700000000000003       -1.1478039408777883E-015   0.0000000000000000     
   44.800000000000004        2.3731096979644005E-015   0.0000000000000000     
   44.900000000000006        4.7843303310121497E-016   0.0000000000000000     
   45.000000000000000       -1.2410396905712134E-015   0.0000000000000000     
   45.100000000000001       -4.6619840726155955E-016   0.0000000000000000     
   45.200000000000003        6.0229573675952716E-016   0.0000000000000000     
   45.300000000000004       -4.9238326569907397E-016   0.0000000000000000     
   45.400000000000006       -1.2418328612032503E-016   0.0000000000000000     
   45.500000000000000        8.5878176746213211E-016   0.0000000000000000     
   45.600000000000001        1.9148199498620511E-018   0.0000000000000000     
   45.700000000000003       -1.0739137891288164E-015   0.0000000000000000     
   45.800000000000004        2.7720227411838540E-016   0.0000000000000000     
   45.900000000000006        2.0049793777608797E-015   0.0000000000000000     
   46.000000000000000       -1.7061574237450029E-015   0.0000000000000000     
   46.100000000000001       -1.2240744907625995E-015   0.0000000000000000     
   46.200000000000003        1.9605185816871412E-015   0.0000000000000000     
   46.300000000000004        3.2851790794806037E-016   0.0000000000000000     
   46.400000000000006       -1.4053311040463625E-015   0.0000000000000000     
   46.500000000000000        7.2048029953541454E-016   0.0000000000000000     
   46.600000000000001        2.7727585854701440E-016   0.0000000000000000     
   46.700000000000003       -1.3329492926034213E-015   0.0000000000000000     
   46.800000000000004       -6.2624262493953570E-016   0.0000000000000000     
   46.900000000000006       -1.5892900858429336E-016   0.0000000000000000     
   47.000000000000000        2.6584649840320374E-015   0.0000000000000000     
   47.100000000000001        1.4222370717241961E-015   0.0000000000000000     
   47.200000000000003       -2.3942883987514052E-015   0.0000000000000000     
   47.300000000000004       -8.0857221560040769E-016   0.0000000000000000     
   47.400000000000006        6.2666288803909204E-016   0.0000000000000000     
   47.500000000000000        5.0884431759141045E-016   0.0000000000000000     
   47.600000000000001        1.0110030202062247E-016   0.0000000000000000     
   47.700000000000003       -1.7810028454957725E-015   0.0000000000000000     
   47.800000000000004        7.4953097679813684E-016   0.0000000000000000     
   47.900000000000006        9.4759449376982946E-016   0.0000000000000000     
   48.000000000000000       -7.9989254848512250E-016   0.0000000000000000     
   48.100000000000001        2.1530533424886297E-015   0.0000000000000000     
   48.200000000000003       -2.3386511808990924E-015   0.0000000000000000     
   48.300000000000004       -2.5613567842165417E-015   0.0000000000000000     
   48.400000000000006        2.7390633076524211E-015   0.0000000000000000     
   48.500000000000000        1.0594629830579151E-015   0.0000000000000000     
   48.600000000000001        3.6279036380521564E-016   0.0000000000000000     
   48.700000000000003        7.1724277976417115E-017   0.0000000000000000     
   48.800000000000004        6.2891362197312151E-016   0.0000000000000000     
   48.900000000000006        2.4420968968104005E-016   0.0000000000000000     
   49.000000000000000       -1.5298394794985897E-015   0.0000000000000000     
   49.100000000000001       -2.7203871620721441E-015   0.0000000000000000     
   49.200000000000003       -1.5835201330968945E-015   0.0000000000000000     
   49.300000000000004        2.0307530399853228E-015   0.0000000000000000     
   49.400000000000006        2.6609316998920421E-016   0.0000000000000000     
   49.500000000000000        1.1850697811300004E-015   0.0000000000000000     
   49.600000000000001        4.7840579682977449E-015   0.0000000000000000     
   49.700000000000003        7.7658421401101131E-017   0.0000000000000000     
   49.800000000000004       -4.1799622839223968E-015   0.0000000000000000     
   49.900000000000006        5.0654071924799070E-054   0.0000000000000000     
