   0.0000000000000000        2.0543241790823330E-014   0.0000000000000000     
  0.10000000000000001        1.6444647045366028E-014   0.0000000000000000     
  0.20000000000000001       -4.0371508262930381E-015   0.0000000000000000     
  0.30000000000000004        3.2282608024894550E-014   0.0000000000000000     
  0.40000000000000002       -1.6431562482486715E-014   0.0000000000000000     
  0.50000000000000000        4.1841067226796758E-014   0.0000000000000000     
  0.60000000000000009       -4.2630979623804999E-014   0.0000000000000000     
  0.70000000000000007        6.2004714510689943E-014   0.0000000000000000     
  0.80000000000000004       -6.8023635985318603E-014   0.0000000000000000     
  0.90000000000000002        9.4751147057280265E-014   0.0000000000000000     
   1.0000000000000000       -1.2115638788786453E-013   0.0000000000000000     
   1.1000000000000001        1.5777630924103872E-013   0.0000000000000000     
   1.2000000000000002       -1.9756830481491731E-013   0.0000000000000000     
   1.3000000000000000        2.5452114461141623E-013   0.0000000000000000     
   1.4000000000000001       -3.2576190851005479E-013   0.0000000000000000     
   1.5000000000000000        4.1554421316525720E-013   0.0000000000000000     
   1.6000000000000001       -5.3143448509180153E-013   0.0000000000000000     
   1.7000000000000002        6.8117170947339611E-013   0.0000000000000000     
   1.8000000000000000       -8.6698135182934353E-013   0.0000000000000000     
   1.9000000000000001        1.1067421085288341E-012   0.0000000000000000     
   2.0000000000000000       -1.4117964582901871E-012   0.0000000000000000     
   2.1000000000000001        1.7977895707303416E-012   0.0000000000000000     
   2.2000000000000002       -2.2912783795258914E-012   0.0000000000000000     
   2.3000000000000003        2.9145077095262293E-012   0.0000000000000000     
   2.4000000000000004       -3.7052984205361516E-012   0.0000000000000000     
   2.5000000000000000        4.7118094290079243E-012   0.0000000000000000     
   2.6000000000000001       -5.9816652232820969E-012   0.0000000000000000     
   2.7000000000000002        7.5920479980503444E-012   0.0000000000000000     
   2.8000000000000003       -9.6302277794123702E-012   0.0000000000000000     
   2.9000000000000004        1.2198660760046939E-011   0.0000000000000000     
   3.0000000000000000       -1.5447293963769616E-011   0.0000000000000000     
   3.1000000000000001        1.9547381405141396E-011   0.0000000000000000     
   3.2000000000000002       -2.4710991216292613E-011   0.0000000000000000     
   3.3000000000000003        3.1217360657902059E-011   0.0000000000000000     
   3.4000000000000004       -3.9401300258992500E-011   0.0000000000000000     
   3.5000000000000000        4.9689686123670040E-011   0.0000000000000000     
   3.6000000000000001       -6.2615858102420159E-011   0.0000000000000000     
   3.7000000000000002        7.8832004996426180E-011   0.0000000000000000     
   3.8000000000000003       -9.9164467083246291E-011   0.0000000000000000     
   3.9000000000000004        1.2463219987216672E-010   0.0000000000000000     
   4.0000000000000000       -1.5649462816737439E-010   0.0000000000000000     
   4.1000000000000005        1.9632616263554355E-010   0.0000000000000000     
   4.2000000000000002       -2.4606888842355648E-010   0.0000000000000000     
   4.2999999999999998        3.0812731874534775E-010   0.0000000000000000     
   4.4000000000000004       -3.8547313856222939E-010   0.0000000000000000     
   4.5000000000000000        4.8176706180398405E-010   0.0000000000000000     
   4.6000000000000005       -6.0153063866250576E-010   0.0000000000000000     
   4.7000000000000002        7.5032724247103483E-010   0.0000000000000000     
   4.8000000000000007       -9.3499988374961950E-010   0.0000000000000000     
   4.9000000000000004        1.1639544661826200E-009   0.0000000000000000     
   5.0000000000000000       -1.4474922757444312E-009   0.0000000000000000     
   5.1000000000000005        1.7982428657919545E-009   0.0000000000000000     
   5.2000000000000002       -2.2316626524190208E-009   0.0000000000000000     
   5.3000000000000007        2.7666318033635734E-009   0.0000000000000000     
   5.4000000000000004       -3.4261942147721949E-009   0.0000000000000000     
   5.5000000000000000        4.2384354040352628E-009   0.0000000000000000     
   5.6000000000000005       -5.2375454683512891E-009   0.0000000000000000     
   5.7000000000000002        6.4650819848352441E-009   0.0000000000000000     
   5.8000000000000007       -7.9714913798003654E-009   0.0000000000000000     
   5.9000000000000004        9.8179360512331949E-009   0.0000000000000000     
   6.0000000000000000       -1.2078453588133596E-008   0.0000000000000000     
   6.1000000000000005        1.4842553773357723E-008   0.0000000000000000     
   6.2000000000000002       -1.8218298776489761E-008   0.0000000000000000     
   6.3000000000000007        2.2335955357742854E-008   0.0000000000000000     
   6.4000000000000004       -2.7352351805758006E-008   0.0000000000000000     
   6.5000000000000000        3.3455999306575973E-008   0.0000000000000000     
   6.6000000000000005       -4.0873172138820891E-008   0.0000000000000000     
   6.7000000000000002        4.9875087519437263E-008   0.0000000000000000     
   6.8000000000000007       -6.0786322807878905E-008   0.0000000000000000     
   6.9000000000000004        7.3994758881864323E-008   0.0000000000000000     
   7.0000000000000000       -8.9963212879358144E-008   0.0000000000000000     
   7.1000000000000005        1.0924306139353531E-007   0.0000000000000000     
   7.2000000000000002       -1.3249021670209699E-007   0.0000000000000000     
   7.3000000000000007        1.6048369170272065E-007   0.0000000000000000     
   7.4000000000000004       -1.9414726376974453E-007   0.0000000000000000     
   7.5000000000000000        2.3457467180358963E-007   0.0000000000000000     
   7.6000000000000005       -2.8305876360203963E-007   0.0000000000000000     
   7.7000000000000002        3.4112532392145026E-007   0.0000000000000000     
   7.8000000000000007       -4.1057211513722251E-007   0.0000000000000000     
   7.9000000000000004        4.9351382064833793E-007   0.0000000000000000     
   8.0000000000000000       -5.9243383975995941E-007   0.0000000000000000     
   8.0999999999999996        7.1024366708958104E-007   0.0000000000000000     
   8.2000000000000011       -8.5035088528252474E-007   0.0000000000000000     
   8.3000000000000007        1.0167369065265142E-006   0.0000000000000000     
   8.4000000000000004       -1.2140455204053346E-006   0.0000000000000000     
   8.5000000000000000        1.4476836439967776E-006   0.0000000000000000     
   8.5999999999999996       -1.7239356294049100E-006   0.0000000000000000     
   8.7000000000000011        2.0500925678280580E-006   0.0000000000000000     
   8.8000000000000007       -2.4345983257916397E-006   0.0000000000000000     
   8.9000000000000004        2.8872139493135802E-006   0.0000000000000000     
   9.0000000000000000       -3.4192022767979195E-006   0.0000000000000000     
   9.0999999999999996        4.0435347390185926E-006   0.0000000000000000     
   9.2000000000000011       -4.7751222829725882E-006   0.0000000000000000     
   9.3000000000000007        5.6310725569756957E-006   0.0000000000000000     
   9.4000000000000004       -6.6309754825587651E-006   0.0000000000000000     
   9.5000000000000000        7.7972193578672265E-006   0.0000000000000000     
   9.6000000000000014       -9.1553396960296159E-006   0.0000000000000000     
   9.7000000000000011        1.0734402862192933E-005   0.0000000000000000     
   9.8000000000000007       -1.2567426601851087E-005   0.0000000000000000     
   9.9000000000000004        1.4691839365603583E-005   0.0000000000000000     
   10.000000000000000       -1.7149980099855459E-005   0.0000000000000000     
   10.100000000000001        1.9989640029753545E-005   0.0000000000000000     
   10.200000000000001       -2.3264647490396975E-005   0.0000000000000000     
   10.300000000000001        2.7035496540383132E-005   0.0000000000000000     
   10.400000000000000       -3.1370019566782195E-005   0.0000000000000000     
   10.500000000000000        3.6344103344802608E-005   0.0000000000000000     
   10.600000000000001       -4.2042447478306574E-005   0.0000000000000000     
   10.700000000000001        4.8559363158617009E-005   0.0000000000000000     
   10.800000000000001       -5.5999609163941373E-005   0.0000000000000000     
   10.900000000000000        6.4479261053556109E-005   0.0000000000000000     
   11.000000000000000       -7.4126608053729697E-005   0.0000000000000000     
   11.100000000000001        8.5083070864524262E-005   0.0000000000000000     
   11.200000000000001       -9.7504132055634691E-005   0.0000000000000000     
   11.300000000000001        1.1156026887202762E-004   0.0000000000000000     
   11.400000000000000       -1.2743787667008914E-004   0.0000000000000000     
   11.500000000000000        1.4534016907064343E-004   0.0000000000000000     
   11.600000000000001       -1.6548803885210034E-004   0.0000000000000000     
   11.700000000000001        1.8812086159924001E-004   0.0000000000000000     
   11.800000000000001       -2.1349722167113608E-004   0.0000000000000000     
   11.900000000000000        2.4189553791821559E-004   0.0000000000000000     
   12.000000000000000       -2.7361456426618801E-004   0.0000000000000000     
   12.100000000000001        3.0897373797905030E-004   0.0000000000000000     
   12.200000000000001       -3.4831334640498336E-004   0.0000000000000000     
   12.300000000000001        3.9199448082077312E-004   0.0000000000000000     
   12.400000000000000       -4.4039874430628907E-004   0.0000000000000000     
   12.500000000000000        4.9392767906170933E-004   0.0000000000000000     
   12.600000000000001       -5.5300187726719564E-004   0.0000000000000000     
   12.700000000000001        6.1805973902562695E-004   0.0000000000000000     
   12.800000000000001       -6.8955584053078224E-004   0.0000000000000000     
   12.900000000000000        7.6795887601632210E-004   0.0000000000000000     
   13.000000000000000       -8.5374913817192486E-004   0.0000000000000000     
   13.100000000000001        9.4741550331477176E-004   0.0000000000000000     
   13.200000000000001       -1.0494518905085845E-003   0.0000000000000000     
   13.300000000000001        1.1603531673158359E-003   0.0000000000000000     
   13.400000000000000       -1.2806104793942996E-003   0.0000000000000000     
   13.500000000000000        1.4107059870241516E-003   0.0000000000000000     
   13.600000000000001       -1.5511069982500720E-003   0.0000000000000000     
   13.700000000000001        1.7022594963530045E-003   0.0000000000000000     
   13.800000000000001       -1.8645810684351941E-003   0.0000000000000000     
   13.900000000000000        2.0384532520589618E-003   0.0000000000000000     
   14.000000000000000       -2.2242133283612831E-003   0.0000000000000000     
   14.100000000000001        2.4221456022366439E-003   0.0000000000000000     
   14.200000000000001       -2.6324722236063867E-003   0.0000000000000000     
   14.300000000000001        2.8553436179219959E-003   0.0000000000000000     
   14.400000000000000       -3.0908286086300434E-003   0.0000000000000000     
   14.500000000000000        3.3389043297283850E-003   0.0000000000000000     
   14.600000000000001       -3.5994460417166215E-003   0.0000000000000000     
   14.700000000000001        3.8722169795833350E-003   0.0000000000000000     
   14.800000000000001       -4.1568583765191945E-003   0.0000000000000000     
   14.900000000000000        4.4528798209163807E-003   0.0000000000000000     
   15.000000000000000       -4.7596501175025865E-003   0.0000000000000000     
   15.100000000000001        5.0763888350165908E-003   0.0000000000000000     
   15.200000000000001       -5.4021587323244318E-003   0.0000000000000000     
   15.300000000000001        5.7358592624575039E-003   0.0000000000000000     
   15.400000000000000       -6.0762213585874841E-003   0.0000000000000000     
   15.500000000000000        6.4218037074818303E-003   0.0000000000000000     
   15.600000000000001       -6.7709907140984533E-003   0.0000000000000000     
   15.700000000000001        7.1219923550427293E-003   0.0000000000000000     
   15.800000000000001       -7.4728461087451778E-003   0.0000000000000000     
   15.900000000000000        7.8214211358864118E-003   0.0000000000000000     
   16.000000000000000       -8.1654248645881364E-003   0.0000000000000000     
   16.100000000000001        8.5024121114029207E-003   0.0000000000000000     
   16.199999999999999       -8.8297968409814485E-003   0.0000000000000000     
   16.300000000000001        9.1448666343603210E-003   0.0000000000000000     
   16.400000000000002       -9.4447998987932553E-003   0.0000000000000000     
   16.500000000000000        9.7266858110359334E-003   0.0000000000000000     
   16.600000000000001       -9.9875469410570933E-003   0.0000000000000000     
   16.699999999999999        1.0224364455615675E-002   0.0000000000000000     
   16.800000000000001       -1.0434105751187443E-002   0.0000000000000000     
   16.900000000000002        1.0613754313987369E-002   0.0000000000000000     
   17.000000000000000       -1.0760341552968129E-002   0.0000000000000000     
   17.100000000000001        1.0870980299823439E-002   0.0000000000000000     
   17.199999999999999       -1.0942899619714454E-002   0.0000000000000000     
   17.300000000000001        1.0973480529011516E-002   0.0000000000000000     
   17.400000000000002       -1.0960292172272236E-002   0.0000000000000000     
   17.500000000000000        1.0901127971861402E-002   0.0000000000000000     
   17.600000000000001       -1.0794041230924234E-002   0.0000000000000000     
   17.699999999999999        1.0637379644727390E-002   0.0000000000000000     
   17.800000000000001       -1.0429818158258865E-002   0.0000000000000000     
   17.900000000000002        1.0170389599865295E-002   0.0000000000000000     
   18.000000000000000       -9.8585125226074762E-003   0.0000000000000000     
   18.100000000000001        9.4940156976588939E-003   0.0000000000000000     
   18.199999999999999       -9.0771587275156242E-003   0.0000000000000000     
   18.300000000000001        8.6086482816421922E-003   0.0000000000000000     
   18.400000000000002       -8.0896495032509990E-003   0.0000000000000000     
   18.500000000000000        7.5217921926448309E-003   0.0000000000000000     
   18.600000000000001       -6.9071714398296208E-003   0.0000000000000000     
   18.699999999999999        6.2483424559228781E-003   0.0000000000000000     
   18.800000000000001       -5.5483094378835952E-003   0.0000000000000000     
   18.900000000000002        4.8105083934140268E-003   0.0000000000000000     
   19.000000000000000       -4.0387839506486898E-003   0.0000000000000000     
   19.100000000000001        3.2373602786128883E-003   0.0000000000000000     
   19.200000000000003       -2.4108063479100846E-003   0.0000000000000000     
   19.300000000000001        1.5639958639609660E-003   0.0000000000000000     
   19.400000000000002       -7.0206230568087735E-004   0.0000000000000000     
   19.500000000000000       -1.6965040137069672E-004   0.0000000000000000     
   19.600000000000001        1.0456409594899044E-003   0.0000000000000000     
   19.700000000000003       -1.9203068227681673E-003   0.0000000000000000     
   19.800000000000001        2.7880026028468232E-003   0.0000000000000000     
   19.900000000000002       -3.6430999325233792E-003   0.0000000000000000     
   20.000000000000000        4.4800479207121368E-003   0.0000000000000000     
   20.100000000000001       -5.2934333054724296E-003   0.0000000000000000     
   20.200000000000003        6.0780394016297125E-003   0.0000000000000000     
   20.300000000000001       -6.8289029461912039E-003   0.0000000000000000     
   20.400000000000002        7.5413679688871105E-003   0.0000000000000000     
   20.500000000000000       -8.2111358564024503E-003   0.0000000000000000     
   20.600000000000001        8.8343108366014944E-003   0.0000000000000000     
   20.700000000000003       -9.4074401823165104E-003   0.0000000000000000     
   20.800000000000001        9.9275485218347937E-003   0.0000000000000000     
   20.900000000000002       -1.0392165743130309E-002   0.0000000000000000     
   21.000000000000000        1.0799348089158904E-002   0.0000000000000000     
   21.100000000000001       -1.1147692160235284E-002   0.0000000000000000     
   21.200000000000003        1.1436341663476905E-002   0.0000000000000000     
   21.300000000000001       -1.1664986876312062E-002   0.0000000000000000     
   21.400000000000002        1.1833856918489658E-002   0.0000000000000000     
   21.500000000000000       -1.1943705051516174E-002   0.0000000000000000     
   21.600000000000001        1.1995787343980662E-002   0.0000000000000000     
   21.700000000000003       -1.1991835152871949E-002   0.0000000000000000     
   21.800000000000001        1.1934021972239462E-002   0.0000000000000000     
   21.900000000000002       -1.1824925289871575E-002   0.0000000000000000     
   22.000000000000000        1.1667484167493943E-002   0.0000000000000000     
   22.100000000000001       -1.1464953319350031E-002   0.0000000000000000     
   22.200000000000003        1.1220854507067187E-002   0.0000000000000000     
   22.300000000000001       -1.0938926094065745E-002   0.0000000000000000     
   22.400000000000002        1.0623071610883951E-002   0.0000000000000000     
   22.500000000000000       -1.0277308173778069E-002   0.0000000000000000     
   22.600000000000001        9.9057155730551995E-003   0.0000000000000000     
   22.700000000000003       -9.5123868063364848E-003   0.0000000000000000     
   22.800000000000001        9.1013807763781034E-003   0.0000000000000000     
   22.900000000000002       -8.6766778049671978E-003   0.0000000000000000     
   23.000000000000000        8.2421385358371728E-003   0.0000000000000000     
   23.100000000000001       -7.8014667123247495E-003   0.0000000000000000     
   23.200000000000003        7.3581762223276703E-003   0.0000000000000000     
   23.300000000000001       -6.9155627060856076E-003   0.0000000000000000     
   23.400000000000002        6.4766799236511694E-003   0.0000000000000000     
   23.500000000000000       -6.0443209813914088E-003   0.0000000000000000     
   23.600000000000001        5.6210044221153424E-003   0.0000000000000000     
   23.700000000000003       -5.2089650937530664E-003   0.0000000000000000     
   23.800000000000001        4.8101496287841009E-003   0.0000000000000000     
   23.900000000000002       -4.4262162919775430E-003   0.0000000000000000     
   24.000000000000000        4.0585388891640553E-003   0.0000000000000000     
   24.100000000000001       -3.7082143752960144E-003   0.0000000000000000     
   24.200000000000003        3.3760737567056325E-003   0.0000000000000000     
   24.300000000000001       -3.0626958506704918E-003   0.0000000000000000     
   24.400000000000002        2.7684234447548088E-003   0.0000000000000000     
   24.500000000000000       -2.4933813891502106E-003   0.0000000000000000     
   24.600000000000001        2.2374961563433821E-003   0.0000000000000000     
   24.700000000000003       -2.0005164132474310E-003   0.0000000000000000     
   24.800000000000001        1.7820341708398033E-003   0.0000000000000000     
   24.900000000000002       -1.5815061034182955E-003   0.0000000000000000     
   25.000000000000000        1.3982746633040323E-003   0.0000000000000000     
   25.100000000000001       -1.2315886556754595E-003   0.0000000000000000     
   25.200000000000003        1.0806229804287649E-003   0.0000000000000000     
   25.300000000000001       -9.4449729290059081E-004   0.0000000000000000     
   25.400000000000002        8.2229338110922348E-004   0.0000000000000000     
   25.500000000000000       -7.1307110293674530E-004   0.0000000000000000     
   25.600000000000001        6.1588277134931395E-004   0.0000000000000000     
   25.700000000000003       -5.2978591803721998E-004   0.0000000000000000     
   25.800000000000001        4.5385440548078329E-004   0.0000000000000000     
   25.900000000000002       -3.8718789323102484E-004   0.0000000000000000     
   26.000000000000000        3.2891969593803544E-004   0.0000000000000000     
   26.100000000000001       -2.7822309810458297E-004   0.0000000000000000     
   26.200000000000003        2.3431621306753246E-004   0.0000000000000000     
   26.300000000000001       -1.9646549195405383E-004   0.0000000000000000     
   26.400000000000002        1.6398800177622102E-004   0.0000000000000000     
   26.500000000000000       -1.3625260089671017E-004   0.0000000000000000     
   26.600000000000001        1.1268014544744312E-004   0.0000000000000000     
   26.700000000000003       -9.2742861420540463E-005   0.0000000000000000     
   26.800000000000001        7.5963015480982711E-005   0.0000000000000000     
   26.900000000000002       -6.1911013024079398E-005   0.0000000000000000     
   27.000000000000000        5.0203044819594874E-005   0.0000000000000000     
   27.100000000000001       -4.0498395196079804E-005   0.0000000000000000     
   27.200000000000003        3.2496514472745969E-005   0.0000000000000000     
   27.300000000000001       -2.5933947343696050E-005   0.0000000000000000     
   27.400000000000002        2.0581197727586113E-005   0.0000000000000000     
   27.500000000000000       -1.6239598720016936E-005   0.0000000000000000     
   27.600000000000001        1.2738245125029962E-005   0.0000000000000000     
   27.700000000000003       -9.9310351361935714E-006   0.0000000000000000     
   27.800000000000001        7.6938573318028700E-006   0.0000000000000000     
   27.900000000000002       -5.9219499631105167E-006   0.0000000000000000     
   28.000000000000000        4.5274509047985751E-006   0.0000000000000000     
   28.100000000000001       -3.4371492690288487E-006   0.0000000000000000     
   28.200000000000003        2.5904432851733508E-006   0.0000000000000000     
   28.300000000000001       -1.9375036125435140E-006   0.0000000000000000     
   28.400000000000002        1.4376370099625345E-006   0.0000000000000000     
   28.500000000000000       -1.0578417329190001E-006   0.0000000000000000     
   28.600000000000001        7.7154354247473319E-007   0.0000000000000000     
   28.700000000000003       -5.5749935869687704E-007   0.0000000000000000     
   28.800000000000001        3.9885448988493633E-007   0.0000000000000000     
   28.900000000000002       -2.8233889326247236E-007   0.0000000000000000     
   29.000000000000000        1.9758770391076735E-007   0.0000000000000000     
   29.100000000000001       -1.3657175724517631E-007   0.0000000000000000     
   29.200000000000003        9.3124362945639504E-008   0.0000000000000000     
   29.300000000000001       -6.2551439519726532E-008   0.0000000000000000     
   29.400000000000002        4.1313171313076902E-008   0.0000000000000000     
   29.500000000000000       -2.6766298449582214E-008   0.0000000000000000     
   29.600000000000001        1.6957474918662914E-008   0.0000000000000000     
   29.700000000000003       -1.0459079187767982E-008   0.0000000000000000     
   29.800000000000001        6.2399530634014293E-009   0.0000000000000000     
   29.900000000000002       -3.5647505747571368E-009   0.0000000000000000     
   30.000000000000000        1.9162931790770959E-009   0.0000000000000000     
   30.100000000000001       -9.3632601647661287E-010   0.0000000000000000     
   30.200000000000003        3.8087152332966418E-010   0.0000000000000000     
   30.300000000000001       -8.6925192544743470E-011   0.0000000000000000     
   30.400000000000002       -5.2033796144704405E-011   0.0000000000000000     
   30.500000000000000        1.0380008183197772E-010   0.0000000000000000     
   30.600000000000001       -1.1016441067031907E-010   0.0000000000000000     
   30.700000000000003        9.5842386057023644E-011   0.0000000000000000     
   30.800000000000001       -7.4638051932051649E-011   0.0000000000000000     
   30.900000000000002        5.3628830258155809E-011   0.0000000000000000     
   31.000000000000000       -3.5911772599644568E-011   0.0000000000000000     
   31.100000000000001        2.2372739047380137E-011   0.0000000000000000     
   31.200000000000003       -1.2785653674619109E-011   0.0000000000000000     
   31.300000000000001        6.4568819015703209E-012   0.0000000000000000     
   31.400000000000002       -2.5816603824069508E-012   0.0000000000000000     
   31.500000000000000        4.2096815048596504E-013   0.0000000000000000     
   31.600000000000001        6.2275733737571666E-013   0.0000000000000000     
   31.700000000000003       -9.9376829262494989E-013   0.0000000000000000     
   31.800000000000001        9.9548617159279544E-013   0.0000000000000000     
   31.900000000000002       -8.2960548008626770E-013   0.0000000000000000     
   32.000000000000000        6.1723506726621285E-013   0.0000000000000000     
   32.100000000000001       -4.1532979687390488E-013   0.0000000000000000     
   32.200000000000003        2.5218010127202592E-013   0.0000000000000000     
   32.300000000000004       -1.3291999324315588E-013   0.0000000000000000     
   32.399999999999999        5.6540129599963839E-014   0.0000000000000000     
   32.500000000000000       -1.2160632663553831E-014   0.0000000000000000     
   32.600000000000001       -1.4709237194855080E-014   0.0000000000000000     
   32.700000000000003        2.3420637699443274E-014   0.0000000000000000     
   32.800000000000004       -2.2068206715096761E-014   0.0000000000000000     
   32.899999999999999        1.8115566627954589E-014   0.0000000000000000     
   33.000000000000000       -1.3857373241000728E-014   0.0000000000000000     
   33.100000000000001        1.0451656605445324E-014   0.0000000000000000     
   33.200000000000003       -4.9457140607839160E-015   0.0000000000000000     
   33.300000000000004       -4.4608511596123471E-016   0.0000000000000000     
   33.399999999999999        1.7838728684933504E-015   0.0000000000000000     
   33.500000000000000       -1.1567247682208210E-015   0.0000000000000000     
   33.600000000000001        3.6678876634579088E-015   0.0000000000000000     
   33.700000000000003       -3.0934397379802519E-015   0.0000000000000000     
   33.800000000000004        6.8884031503856476E-016   0.0000000000000000     
   33.899999999999999       -1.6342303911689132E-015   0.0000000000000000     
   34.000000000000000        6.4467820839606373E-016   0.0000000000000000     
   34.100000000000001       -7.9792825046679335E-017   0.0000000000000000     
   34.200000000000003       -1.1284321323626959E-015   0.0000000000000000     
   34.300000000000004        1.6593096715488414E-015   0.0000000000000000     
   34.399999999999999        1.3269969321378312E-015   0.0000000000000000     
   34.500000000000000       -2.5394444443407876E-016   0.0000000000000000     
   34.600000000000001       -7.8535871906887477E-016   0.0000000000000000     
   34.700000000000003       -2.6038602489900274E-017   0.0000000000000000     
   34.800000000000004       -2.3896561127959504E-015   0.0000000000000000     
   34.899999999999999       -3.9782194645962255E-016   0.0000000000000000     
   35.000000000000000        7.2823052861218837E-016   0.0000000000000000     
   35.100000000000001        4.3218423294519346E-015   0.0000000000000000     
   35.200000000000003       -1.4255580371644973E-015   0.0000000000000000     
   35.300000000000004        2.5368369718273972E-015   0.0000000000000000     
   35.399999999999999       -3.5118377011562081E-015   0.0000000000000000     
   35.500000000000000        1.6465000709684386E-015   0.0000000000000000     
   35.600000000000001       -4.9341290323280190E-015   0.0000000000000000     
   35.700000000000003        1.6595646204351353E-015   0.0000000000000000     
   35.800000000000004       -3.6364236475093833E-015   0.0000000000000000     
   35.899999999999999        7.0652354988784737E-015   0.0000000000000000     
   36.000000000000000       -3.0648771581052464E-015   0.0000000000000000     
   36.100000000000001        4.8368486240283087E-015   0.0000000000000000     
   36.200000000000003       -4.4549590667945397E-015   0.0000000000000000     
   36.300000000000004        3.7661141764961449E-015   0.0000000000000000     
   36.399999999999999       -5.0963365386195125E-015   0.0000000000000000     
   36.500000000000000        3.2132408265814507E-015   0.0000000000000000     
   36.600000000000001       -2.0361375244678723E-015   0.0000000000000000     
   36.700000000000003        9.7785734325742338E-016   0.0000000000000000     
   36.800000000000004       -2.6757029971044394E-015   0.0000000000000000     
   36.899999999999999        3.0921180779939648E-015   0.0000000000000000     
   37.000000000000000       -4.1299319005734388E-016   0.0000000000000000     
   37.100000000000001        8.5901356051333277E-016   0.0000000000000000     
   37.200000000000003       -4.3041674969552260E-015   0.0000000000000000     
   37.300000000000004        4.1647904514644977E-015   0.0000000000000000     
   37.399999999999999        8.4033512004544209E-016   0.0000000000000000     
   37.500000000000000        2.9694029326828271E-015   0.0000000000000000     
   37.600000000000001       -3.8637745583092723E-015   0.0000000000000000     
   37.700000000000003       -6.7474499513223210E-016   0.0000000000000000     
   37.800000000000004       -2.3635517081270214E-015   0.0000000000000000     
   37.899999999999999       -2.5917961663578930E-015   0.0000000000000000     
   38.000000000000000        1.0996764197709611E-015   0.0000000000000000     
   38.100000000000001        2.6841090113126049E-015   0.0000000000000000     
   38.200000000000003        4.8183727503680373E-015   0.0000000000000000     
   38.300000000000004       -2.8859748073730156E-015   0.0000000000000000     
   38.400000000000006        2.1958656248852917E-015   0.0000000000000000     
   38.500000000000000       -2.4161847661375545E-015   0.0000000000000000     
   38.600000000000001        1.5081545870276544E-015   0.0000000000000000     
   38.700000000000003       -3.7634940617676614E-015   0.0000000000000000     
   38.800000000000004        8.7196393433051668E-016   0.0000000000000000     
   38.900000000000006       -1.4783933327949716E-015   0.0000000000000000     
   39.000000000000000        3.6489459722475943E-015   0.0000000000000000     
   39.100000000000001       -1.0480526755549919E-015   0.0000000000000000     
   39.200000000000003       -1.2780265567697960E-015   0.0000000000000000     
   39.300000000000004        9.1085972926275803E-016   0.0000000000000000     
   39.400000000000006        2.7483476025533840E-016   0.0000000000000000     
   39.500000000000000       -1.2640494513046992E-015   0.0000000000000000     
   39.600000000000001       -1.0753647951652915E-015   0.0000000000000000     
   39.700000000000003        2.5582618731204552E-015   0.0000000000000000     
   39.800000000000004       -1.9025943077392201E-015   0.0000000000000000     
   39.900000000000006        1.5073358133818610E-015   0.0000000000000000     
   40.000000000000000       -6.5718516960361585E-017   0.0000000000000000     
   40.100000000000001        3.3733047816926720E-015   0.0000000000000000     
   40.200000000000003       -2.1778407891405169E-015   0.0000000000000000     
   40.300000000000004       -5.7165772814191901E-016   0.0000000000000000     
   40.400000000000006       -2.0788454048231385E-015   0.0000000000000000     
   40.500000000000000        1.0792765028638356E-015   0.0000000000000000     
   40.600000000000001       -1.2296956443508084E-016   0.0000000000000000     
   40.700000000000003       -4.4266675655561970E-016   0.0000000000000000     
   40.800000000000004        2.2017593707856481E-015   0.0000000000000000     
   40.900000000000006        1.9828769576043697E-016   0.0000000000000000     
   41.000000000000000       -1.1196388915083086E-016   0.0000000000000000     
   41.100000000000001       -4.7469802757459615E-015   0.0000000000000000     
   41.200000000000003        2.0135312791545754E-015   0.0000000000000000     
   41.300000000000004       -2.2941674513520500E-015   0.0000000000000000     
   41.400000000000006        4.1239062392477157E-015   0.0000000000000000     
   41.500000000000000       -6.5081308502000014E-016   0.0000000000000000     
   41.600000000000001        3.6169241303295897E-015   0.0000000000000000     
   41.700000000000003       -5.2156082156360720E-016   0.0000000000000000     
   41.800000000000004       -2.4425484746390102E-015   0.0000000000000000     
   41.900000000000006       -1.1846691396592304E-015   0.0000000000000000     
   42.000000000000000       -1.9885208830513156E-015   0.0000000000000000     
   42.100000000000001        5.3654027529478429E-016   0.0000000000000000     
   42.200000000000003        1.4422910733547472E-016   0.0000000000000000     
   42.300000000000004        3.0327056785106873E-015   0.0000000000000000     
   42.400000000000006        1.2287674079662394E-015   0.0000000000000000     
   42.500000000000000        1.4226541780819518E-015   0.0000000000000000     
   42.600000000000001       -2.6039041263137690E-015   0.0000000000000000     
   42.700000000000003       -1.1857401323963975E-015   0.0000000000000000     
   42.800000000000004        2.4170954764571727E-016   0.0000000000000000     
   42.900000000000006       -3.1205751805869693E-015   0.0000000000000000     
   43.000000000000000       -1.0602854323333955E-016   0.0000000000000000     
   43.100000000000001       -5.8532763131298124E-017   0.0000000000000000     
   43.200000000000003        3.9052529329320867E-015   0.0000000000000000     
   43.300000000000004       -2.9223984911301172E-015   0.0000000000000000     
   43.400000000000006        2.6268458856864621E-015   0.0000000000000000     
   43.500000000000000        6.6468151643566118E-016   0.0000000000000000     
   43.600000000000001        3.6407833964781290E-016   0.0000000000000000     
   43.700000000000003       -1.1334248504677218E-015   0.0000000000000000     
   43.800000000000004       -8.5709374496349921E-016   0.0000000000000000     
   43.900000000000006        3.0685274456188821E-015   0.0000000000000000     
   44.000000000000000       -3.7334603481785716E-016   0.0000000000000000     
   44.100000000000001        1.3390761355776029E-015   0.0000000000000000     
   44.200000000000003       -2.8467836767015819E-015   0.0000000000000000     
   44.300000000000004        1.8233040942280853E-015   0.0000000000000000     
   44.400000000000006       -1.1595106048774876E-015   0.0000000000000000     
   44.500000000000000       -4.4974722377633574E-015   0.0000000000000000     
   44.600000000000001        1.7017161903274602E-015   0.0000000000000000     
   44.700000000000003       -5.1811263851039861E-017   0.0000000000000000     
   44.800000000000004        3.5839953869138222E-015   0.0000000000000000     
   44.900000000000006       -1.4778930114889575E-015   0.0000000000000000     
   45.000000000000000        1.1938176106422941E-015   0.0000000000000000     
   45.100000000000001        9.3038487882923778E-016   0.0000000000000000     
   45.200000000000003        1.8224876146729581E-016   0.0000000000000000     
   45.300000000000004       -2.5058576809764411E-015   0.0000000000000000     
   45.400000000000006       -3.9974451413167078E-015   0.0000000000000000     
   45.500000000000000       -5.3692493470072536E-016   0.0000000000000000     
   45.600000000000001       -1.5750490139083147E-015   0.0000000000000000     
   45.700000000000003        1.3551188586338034E-015   0.0000000000000000     
   45.800000000000004       -8.2545476049826137E-016   0.0000000000000000     
   45.900000000000006        2.8649916383982488E-015   0.0000000000000000     
   46.000000000000000       -2.8006838975219553E-015   0.0000000000000000     
   46.100000000000001        4.9655206158016588E-015   0.0000000000000000     
   46.200000000000003        3.3432116677656537E-017   0.0000000000000000     
   46.300000000000004       -1.8640302640763243E-016   0.0000000000000000     
   46.400000000000006       -1.5083132969430676E-015   0.0000000000000000     
   46.500000000000000       -1.7454771365013510E-015   0.0000000000000000     
   46.600000000000001        1.8176605014903842E-015   0.0000000000000000     
   46.700000000000003       -2.4429717233468058E-017   0.0000000000000000     
   46.800000000000004        2.8376131904313249E-015   0.0000000000000000     
   46.900000000000006        2.5649986717225452E-016   0.0000000000000000     
   47.000000000000000       -2.9205725311153953E-015   0.0000000000000000     
   47.100000000000001       -7.7387817572967227E-017   0.0000000000000000     
   47.200000000000003       -3.6542401891488151E-015   0.0000000000000000     
   47.300000000000004        4.0670054632128189E-015   0.0000000000000000     
   47.400000000000006       -4.3746916454562079E-016   0.0000000000000000     
   47.500000000000000        2.0056612805636515E-015   0.0000000000000000     
   47.600000000000001        1.8727182887071158E-015   0.0000000000000000     
   47.700000000000003        2.1357925209803083E-015   0.0000000000000000     
   47.800000000000004        9.0651743173206092E-019   0.0000000000000000     
   47.900000000000006       -3.1360822890465759E-015   0.0000000000000000     
   48.000000000000000       -3.5462533842448445E-015   0.0000000000000000     
   48.100000000000001       -2.2550989147528819E-015   0.0000000000000000     
   48.200000000000003       -8.7998129390242868E-017   0.0000000000000000     
   48.300000000000004        6.7966724063966104E-016   0.0000000000000000     
   48.400000000000006        1.0684676456150121E-015   0.0000000000000000     
   48.500000000000000        5.6245520374719429E-015   0.0000000000000000     
   48.600000000000001        2.2481270699789905E-015   0.0000000000000000     
   48.700000000000003       -1.0261853413221451E-015   0.0000000000000000     
   48.800000000000004       -4.1541153545965519E-015   0.0000000000000000     
   48.900000000000006        2.0842419228278780E-015   0.0000000000000000     
   49.000000000000000       -1.3744403359153814E-015   0.0000000000000000     
   49.100000000000001        5.0890405465955190E-017   0.0000000000000000     
   49.200000000000003        1.2038217226467155E-015   0.0000000000000000     
   49.300000000000004       -5.6624374348956391E-016   0.0000000000000000     
   49.400000000000006       -3.5318397849048431E-015   0.0000000000000000     
   49.500000000000000        1.1090704952366831E-015   0.0000000000000000     
   49.600000000000001       -3.7238988646559533E-016   0.0000000000000000     
   49.700000000000003        7.6861079433847538E-016   0.0000000000000000     
   49.800000000000004        4.7405837160458642E-015   0.0000000000000000     
   49.900000000000006        5.0654071924799070E-054   0.0000000000000000     
