   0.0000000000000000        1.1209587064250830E-015   0.0000000000000000     
  0.10000000000000001        2.2153252492103298E-015   0.0000000000000000     
  0.20000000000000001        1.9434805362346084E-015   0.0000000000000000     
  0.30000000000000004        6.2212358640378418E-016   0.0000000000000000     
  0.40000000000000002       -2.1873056847009961E-015   0.0000000000000000     
  0.50000000000000000       -1.2990594445476241E-015   0.0000000000000000     
  0.60000000000000009       -3.1686763350982187E-016   0.0000000000000000     
  0.70000000000000007        1.6034794897253555E-016   0.0000000000000000     
  0.80000000000000004        1.4162900463408338E-015   0.0000000000000000     
  0.90000000000000002       -2.0937678862092352E-016   0.0000000000000000     
   1.0000000000000000       -2.6580716326309359E-016   0.0000000000000000     
   1.1000000000000001        2.1896671094257054E-015   0.0000000000000000     
   1.2000000000000002       -7.3442397523448199E-016   0.0000000000000000     
   1.3000000000000000       -1.0309347401563748E-015   0.0000000000000000     
   1.4000000000000001       -9.0222094921810604E-016   0.0000000000000000     
   1.5000000000000000       -6.9434696539758026E-016   0.0000000000000000     
   1.6000000000000001       -5.3844115481289385E-016   0.0000000000000000     
   1.7000000000000002        1.8031759394034884E-015   0.0000000000000000     
   1.8000000000000000       -1.0200774865693483E-016   0.0000000000000000     
   1.9000000000000001        3.5785309336500042E-015   0.0000000000000000     
   2.0000000000000000       -2.5312504250192283E-015   0.0000000000000000     
   2.1000000000000001       -3.8462534628217561E-016   0.0000000000000000     
   2.2000000000000002       -3.8200466435413197E-015   0.0000000000000000     
   2.3000000000000003        4.5422886126875601E-015   0.0000000000000000     
   2.4000000000000004       -4.9300899639028795E-015   0.0000000000000000     
   2.5000000000000000        7.3537741691801436E-015   0.0000000000000000     
   2.6000000000000001       -8.6901127043088756E-015   0.0000000000000000     
   2.7000000000000002        1.1809374916800836E-014   0.0000000000000000     
   2.8000000000000003       -1.2816674272114051E-014   0.0000000000000000     
   2.9000000000000004        1.7646387045924957E-014   0.0000000000000000     
   3.0000000000000000       -2.6287926035389684E-014   0.0000000000000000     
   3.1000000000000001        2.9639404020203214E-014   0.0000000000000000     
   3.2000000000000002       -3.8502467083248672E-014   0.0000000000000000     
   3.3000000000000003        5.1444304104234338E-014   0.0000000000000000     
   3.4000000000000004       -6.2902257478999932E-014   0.0000000000000000     
   3.5000000000000000        8.1570543257945131E-014   0.0000000000000000     
   3.6000000000000001       -1.0567666807843749E-013   0.0000000000000000     
   3.7000000000000002        1.3639202590918859E-013   0.0000000000000000     
   3.8000000000000003       -1.7390954847871914E-013   0.0000000000000000     
   3.9000000000000004        2.1898366604375257E-013   0.0000000000000000     
   4.0000000000000000       -2.8303854486486820E-013   0.0000000000000000     
   4.1000000000000005        3.6161982647476517E-013   0.0000000000000000     
   4.2000000000000002       -4.5935193005767666E-013   0.0000000000000000     
   4.2999999999999998        5.8951500981806795E-013   0.0000000000000000     
   4.4000000000000004       -7.5026020430042869E-013   0.0000000000000000     
   4.5000000000000000        9.5677571835809394E-013   0.0000000000000000     
   4.6000000000000005       -1.2202077057241773E-012   0.0000000000000000     
   4.7000000000000002        1.5490984260194018E-012   0.0000000000000000     
   4.8000000000000007       -1.9740735305546437E-012   0.0000000000000000     
   4.9000000000000004        2.5104975024619820E-012   0.0000000000000000     
   5.0000000000000000       -3.1860463284263388E-012   0.0000000000000000     
   5.1000000000000005        4.0490423431431530E-012   0.0000000000000000     
   5.2000000000000002       -5.1372151870107112E-012   0.0000000000000000     
   5.3000000000000007        6.5110290349854447E-012   0.0000000000000000     
   5.4000000000000004       -8.2499043718160230E-012   0.0000000000000000     
   5.5000000000000000        1.0444443106968151E-011   0.0000000000000000     
   5.6000000000000005       -1.3212921465920880E-011   0.0000000000000000     
   5.7000000000000002        1.6698997778369984E-011   0.0000000000000000     
   5.8000000000000007       -2.1092452234065636E-011   0.0000000000000000     
   5.9000000000000004        2.6622306313376161E-011   0.0000000000000000     
   6.0000000000000000       -3.3569574178338162E-011   0.0000000000000000     
   6.1000000000000005        4.2295245611158557E-011   0.0000000000000000     
   6.2000000000000002       -5.3243750378437678E-011   0.0000000000000000     
   6.3000000000000007        6.6974051239342883E-011   0.0000000000000000     
   6.4000000000000004       -8.4169116135175877E-011   0.0000000000000000     
   6.5000000000000000        1.0568126495389374E-010   0.0000000000000000     
   6.6000000000000005       -1.3258575336928383E-010   0.0000000000000000     
   6.7000000000000002        1.6618051028550561E-010   0.0000000000000000     
   6.8000000000000007       -2.0809278049933777E-010   0.0000000000000000     
   6.9000000000000004        2.6034788830345582E-010   0.0000000000000000     
   7.0000000000000000       -3.2540902381878843E-010   0.0000000000000000     
   7.1000000000000005        4.0634586451162645E-010   0.0000000000000000     
   7.2000000000000002       -5.0693215464130648E-010   0.0000000000000000     
   7.3000000000000007        6.3179403724609752E-010   0.0000000000000000     
   7.4000000000000004       -7.8664498410175709E-010   0.0000000000000000     
   7.5000000000000000        9.7847306949545628E-010   0.0000000000000000     
   7.6000000000000005       -1.2158545086334601E-009   0.0000000000000000     
   7.7000000000000002        1.5093010225875539E-009   0.0000000000000000     
   7.8000000000000007       -1.8716423706206749E-009   0.0000000000000000     
   7.9000000000000004        2.3185708336639692E-009   0.0000000000000000     
   8.0000000000000000       -2.8692193545959689E-009   0.0000000000000000     
   8.0999999999999996        3.5468891230315480E-009   0.0000000000000000     
   8.2000000000000011       -4.3799448480218050E-009   0.0000000000000000     
   8.3000000000000007        5.4028335625067437E-009   0.0000000000000000     
   8.4000000000000004       -6.6573714919298917E-009   0.0000000000000000     
   8.5000000000000000        8.1942319476952804E-009   0.0000000000000000     
   8.5999999999999996       -1.0074719551255606E-008   0.0000000000000000     
   8.7000000000000011        1.2372948951278041E-008   0.0000000000000000     
   8.8000000000000007       -1.5178368375735213E-008   0.0000000000000000     
   8.9000000000000004        1.8598772696558732E-008   0.0000000000000000     
   9.0000000000000000       -2.2763910439224871E-008   0.0000000000000000     
   9.0999999999999996        2.7829723652243265E-008   0.0000000000000000     
   9.2000000000000011       -3.3983364670671877E-008   0.0000000000000000     
   9.3000000000000007        4.1449131375631036E-008   0.0000000000000000     
   9.4000000000000004       -5.0495447119658250E-008   0.0000000000000000     
   9.5000000000000000        6.1443067698542944E-008   0.0000000000000000     
   9.6000000000000014       -7.4674731516951569E-008   0.0000000000000000     
   9.7000000000000011        9.0646441688459368E-008   0.0000000000000000     
   9.8000000000000007       -1.0990069250459793E-007   0.0000000000000000     
   9.9000000000000004        1.3308190433389959E-007   0.0000000000000000     
   10.000000000000000       -1.6095436032047204E-007   0.0000000000000000     
   10.100000000000001        1.9442316092143504E-007   0.0000000000000000     
   10.200000000000001       -2.3455849627664019E-007   0.0000000000000000     
   10.300000000000001        2.8262370916585073E-007   0.0000000000000000     
   10.400000000000000       -3.4010786769247827E-007   0.0000000000000000     
   10.500000000000000        4.0876326413873833E-007   0.0000000000000000     
   10.600000000000001       -4.9064858377408516E-007   0.0000000000000000     
   10.700000000000001        5.8817859047404526E-007   0.0000000000000000     
   10.800000000000001       -7.0418100094982439E-007   0.0000000000000000     
   10.900000000000000        8.4196161136445236E-007   0.0000000000000000     
   11.000000000000000       -1.0053786618920222E-006   0.0000000000000000     
   11.100000000000001        1.1989274640559151E-006   0.0000000000000000     
   11.200000000000001       -1.4278366362851062E-006   0.0000000000000000     
   11.300000000000001        1.6981771925439220E-006   0.0000000000000000     
   11.400000000000000       -2.0169858878664148E-006   0.0000000000000000     
   11.500000000000000        2.3924044114561422E-006   0.0000000000000000     
   11.600000000000001       -2.8338360081152605E-006   0.0000000000000000     
   11.700000000000001        3.3521212699239431E-006   0.0000000000000000     
   11.800000000000001       -3.9597349431970874E-006   0.0000000000000000     
   11.900000000000000        4.6710056398884364E-006   0.0000000000000000     
   12.000000000000000       -5.5023604323414242E-006   0.0000000000000000     
   12.100000000000001        6.4725963736755790E-006   0.0000000000000000     
   12.200000000000001       -7.6031809908535366E-006   0.0000000000000000     
   12.300000000000001        8.9185838436395721E-006   0.0000000000000000     
   12.400000000000000       -1.0446641181025823E-005   0.0000000000000000     
   12.500000000000000        1.2218955617557020E-005   0.0000000000000000     
   12.600000000000001       -1.4271332756316097E-005   0.0000000000000000     
   12.700000000000001        1.6644256425058872E-005   0.0000000000000000     
   12.800000000000001       -1.9383403927169928E-005   0.0000000000000000     
   12.900000000000000        2.2540202524117334E-005   0.0000000000000000     
   13.000000000000000       -2.6172427901469611E-005   0.0000000000000000     
   13.100000000000001        3.0344844915499435E-005   0.0000000000000000     
   13.200000000000001       -3.5129890380133333E-005   0.0000000000000000     
   13.300000000000001        4.0608396948765133E-005   0.0000000000000000     
   13.400000000000000       -4.6870356393318310E-005   0.0000000000000000     
   13.500000000000000        5.4015719668013778E-005   0.0000000000000000     
   13.600000000000001       -6.2155230113217601E-005   0.0000000000000000     
   13.700000000000001        7.1411284980520029E-005   0.0000000000000000     
   13.800000000000001       -8.1918819211531413E-005   0.0000000000000000     
   13.900000000000000        9.3826203893217528E-005   0.0000000000000000     
   14.000000000000000       -1.0729615026235621E-004   0.0000000000000000     
   14.100000000000001        1.2250660852441961E-004   0.0000000000000000     
   14.200000000000001       -1.3965164875477665E-004   0.0000000000000000     
   14.300000000000001        1.5894230931201301E-004   0.0000000000000000     
   14.400000000000000       -1.8060739620099611E-004   0.0000000000000000     
   14.500000000000000        2.0489421454546663E-004   0.0000000000000000     
   14.600000000000001       -2.3206921135576994E-004   0.0000000000000000     
   14.700000000000001        2.6241850646882423E-004   0.0000000000000000     
   14.800000000000001       -2.9624828637266065E-004   0.0000000000000000     
   14.900000000000000        3.3388503366165074E-004   0.0000000000000000     
   15.000000000000000       -3.7567556268216926E-004   0.0000000000000000     
   15.100000000000001        4.2198683026878624E-004   0.0000000000000000     
   15.200000000000001       -4.7320548886147363E-004   0.0000000000000000     
   15.300000000000001        5.2973714791096761E-004   0.0000000000000000     
   15.400000000000000       -5.9200530870919324E-004   0.0000000000000000     
   15.500000000000000        6.6044993719692013E-004   0.0000000000000000     
   15.600000000000001       -7.3552563945463725E-004   0.0000000000000000     
   15.700000000000001        8.1769940525908038E-004   0.0000000000000000     
   15.800000000000001       -9.0744788637307165E-004   0.0000000000000000     
   15.900000000000000        1.0052541785370540E-003   0.0000000000000000     
   16.000000000000000       -1.1116040790166398E-003   0.0000000000000000     
   16.100000000000001        1.2269817955548781E-003   0.0000000000000000     
   16.199999999999999       -1.3518650875362116E-003   0.0000000000000000     
   16.300000000000001        1.4867198260123237E-003   0.0000000000000000     
   16.400000000000002       -1.6319939664543653E-003   0.0000000000000000     
   16.500000000000000        1.7881109361311963E-003   0.0000000000000000     
   16.600000000000001       -1.9554624472356281E-003   0.0000000000000000     
   16.699999999999999        2.1344007573837792E-003   0.0000000000000000     
   16.800000000000001       -2.3252304102724382E-003   0.0000000000000000     
   16.900000000000002        2.5281995016753658E-003   0.0000000000000000     
   17.000000000000000       -2.7434905292323783E-003   0.0000000000000000     
   17.100000000000001        2.9712108981729459E-003   0.0000000000000000     
   17.199999999999999       -3.2113831696404505E-003   0.0000000000000000     
   17.300000000000001        3.4639351530387154E-003   0.0000000000000000     
   17.400000000000002       -3.7286899585629520E-003   0.0000000000000000     
   17.500000000000000        4.0053561407961350E-003   0.0000000000000000     
   17.600000000000001       -4.2935180783179186E-003   0.0000000000000000     
   17.699999999999999        4.5926267475939128E-003   0.0000000000000000     
   17.800000000000001       -4.9019910615632819E-003   0.0000000000000000     
   17.900000000000002        5.2207699537947490E-003   0.0000000000000000     
   18.000000000000000       -5.5479653977148222E-003   0.0000000000000000     
   18.100000000000001        5.8824165565796597E-003   0.0000000000000000     
   18.199999999999999       -6.2227952633387403E-003   0.0000000000000000     
   18.300000000000001        6.5676030298690456E-003   0.0000000000000000     
   18.400000000000002       -6.9151697818340511E-003   0.0000000000000000     
   18.500000000000000        7.2636545085523387E-003   0.0000000000000000     
   18.600000000000001       -7.6110480061171958E-003   0.0000000000000000     
   18.699999999999999        7.9551778766752193E-003   0.0000000000000000     
   18.800000000000001       -8.2937159270634938E-003   0.0000000000000000     
   18.900000000000002        8.6241880855528266E-003   0.0000000000000000     
   19.000000000000000       -8.9439869268113925E-003   0.0000000000000000     
   19.100000000000001        9.2503868619811368E-003   0.0000000000000000     
   19.200000000000003       -9.5405620134566341E-003   0.0000000000000000     
   19.300000000000001        9.8116067530586454E-003   0.0000000000000000     
   19.400000000000002       -1.0060558837711163E-002   0.0000000000000000     
   19.500000000000000        1.0284425029800879E-002   0.0000000000000000     
   19.600000000000001       -1.0480209040209626E-002   0.0000000000000000     
   19.700000000000003        1.0644941581432563E-002   0.0000000000000000     
   19.800000000000001       -1.0775712267694110E-002   0.0000000000000000     
   19.900000000000002        1.0869703048608532E-002   0.0000000000000000     
   20.000000000000000       -1.0924222814572690E-002   0.0000000000000000     
   20.100000000000001        1.0936742766536178E-002   0.0000000000000000     
   20.200000000000003       -1.0904932100800232E-002   0.0000000000000000     
   20.300000000000001        1.0826693523163129E-002   0.0000000000000000     
   20.400000000000002       -1.0700198076145865E-002   0.0000000000000000     
   20.500000000000000        1.0523918739757224E-002   0.0000000000000000     
   20.600000000000001       -1.0296662251651162E-002   0.0000000000000000     
   20.700000000000003        1.0017598586456823E-002   0.0000000000000000     
   20.800000000000001       -9.6862875383051800E-003   0.0000000000000000     
   20.900000000000002        9.3027018652315444E-003   0.0000000000000000     
   21.000000000000000       -8.8672464793136674E-003   0.0000000000000000     
   21.100000000000001        8.3807732029846024E-003   0.0000000000000000     
   21.200000000000003       -7.8445906591318570E-003   0.0000000000000000     
   21.300000000000001        7.2604689204606625E-003   0.0000000000000000     
   21.400000000000002       -6.6306386115737729E-003   0.0000000000000000     
   21.500000000000000        5.9577842341189576E-003   0.0000000000000000     
   21.600000000000001       -5.2450315705511851E-003   0.0000000000000000     
   21.700000000000003        4.4959291138064912E-003   0.0000000000000000     
   21.800000000000001       -3.7144235671798436E-003   0.0000000000000000     
   21.900000000000002        2.9048295591411945E-003   0.0000000000000000     
   22.000000000000000       -2.0717938195664964E-003   0.0000000000000000     
   22.100000000000001        1.2202541652707323E-003   0.0000000000000000     
   22.200000000000003       -3.5539374127116052E-004   0.0000000000000000     
   22.300000000000001       -5.1740894199768387E-004   0.0000000000000000     
   22.400000000000002        1.3926335485121852E-003   0.0000000000000000     
   22.500000000000000       -2.2646743289039643E-003   0.0000000000000000     
   22.600000000000001        3.1278986335623797E-003   0.0000000000000000     
   22.700000000000003       -3.9767067011910280E-003   0.0000000000000000     
   22.800000000000001        4.8055918575963573E-003   0.0000000000000000     
   22.900000000000002       -5.6092002350758702E-003   0.0000000000000000     
   23.000000000000000        6.3823891150745033E-003   0.0000000000000000     
   23.100000000000001       -7.1202830056494764E-003   0.0000000000000000     
   23.200000000000003        7.8183265915864799E-003   0.0000000000000000     
   23.300000000000001       -8.4723337381249486E-003   0.0000000000000000     
   23.400000000000002        9.0785317885576054E-003   0.0000000000000000     
   23.500000000000000       -9.6336004709756447E-003   0.0000000000000000     
   23.600000000000001        1.0134704817877876E-002   0.0000000000000000     
   23.700000000000003       -1.0579521603349249E-002   0.0000000000000000     
   23.800000000000001        1.0966258913726474E-002   0.0000000000000000     
   23.900000000000002       -1.1293668586393144E-002   0.0000000000000000     
   24.000000000000000        1.1561051375842971E-002   0.0000000000000000     
   24.100000000000001       -1.1768254833104350E-002   0.0000000000000000     
   24.200000000000003        1.1915664011609978E-002   0.0000000000000000     
   24.300000000000001       -1.2004185236866026E-002   0.0000000000000000     
   24.400000000000002        1.2035223295951225E-002   0.0000000000000000     
   24.500000000000000       -1.2010652513731110E-002   0.0000000000000000     
   24.600000000000001        1.1932782282916837E-002   0.0000000000000000     
   24.700000000000003       -1.1804317703029170E-002   0.0000000000000000     
   24.800000000000001        1.1628316056976607E-002   0.0000000000000000     
   24.900000000000002       -1.1408139911777080E-002   0.0000000000000000     
   25.000000000000000        1.1147407671192730E-002   0.0000000000000000     
   25.100000000000001       -1.0849942431811824E-002   0.0000000000000000     
   25.200000000000003        1.0519720000346724E-002   0.0000000000000000     
   25.300000000000001       -1.0160816918828450E-002   0.0000000000000000     
   25.400000000000002        9.7773593166590993E-003   0.0000000000000000     
   25.500000000000000       -9.3734733650700057E-003   0.0000000000000000     
   25.600000000000001        8.9532380518379823E-003   0.0000000000000000     
   25.700000000000003       -8.5206409241092920E-003   0.0000000000000000     
   25.800000000000001        8.0795373664098048E-003   0.0000000000000000     
   25.900000000000002       -7.6336138918208542E-003   0.0000000000000000     
   26.000000000000000        7.1863558292932384E-003   0.0000000000000000     
   26.100000000000001       -6.7410196911704898E-003   0.0000000000000000     
   26.200000000000003        6.3006104049205154E-003   0.0000000000000000     
   26.300000000000001       -5.8678634940587306E-003   0.0000000000000000     
   26.400000000000002        5.4452321973344382E-003   0.0000000000000000     
   26.500000000000000       -5.0348794247728158E-003   0.0000000000000000     
   26.600000000000001        4.6386743656905956E-003   0.0000000000000000     
   26.700000000000003       -4.2581934888750580E-003   0.0000000000000000     
   26.800000000000001        3.8947256102457128E-003   0.0000000000000000     
   26.900000000000002       -3.5492806490960756E-003   0.0000000000000000     
   27.000000000000000        3.2226016512858688E-003   0.0000000000000000     
   27.100000000000001       -2.9151796267827875E-003   0.0000000000000000     
   27.200000000000003        2.6272707295226078E-003   0.0000000000000000     
   27.300000000000001       -2.3589152996905988E-003   0.0000000000000000     
   27.400000000000002        2.1099582912876211E-003   0.0000000000000000     
   27.500000000000000       -1.8800706205525188E-003   0.0000000000000000     
   27.600000000000001        1.6687709925381729E-003   0.0000000000000000     
   27.700000000000003       -1.4754477924429096E-003   0.0000000000000000     
   27.800000000000001        1.2993806641288406E-003   0.0000000000000000     
   27.900000000000002       -1.1397614391121392E-003   0.0000000000000000     
   28.000000000000000        9.9571412375279184E-004   0.0000000000000000     
   28.100000000000001       -8.6631369919537733E-004   0.0000000000000000     
   28.200000000000003        7.5060353636223465E-004   0.0000000000000000     
   28.300000000000001       -6.4761127561930784E-004   0.0000000000000000     
   28.400000000000002        5.5636306688919485E-004   0.0000000000000000     
   28.500000000000000       -4.7589610960786609E-004   0.0000000000000000     
   28.600000000000001        4.0526947220249210E-004   0.0000000000000000     
   28.700000000000003       -3.4357320753723481E-004   0.0000000000000000     
   28.800000000000001        2.8993581273184093E-004   0.0000000000000000     
   28.900000000000002       -2.4353010926674772E-004   0.0000000000000000     
   29.000000000000000        2.0357764200929729E-004   0.0000000000000000     
   29.100000000000001       -1.6935171320298429E-004   0.0000000000000000     
   29.200000000000003        1.4017918068123591E-004   0.0000000000000000     
   29.300000000000001       -1.1544115783448090E-004   0.0000000000000000     
   29.400000000000002        9.4572756905416573E-005   0.0000000000000000     
   29.500000000000000       -7.7062017869663027E-005   0.0000000000000000     
   29.600000000000001        6.2448161971441192E-005   0.0000000000000000     
   29.700000000000003       -5.0319303293710456E-005   0.0000000000000000     
   29.800000000000001        4.0309743791538312E-005   0.0000000000000000     
   29.900000000000002       -3.2096967141156812E-005   0.0000000000000000     
   30.000000000000000        2.5398435769545624E-005   0.0000000000000000     
   30.100000000000001       -1.9968283429267194E-005   0.0000000000000000     
   30.200000000000003        1.5593983199924130E-005   0.0000000000000000     
   30.300000000000001       -1.2093058600381460E-005   0.0000000000000000     
   30.400000000000002        9.3098933120094155E-006   0.0000000000000000     
   30.500000000000000       -7.1126835321505581E-006   0.0000000000000000     
   30.600000000000001        5.3905664145167401E-006   0.0000000000000000     
   30.700000000000003       -4.0509482406998035E-006   0.0000000000000000     
   30.800000000000001        3.0170473640261627E-006   0.0000000000000000     
   30.900000000000002       -2.2256594436679711E-006   0.0000000000000000     
   31.000000000000000        1.6251461232910774E-006   0.0000000000000000     
   31.100000000000001       -1.1736430241471246E-006   0.0000000000000000     
   31.200000000000003        8.3747876198108296E-007   0.0000000000000000     
   31.300000000000001       -5.8979348490708158E-007   0.0000000000000000     
   31.400000000000002        4.0934310346117261E-007   0.0000000000000000     
   31.500000000000000       -2.7947400829944815E-007   0.0000000000000000     
   31.600000000000001        1.8725211298923802E-007   0.0000000000000000     
   31.700000000000003       -1.2272996289370267E-007   0.0000000000000000     
   31.800000000000001        7.8335868426391573E-008   0.0000000000000000     
   31.900000000000002       -4.8369573374350653E-008   0.0000000000000000     
   32.000000000000000        2.8590056104327577E-008   0.0000000000000000     
   32.100000000000001       -1.5881924778627872E-008   0.0000000000000000     
   32.200000000000003        7.9882525916806967E-009   0.0000000000000000     
   32.300000000000004       -3.2989510597813963E-009   0.0000000000000000     
   32.399999999999999        6.8496006547984237E-010   0.0000000000000000     
   32.500000000000000        6.3007111696773444E-010   0.0000000000000000     
   32.600000000000001       -1.1679222591678372E-009   0.0000000000000000     
   32.700000000000003        1.2697688881734961E-009   0.0000000000000000     
   32.800000000000004       -1.1511619185321009E-009   0.0000000000000000     
   32.899999999999999        9.4231386818703858E-010   0.0000000000000000     
   33.000000000000000       -7.1696055249932968E-010   0.0000000000000000     
   33.100000000000001        5.1276413613215126E-010   0.0000000000000000     
   33.200000000000003       -3.4535819789271937E-010   0.0000000000000000     
   33.300000000000004        2.1769902146239513E-010   0.0000000000000000     
   33.399999999999999       -1.2620098387174832E-010   0.0000000000000000     
   33.500000000000000        6.4482124982390991E-011   0.0000000000000000     
   33.600000000000001       -2.5568289928111966E-011   0.0000000000000000     
   33.700000000000003        3.0739722575532525E-012   0.0000000000000000     
   33.800000000000004        8.3162432966206372E-012   0.0000000000000000     
   33.899999999999999       -1.2683913527987747E-011   0.0000000000000000     
   34.000000000000000        1.2988826757619505E-011   0.0000000000000000     
   34.100000000000001       -1.1257939404360282E-011   0.0000000000000000     
   34.200000000000003        8.7617353537102644E-012   0.0000000000000000     
   34.300000000000004       -6.2394171754704910E-012   0.0000000000000000     
   34.399999999999999        4.0701279992840241E-012   0.0000000000000000     
   34.500000000000000       -2.3876942608637357E-012   0.0000000000000000     
   34.600000000000001        1.1944540417375515E-012   0.0000000000000000     
   34.700000000000003       -4.2411642620470790E-013   0.0000000000000000     
   34.800000000000004       -2.8239822002844328E-014   0.0000000000000000     
   34.899999999999999        2.4844671196679141E-013   0.0000000000000000     
   35.000000000000000       -3.1935350687304548E-013   0.0000000000000000     
   35.100000000000001        3.0845590703657585E-013   0.0000000000000000     
   35.200000000000003       -2.5016228151822899E-013   0.0000000000000000     
   35.300000000000004        1.8276405076479215E-013   0.0000000000000000     
   35.399999999999999       -1.2001973082481137E-013   0.0000000000000000     
   35.500000000000000        6.8504357951870065E-014   0.0000000000000000     
   35.600000000000001       -3.3030106698416190E-014   0.0000000000000000     
   35.700000000000003        7.5079922981794600E-015   0.0000000000000000     
   35.800000000000004        5.3685177086473997E-015   0.0000000000000000     
   35.899999999999999       -1.1347155343867849E-014   0.0000000000000000     
   36.000000000000000        1.3006501093718794E-014   0.0000000000000000     
   36.100000000000001       -8.4474438364482776E-015   0.0000000000000000     
   36.200000000000003        8.7627640616728818E-015   0.0000000000000000     
   36.300000000000004       -7.8674557783916824E-015   0.0000000000000000     
   36.399999999999999        5.7631772986398981E-016   0.0000000000000000     
   36.500000000000000       -3.4403649875901937E-015   0.0000000000000000     
   36.600000000000001        2.5000324945598255E-015   0.0000000000000000     
   36.700000000000003       -2.4614195646760480E-016   0.0000000000000000     
   36.800000000000004        5.2459304267885586E-015   0.0000000000000000     
   36.899999999999999       -1.1718288109105206E-016   0.0000000000000000     
   37.000000000000000       -2.1583968025375481E-015   0.0000000000000000     
   37.100000000000001        2.6874299236742133E-016   0.0000000000000000     
   37.200000000000003        7.9056158749587187E-016   0.0000000000000000     
   37.300000000000004        2.5687683834664410E-016   0.0000000000000000     
   37.399999999999999       -4.3477490157366082E-015   0.0000000000000000     
   37.500000000000000        1.0984772657030401E-015   0.0000000000000000     
   37.600000000000001       -1.3788912517014558E-015   0.0000000000000000     
   37.700000000000003        3.5883902656629341E-015   0.0000000000000000     
   37.800000000000004        9.8973019480776419E-017   0.0000000000000000     
   37.899999999999999        4.2684170521916004E-016   0.0000000000000000     
   38.000000000000000       -5.9422950021469400E-016   0.0000000000000000     
   38.100000000000001        2.1079496250130661E-016   0.0000000000000000     
   38.200000000000003       -4.4089500201134208E-015   0.0000000000000000     
   38.300000000000004        4.3085333636055140E-015   0.0000000000000000     
   38.400000000000006       -2.1113182694736244E-015   0.0000000000000000     
   38.500000000000000        2.9218483184161758E-015   0.0000000000000000     
   38.600000000000001       -5.2995121200317134E-015   0.0000000000000000     
   38.700000000000003        4.8392071610278776E-015   0.0000000000000000     
   38.800000000000004       -3.8597657159406716E-015   0.0000000000000000     
   38.900000000000006        6.0632259724436020E-015   0.0000000000000000     
   39.000000000000000       -4.7211743641848836E-015   0.0000000000000000     
   39.100000000000001        1.9972501063882834E-015   0.0000000000000000     
   39.200000000000003       -1.6405722109629776E-015   0.0000000000000000     
   39.300000000000004        4.0997299542328959E-015   0.0000000000000000     
   39.400000000000006       -5.9669670307038057E-015   0.0000000000000000     
   39.500000000000000        4.7065168357311482E-015   0.0000000000000000     
   39.600000000000001        5.7938870132587626E-016   0.0000000000000000     
   39.700000000000003        1.2051090619110119E-015   0.0000000000000000     
   39.800000000000004       -5.2455065388300823E-015   0.0000000000000000     
   39.900000000000006       -9.0748516645688327E-016   0.0000000000000000     
   40.000000000000000       -2.4552074765446882E-015   0.0000000000000000     
   40.100000000000001        1.1835060664803461E-015   0.0000000000000000     
   40.200000000000003       -3.2673712083361418E-017   0.0000000000000000     
   40.300000000000004        2.6814004738061451E-015   0.0000000000000000     
   40.400000000000006        1.6863052833961663E-015   0.0000000000000000     
   40.500000000000000        3.8821309261962962E-015   0.0000000000000000     
   40.600000000000001       -1.1783748601388734E-015   0.0000000000000000     
   40.700000000000003        1.1855467935137755E-016   0.0000000000000000     
   40.800000000000004       -2.5197081025121804E-015   0.0000000000000000     
   40.900000000000006       -3.3944673432834815E-015   0.0000000000000000     
   41.000000000000000        5.5448530710400042E-016   0.0000000000000000     
   41.100000000000001       -4.5899651158755348E-016   0.0000000000000000     
   41.200000000000003        4.6182751549779023E-015   0.0000000000000000     
   41.300000000000004       -1.7900675499035708E-015   0.0000000000000000     
   41.400000000000006        4.2335054072198984E-015   0.0000000000000000     
   41.500000000000000       -3.6603083041036016E-015   0.0000000000000000     
   41.600000000000001        2.8263382496459456E-016   0.0000000000000000     
   41.700000000000003       -3.2184647017580351E-015   0.0000000000000000     
   41.800000000000004        2.6887983760428305E-015   0.0000000000000000     
   41.900000000000006        9.9211423948736672E-016   0.0000000000000000     
   42.000000000000000        1.2492183610514121E-015   0.0000000000000000     
   42.100000000000001        2.3899858305405128E-016   0.0000000000000000     
   42.200000000000003       -6.2866204185795111E-016   0.0000000000000000     
   42.300000000000004       -1.2591078187207613E-015   0.0000000000000000     
   42.400000000000006       -4.3327432204418296E-015   0.0000000000000000     
   42.500000000000000       -1.8870417960246219E-015   0.0000000000000000     
   42.600000000000001       -2.0249000978097768E-015   0.0000000000000000     
   42.700000000000003        3.0869350742125095E-015   0.0000000000000000     
   42.800000000000004       -1.1410140167287864E-015   0.0000000000000000     
   42.900000000000006        2.5944789749729260E-015   0.0000000000000000     
   43.000000000000000        1.5795553600657319E-015   0.0000000000000000     
   43.100000000000001        3.3087336854543959E-015   0.0000000000000000     
   43.200000000000003       -3.0898628115373869E-015   0.0000000000000000     
   43.300000000000004       -2.2521868397077970E-015   0.0000000000000000     
   43.400000000000006       -7.1914213816866424E-016   0.0000000000000000     
   43.500000000000000        1.2108918916523756E-015   0.0000000000000000     
   43.600000000000001        4.6062340251298905E-016   0.0000000000000000     
   43.700000000000003       -1.9791260729084112E-015   0.0000000000000000     
   43.800000000000004        2.1471542078467839E-015   0.0000000000000000     
   43.900000000000006       -1.2571553097732660E-015   0.0000000000000000     
   44.000000000000000        3.6006760326972870E-016   0.0000000000000000     
   44.100000000000001       -2.2071843079443958E-015   0.0000000000000000     
   44.200000000000003        6.5056633555554467E-015   0.0000000000000000     
   44.300000000000004        4.2243945848061319E-016   0.0000000000000000     
   44.400000000000006        1.2322625846589624E-015   0.0000000000000000     
   44.500000000000000       -2.3682296307057575E-015   0.0000000000000000     
   44.600000000000001        1.2764593275835948E-015   0.0000000000000000     
   44.700000000000003       -2.0768321404951268E-015   0.0000000000000000     
   44.800000000000004       -2.9171024214446295E-015   0.0000000000000000     
   44.900000000000006       -1.1486387021540390E-015   0.0000000000000000     
   45.000000000000000       -1.0499775821715879E-015   0.0000000000000000     
   45.100000000000001        2.2673590780959249E-015   0.0000000000000000     
   45.200000000000003       -3.1173794669168990E-017   0.0000000000000000     
   45.300000000000004        4.0930314648045052E-015   0.0000000000000000     
   45.400000000000006        1.3477727564218375E-015   0.0000000000000000     
   45.500000000000000        1.1746419001203137E-015   0.0000000000000000     
   45.600000000000001       -1.6937392271687949E-015   0.0000000000000000     
   45.700000000000003       -2.2408724818295826E-015   0.0000000000000000     
   45.800000000000004        4.3753301818859040E-016   0.0000000000000000     
   45.900000000000006       -2.4651336140799728E-015   0.0000000000000000     
   46.000000000000000        2.1247086535769360E-015   0.0000000000000000     
   46.100000000000001       -7.0569574994714177E-016   0.0000000000000000     
   46.200000000000003        1.5178780891476025E-015   0.0000000000000000     
   46.300000000000004       -3.1101444135968993E-015   0.0000000000000000     
   46.400000000000006        1.9382625298944555E-015   0.0000000000000000     
   46.500000000000000        1.3087102893897858E-015   0.0000000000000000     
   46.600000000000001       -7.5710738655623942E-016   0.0000000000000000     
   46.700000000000003       -3.3679272101150447E-016   0.0000000000000000     
   46.800000000000004        1.3113487184781376E-015   0.0000000000000000     
   46.900000000000006        2.4148246163872167E-015   0.0000000000000000     
   47.000000000000000       -6.7870714591892431E-016   0.0000000000000000     
   47.100000000000001        9.1650177111761324E-016   0.0000000000000000     
   47.200000000000003       -2.1928841484796598E-015   0.0000000000000000     
   47.300000000000004        2.2871477563950553E-015   0.0000000000000000     
   47.400000000000006       -1.6286991597383946E-016   0.0000000000000000     
   47.500000000000000       -1.1014071651797731E-015   0.0000000000000000     
   47.600000000000001        1.5426012546578894E-015   0.0000000000000000     
   47.700000000000003       -7.7185742998236142E-016   0.0000000000000000     
   47.800000000000004        1.2320383686863745E-015   0.0000000000000000     
   47.900000000000006       -4.3667779183463928E-015   0.0000000000000000     
   48.000000000000000        2.3166430948869755E-015   0.0000000000000000     
   48.100000000000001       -7.8323506074209367E-016   0.0000000000000000     
   48.200000000000003       -3.0564341089261326E-015   0.0000000000000000     
   48.300000000000004       -2.2222354647652054E-015   0.0000000000000000     
   48.400000000000006       -1.2401179543012768E-015   0.0000000000000000     
   48.500000000000000        4.5222554824519519E-015   0.0000000000000000     
   48.600000000000001       -6.3438782347612311E-016   0.0000000000000000     
   48.700000000000003        3.7218765678187502E-015   0.0000000000000000     
   48.800000000000004       -1.3351652203608647E-015   0.0000000000000000     
   48.900000000000006        3.1901476666337783E-015   0.0000000000000000     
   49.000000000000000       -2.1145801994452940E-015   0.0000000000000000     
   49.100000000000001       -1.3059613980580871E-015   0.0000000000000000     
   49.200000000000003       -2.7959030172760414E-015   0.0000000000000000     
   49.300000000000004       -8.3923771354410506E-016   0.0000000000000000     
   49.400000000000006       -2.0527293859975058E-015   0.0000000000000000     
   49.500000000000000       -2.1399264121332628E-015   0.0000000000000000     
   49.600000000000001        5.7244641808801191E-016   0.0000000000000000     
   49.700000000000003        2.5453947909078776E-015   0.0000000000000000     
   49.800000000000004        1.6365842238144250E-015   0.0000000000000000     
   49.900000000000006        5.0654071924799070E-054   0.0000000000000000     
