   0.0000000000000000        1.5154925381897752E-006   0.0000000000000000     
  0.10000000000000001        1.3295649908760872E-006   0.0000000000000000     
  0.20000000000000001        1.0240954974797285E-006   0.0000000000000000     
  0.30000000000000004        1.1993834274111653E-006   0.0000000000000000     
  0.40000000000000002        6.3550451169736545E-007   0.0000000000000000     
  0.50000000000000000        1.0026803064124778E-006   0.0000000000000000     
  0.60000000000000009        2.1747365720679847E-007   0.0000000000000000     
  0.70000000000000007        8.8474793363920854E-007   0.0000000000000000     
  0.80000000000000004       -1.4880704816232373E-007   0.0000000000000000     
  0.90000000000000002        9.1361402549295473E-007   0.0000000000000000     
   1.0000000000000000       -5.1319044163082860E-007   0.0000000000000000     
   1.1000000000000001        1.0836651328250247E-006   0.0000000000000000     
   1.2000000000000002       -9.2860101223073893E-007   0.0000000000000000     
   1.3000000000000000        1.4078763853053396E-006   0.0000000000000000     
   1.4000000000000001       -1.4502273373202977E-006   0.0000000000000000     
   1.5000000000000000        1.9181988360657100E-006   0.0000000000000000     
   1.6000000000000001       -2.1417174179610166E-006   0.0000000000000000     
   1.7000000000000002        2.6673299275311588E-006   0.0000000000000000     
   1.8000000000000000       -3.0815789404018681E-006   0.0000000000000000     
   1.9000000000000001        3.7323336014675165E-006   0.0000000000000000     
   2.0000000000000000       -4.3702411500870611E-006   0.0000000000000000     
   2.1000000000000001        5.2201427050236352E-006   0.0000000000000000     
   2.2000000000000002       -6.1382296031052412E-006   0.0000000000000000     
   2.3000000000000003        7.2750677305013542E-006   0.0000000000000000     
   2.4000000000000004       -8.5558755675595734E-006   0.0000000000000000     
   2.5000000000000000        1.0088504708594243E-005   0.0000000000000000     
   2.6000000000000001       -1.1844958304672489E-005   0.0000000000000000     
   2.7000000000000002        1.3911077715541774E-005   0.0000000000000000     
   2.8000000000000003       -1.6292651077306434E-005   0.0000000000000000     
   2.9000000000000004        1.9067464939559965E-005   0.0000000000000000     
   3.0000000000000000       -2.2268099140784257E-005   0.0000000000000000     
   3.1000000000000001        2.5974136246812940E-005   0.0000000000000000     
   3.2000000000000002       -3.0241889282736819E-005   0.0000000000000000     
   3.3000000000000003        3.5160166677019018E-005   0.0000000000000000     
   3.4000000000000004       -4.0808563839525213E-005   0.0000000000000000     
   3.5000000000000000        4.7291175499239942E-005   0.0000000000000000     
   3.6000000000000001       -5.4712174811873406E-005   0.0000000000000000     
   3.7000000000000002        6.3196264279280219E-005   0.0000000000000000     
   3.8000000000000003       -7.2874654319345729E-005   0.0000000000000000     
   3.9000000000000004        8.3897580031044977E-005   0.0000000000000000     
   4.0000000000000000       -9.6426485781884731E-005   0.0000000000000000     
   4.1000000000000005        1.1064180295874541E-004   0.0000000000000000     
   4.2000000000000002       -1.2673878784719776E-004   0.0000000000000000     
   4.2999999999999998        1.4493244764685978E-004   0.0000000000000000     
   4.4000000000000004       -1.6545546785734519E-004   0.0000000000000000     
   4.5000000000000000        1.8856137277953119E-004   0.0000000000000000     
   4.6000000000000005       -2.1452356706109106E-004   0.0000000000000000     
   4.7000000000000002        2.4363732571964188E-004   0.0000000000000000     
   4.8000000000000007       -2.7621931894051275E-004   0.0000000000000000     
   4.9000000000000004        3.1260872400015521E-004   0.0000000000000000     
   5.0000000000000000       -3.5316679992964816E-004   0.0000000000000000     
   5.1000000000000005        3.9827722654016970E-004   0.0000000000000000     
   5.2000000000000002       -4.4834540626260912E-004   0.0000000000000000     
   5.3000000000000007        5.0379801998639119E-004   0.0000000000000000     
   5.4000000000000004       -5.6508179548359603E-004   0.0000000000000000     
   5.5000000000000000        6.3266220057391531E-004   0.0000000000000000     
   5.6000000000000005       -7.0702145517463036E-004   0.0000000000000000     
   5.7000000000000002        7.8865624589878342E-004   0.0000000000000000     
   5.8000000000000007       -8.7807478768000549E-004   0.0000000000000000     
   5.9000000000000004        9.7579343346400305E-004   0.0000000000000000     
   6.0000000000000000       -1.0823326225266772E-003   0.0000000000000000     
   6.1000000000000005        1.1982122714711402E-003   0.0000000000000000     
   6.2000000000000002       -1.3239464874785451E-003   0.0000000000000000     
   6.3000000000000007        1.4600376617078447E-003   0.0000000000000000     
   6.4000000000000004       -1.6069698817761198E-003   0.0000000000000000     
   6.5000000000000000        1.7652017061539169E-003   0.0000000000000000     
   6.6000000000000005       -1.9351582843052898E-003   0.0000000000000000     
   6.7000000000000002        2.1172228702419148E-003   0.0000000000000000     
   6.8000000000000007       -2.3117277522299658E-003   0.0000000000000000     
   6.9000000000000004        2.5189446640128781E-003   0.0000000000000000     
   7.0000000000000000       -2.7390747374579807E-003   0.0000000000000000     
   7.1000000000000005        2.9722380879546495E-003   0.0000000000000000     
   7.2000000000000002       -3.2184631292744206E-003   0.0000000000000000     
   7.3000000000000007        3.4776757397688408E-003   0.0000000000000000     
   7.4000000000000004       -3.7496884126795652E-003   0.0000000000000000     
   7.5000000000000000        4.0341895442247977E-003   0.0000000000000000     
   7.6000000000000005       -4.3307330256576676E-003   0.0000000000000000     
   7.7000000000000002        4.6387283224923487E-003   0.0000000000000000     
   7.8000000000000007       -4.9574312353404103E-003   0.0000000000000000     
   7.9000000000000004        5.2859355489949973E-003   0.0000000000000000     
   8.0000000000000000       -5.6231657839420713E-003   0.0000000000000000     
   8.0999999999999996        5.9678712705804075E-003   0.0000000000000000     
   8.2000000000000011       -6.3186217679833947E-003   0.0000000000000000     
   8.3000000000000007        6.6738048475779585E-003   0.0000000000000000     
   8.4000000000000004       -7.0316252558297035E-003   0.0000000000000000     
   8.5000000000000000        7.3901064595841680E-003   0.0000000000000000     
   8.5999999999999996       -7.7470945621921118E-003   0.0000000000000000     
   8.7000000000000011        8.1002647582108615E-003   0.0000000000000000     
   8.8000000000000007       -8.4471304688247262E-003   0.0000000000000000     
   8.9000000000000004        8.7850552696136733E-003   0.0000000000000000     
   9.0000000000000000       -9.1112676866900999E-003   0.0000000000000000     
   9.0999999999999996        9.4228788968886354E-003   0.0000000000000000     
   9.2000000000000011       -9.7169033231486093E-003   0.0000000000000000     
   9.3000000000000007        9.9902820678088988E-003   0.0000000000000000     
   9.4000000000000004       -1.0239909074890106E-002   0.0000000000000000     
   9.5000000000000000        1.0462659858595728E-002   0.0000000000000000     
   9.6000000000000014       -1.0655422579809136E-002   0.0000000000000000     
   9.7000000000000011        1.0815131196459776E-002   0.0000000000000000     
   9.8000000000000007       -1.0938800358521655E-002   0.0000000000000000     
   9.9000000000000004        1.1023561665023758E-002   0.0000000000000000     
   10.000000000000000       -1.1066700850208732E-002   0.0000000000000000     
   10.100000000000001        1.1065695420184377E-002   0.0000000000000000     
   10.200000000000001       -1.1018252221189979E-002   0.0000000000000000     
   10.300000000000001        1.0922344387340117E-002   0.0000000000000000     
   10.400000000000000       -1.0776247090529179E-002   0.0000000000000000     
   10.500000000000000        1.0578571499126756E-002   0.0000000000000000     
   10.600000000000001       -1.0328296346220766E-002   0.0000000000000000     
   10.700000000000001        1.0024796513100858E-002   0.0000000000000000     
   10.800000000000001       -9.6678680501168200E-003   0.0000000000000000     
   10.900000000000000        9.2577490853583931E-003   0.0000000000000000     
   11.000000000000000       -8.7951361117282224E-003   0.0000000000000000     
   11.100000000000001        8.2811951949599821E-003   0.0000000000000000     
   11.200000000000001       -7.7175677084397269E-003   0.0000000000000000     
   11.300000000000001        7.1063702744993632E-003   0.0000000000000000     
   11.400000000000000       -6.4501886753400885E-003   0.0000000000000000     
   11.500000000000000        5.7520655884816894E-003   0.0000000000000000     
   11.600000000000001       -5.0154821001123706E-003   0.0000000000000000     
   11.700000000000001        4.2443330532055809E-003   0.0000000000000000     
   11.800000000000001       -3.4428963937291794E-003   0.0000000000000000     
   11.900000000000000        2.6157967856703579E-003   0.0000000000000000     
   12.000000000000000       -1.7679638716106433E-003   0.0000000000000000     
   12.100000000000001        9.0458565789946533E-004   0.0000000000000000     
   12.200000000000001       -3.1057599960400192E-005   0.0000000000000000     
   12.300000000000001       -8.4707194851820215E-004   0.0000000000000000     
   12.400000000000000        1.7241591808689596E-003   0.0000000000000000     
   12.500000000000000       -2.5945243698637104E-003   0.0000000000000000     
   12.600000000000001        3.4525126282775524E-003   0.0000000000000000     
   12.700000000000001       -4.2925550023763361E-003   0.0000000000000000     
   12.800000000000001        5.1092289834156323E-003   0.0000000000000000     
   12.900000000000000       -5.8973175199021890E-003   0.0000000000000000     
   13.000000000000000        6.6518656286354907E-003   0.0000000000000000     
   13.100000000000001       -7.3682337355531376E-003   0.0000000000000000     
   13.200000000000001        8.0421469275363151E-003   0.0000000000000000     
   13.300000000000001       -8.6697393627284958E-003   0.0000000000000000     
   13.400000000000000        9.2475931684855902E-003   0.0000000000000000     
   13.500000000000000       -9.7727712509290930E-003   0.0000000000000000     
   13.600000000000001        1.0242843546387378E-002   0.0000000000000000     
   13.700000000000001       -1.0655906360594278E-002   0.0000000000000000     
   13.800000000000001        1.1010594563620307E-002   0.0000000000000000     
   13.900000000000000       -1.1306086534793773E-002   0.0000000000000000     
   14.000000000000000        1.1542101879427747E-002   0.0000000000000000     
   14.100000000000001       -1.1718892065087213E-002   0.0000000000000000     
   14.200000000000001        1.1837224247063339E-002   0.0000000000000000     
   14.300000000000001       -1.1898358667643346E-002   0.0000000000000000     
   14.400000000000000        1.1904020119316112E-002   0.0000000000000000     
   14.500000000000000       -1.1856364056484018E-002   0.0000000000000000     
   14.600000000000001        1.1757938021022494E-002   0.0000000000000000     
   14.700000000000001       -1.1611639112877825E-002   0.0000000000000000     
   14.800000000000001        1.1420668287056068E-002   0.0000000000000000     
   14.900000000000000       -1.1188482291379134E-002   0.0000000000000000     
   15.000000000000000        1.0918744075323278E-002   0.0000000000000000     
   15.100000000000001       -1.0615272499464876E-002   0.0000000000000000     
   15.200000000000001        1.0281992157450329E-002   0.0000000000000000     
   15.300000000000001       -9.9228840892460323E-003   0.0000000000000000     
   15.400000000000000        9.5419381170665177E-003   0.0000000000000000     
   15.500000000000000       -9.1431074750279069E-003   0.0000000000000000     
   15.600000000000001        8.7302663322936323E-003   0.0000000000000000     
   15.700000000000001       -8.3071707292895463E-003   0.0000000000000000     
   15.800000000000001        7.8774233595098071E-003   0.0000000000000000     
   15.900000000000000       -7.4444425378583628E-003   0.0000000000000000     
   16.000000000000000        7.0114356025821941E-003   0.0000000000000000     
   16.100000000000001       -6.5813769039253676E-003   0.0000000000000000     
   16.199999999999999        6.1569904407258250E-003   0.0000000000000000     
   16.300000000000001       -5.7407371182446286E-003   0.0000000000000000     
   16.400000000000002        5.3348065184096087E-003   0.0000000000000000     
   16.500000000000000       -4.9411129987733098E-003   0.0000000000000000     
   16.600000000000001        4.5612958701552629E-003   0.0000000000000000     
   16.699999999999999       -4.1967233461807267E-003   0.0000000000000000     
   16.800000000000001        3.8484999112714277E-003   0.0000000000000000     
   16.900000000000002       -3.5174767175890436E-003   0.0000000000000000     
   17.000000000000000        3.2042645960911470E-003   0.0000000000000000     
   17.100000000000001       -2.9092492519148662E-003   0.0000000000000000     
   17.199999999999999        2.6326082094058931E-003   0.0000000000000000     
   17.300000000000001       -2.3743290766582111E-003   0.0000000000000000     
   17.400000000000002        2.1342287125049636E-003   0.0000000000000000     
   17.500000000000000       -1.9119728994726522E-003   0.0000000000000000     
   17.600000000000001        1.7070961532754986E-003   0.0000000000000000     
   17.699999999999999       -1.5190213317999466E-003   0.0000000000000000     
   17.800000000000001        1.3470787428802183E-003   0.0000000000000000     
   17.900000000000002       -1.1905244893870839E-003   0.0000000000000000     
   18.000000000000000        1.0485578310769135E-003   0.0000000000000000     
   18.100000000000001       -9.2033738408997111E-004   0.0000000000000000     
   18.199999999999999        8.0499601999183923E-004   0.0000000000000000     
   18.300000000000001       -7.0165436583355552E-004   0.0000000000000000     
   18.400000000000002        6.0943284414804284E-004   0.0000000000000000     
   18.500000000000000       -5.2746222648212171E-004   0.0000000000000000     
   18.600000000000001        4.5489270530707764E-004   0.0000000000000000     
   18.699999999999999       -3.9090151676249264E-004   0.0000000000000000     
   18.800000000000001        3.3469917039132224E-004   0.0000000000000000     
   18.900000000000002       -2.8553436158125522E-004   0.0000000000000000     
   19.000000000000000        2.4269765807061571E-004   0.0000000000000000     
   19.100000000000001       -2.0552406355098344E-004   0.0000000000000000     
   19.200000000000003        1.7339456930920658E-004   0.0000000000000000     
   19.300000000000001       -1.4573680944557262E-004   0.0000000000000000     
   19.400000000000002        1.2202493656441106E-004   0.0000000000000000     
   19.500000000000000       -1.0177883351727659E-004   0.0000000000000000     
   19.600000000000001        8.4562773199546226E-005   0.0000000000000000     
   19.700000000000003       -6.9983632722665369E-005   0.0000000000000000     
   19.800000000000001        5.7688761219911311E-005   0.0000000000000000     
   19.900000000000002       -4.7363592328358827E-005   0.0000000000000000     
   20.000000000000000        3.8729083286786228E-005   0.0000000000000000     
   20.100000000000001       -3.1539053202940559E-005   0.0000000000000000     
   20.200000000000003        2.5577483411056047E-005   0.0000000000000000     
   20.300000000000001       -2.0655833330852326E-005   0.0000000000000000     
   20.400000000000002        1.6610416146239008E-005   0.0000000000000000     
   20.500000000000000       -1.3299869893329493E-005   0.0000000000000000     
   20.600000000000001        1.0602751576812715E-005   0.0000000000000000     
   20.700000000000003       -8.4152746695835710E-006   0.0000000000000000     
   20.800000000000001        6.6492038098700235E-006   0.0000000000000000     
   20.900000000000002       -5.2299148993961154E-006   0.0000000000000000     
   21.000000000000000        4.0946238917417680E-006   0.0000000000000000     
   21.100000000000001       -3.1907835777067783E-006   0.0000000000000000     
   21.200000000000003        2.4746444034656172E-006   0.0000000000000000     
   21.300000000000001       -1.9099726073347696E-006   0.0000000000000000     
   21.400000000000002        1.4669172277384203E-006   0.0000000000000000     
   21.500000000000000       -1.1210161320983071E-006   0.0000000000000000     
   21.600000000000001        8.5233013040939962E-007   0.0000000000000000     
   21.700000000000003       -6.4469404467493940E-007   0.0000000000000000     
   21.800000000000001        4.8507343067462499E-007   0.0000000000000000     
   21.900000000000002       -3.6301570286304616E-007   0.0000000000000000     
   22.000000000000000        2.7018502415230125E-007   0.0000000000000000     
   22.100000000000001       -1.9997077277888478E-007   0.0000000000000000     
   22.200000000000003        1.4716008115621967E-007   0.0000000000000000     
   22.300000000000001       -1.0766581074715226E-007   0.0000000000000000     
   22.400000000000002        7.8302020163655198E-008   0.0000000000000000     
   22.500000000000000       -5.6599846879430887E-008   0.0000000000000000     
   22.600000000000001        4.0657523075791684E-008   0.0000000000000000     
   22.700000000000003       -2.9018989766907167E-008   0.0000000000000000     
   22.800000000000001        2.0576313668842800E-008   0.0000000000000000     
   22.900000000000002       -1.4491730694683072E-008   0.0000000000000000     
   23.000000000000000        1.0135817449169750E-008   0.0000000000000000     
   23.100000000000001       -7.0387643896213007E-009   0.0000000000000000     
   23.200000000000003        4.8522090577539926E-009   0.0000000000000000     
   23.300000000000001       -3.3196166804803304E-009   0.0000000000000000     
   23.400000000000002        2.2533864413485249E-009   0.0000000000000000     
   23.500000000000000       -1.5172777850654808E-009   0.0000000000000000     
   23.600000000000001        1.0130958156622127E-009   0.0000000000000000     
   23.700000000000003       -6.7059303870132825E-010   0.0000000000000000     
   23.800000000000001        4.3988686167638443E-010   0.0000000000000000     
   23.900000000000002       -2.8584884137439301E-010   0.0000000000000000     
   24.000000000000000        1.8393420896740722E-010   0.0000000000000000     
   24.100000000000001       -1.1714595531191053E-010   0.0000000000000000     
   24.200000000000003        7.3814837992400281E-011   0.0000000000000000     
   24.300000000000001       -4.5986731868571678E-011   0.0000000000000000     
   24.400000000000002        2.8310197722177686E-011   0.0000000000000000     
   24.500000000000000       -1.7211388952237459E-011   0.0000000000000000     
   24.600000000000001        1.0322053672881738E-011   0.0000000000000000     
   24.700000000000003       -6.1061844631272980E-012   0.0000000000000000     
   24.800000000000001        3.5581822306593773E-012   0.0000000000000000     
   24.900000000000002       -2.0346537309960749E-012   0.0000000000000000     
   25.000000000000000        1.1455661318666899E-012   0.0000000000000000     
   25.100000000000001       -6.3473367398117790E-013   0.0000000000000000     
   25.200000000000003        3.4261315594456290E-013   0.0000000000000000     
   25.300000000000001       -1.8103278001761279E-013   0.0000000000000000     
   25.400000000000002        9.3770154900566952E-014   0.0000000000000000     
   25.500000000000000       -4.8364420712388604E-014   0.0000000000000000     
   25.600000000000001        2.3418278056875881E-014   0.0000000000000000     
   25.700000000000003       -1.0293304632338944E-014   0.0000000000000000     
   25.800000000000001        6.1646973759610612E-015   0.0000000000000000     
   25.900000000000002       -3.5723380676579472E-015   0.0000000000000000     
   26.000000000000000        2.6394060088310319E-015   0.0000000000000000     
   26.100000000000001       -2.6884354739575440E-016   0.0000000000000000     
   26.200000000000003       -1.0629448634586052E-015   0.0000000000000000     
   26.300000000000001       -3.0313473932723082E-015   0.0000000000000000     
   26.400000000000002        8.7688907148964589E-016   0.0000000000000000     
   26.500000000000000        1.3174329598140115E-015   0.0000000000000000     
   26.600000000000001       -5.8583053550482039E-017   0.0000000000000000     
   26.700000000000003        1.9194580402644287E-015   0.0000000000000000     
   26.800000000000001        3.3461437859207613E-015   0.0000000000000000     
   26.900000000000002       -3.1985075274487765E-015   0.0000000000000000     
   27.000000000000000       -2.5346674168292208E-015   0.0000000000000000     
   27.100000000000001       -2.4721521634224681E-015   0.0000000000000000     
   27.200000000000003        1.4806713336480326E-015   0.0000000000000000     
   27.300000000000001        1.1023889335494685E-016   0.0000000000000000     
   27.400000000000002        1.1869638386785917E-015   0.0000000000000000     
   27.500000000000000        4.1709882206106658E-015   0.0000000000000000     
   27.600000000000001       -2.6877460268463885E-016   0.0000000000000000     
   27.700000000000003        8.7337852125063944E-016   0.0000000000000000     
   27.800000000000001       -6.4270516535732006E-015   0.0000000000000000     
   27.900000000000002        6.0308637744091073E-016   0.0000000000000000     
   28.000000000000000       -2.8480081347383339E-015   0.0000000000000000     
   28.100000000000001        5.0706955393468170E-015   0.0000000000000000     
   28.200000000000003       -2.9712263814827684E-015   0.0000000000000000     
   28.300000000000001        5.8536694437683527E-015   0.0000000000000000     
   28.400000000000002       -1.4602517367413287E-015   0.0000000000000000     
   28.500000000000000        1.8671800136172516E-015   0.0000000000000000     
   28.600000000000001       -5.7677591558383192E-015   0.0000000000000000     
   28.700000000000003        2.7091511073363394E-015   0.0000000000000000     
   28.800000000000001       -3.2600332984619958E-015   0.0000000000000000     
   28.900000000000002        2.1758804021753093E-015   0.0000000000000000     
   29.000000000000000       -2.2420385799815161E-015   0.0000000000000000     
   29.100000000000001        4.8884840343197583E-015   0.0000000000000000     
   29.200000000000003       -3.4291669463393535E-015   0.0000000000000000     
   29.300000000000001        2.5440545250678534E-015   0.0000000000000000     
   29.400000000000002       -2.0572719561470807E-015   0.0000000000000000     
   29.500000000000000        5.7701197120272834E-015   0.0000000000000000     
   29.600000000000001       -5.6085750115925652E-015   0.0000000000000000     
   29.700000000000003       -1.8325202278242490E-016   0.0000000000000000     
   29.800000000000001       -3.8239604158000184E-015   0.0000000000000000     
   29.900000000000002        5.3688725445261852E-015   0.0000000000000000     
   30.000000000000000       -1.3611172139241036E-015   0.0000000000000000     
   30.100000000000001        7.9774256289712782E-016   0.0000000000000000     
   30.200000000000003        1.4256903977648584E-016   0.0000000000000000     
   30.300000000000001        1.3746317935665471E-015   0.0000000000000000     
   30.400000000000002       -5.9108277699247551E-016   0.0000000000000000     
   30.500000000000000       -1.6294655050968254E-015   0.0000000000000000     
   30.600000000000001        8.0995473954872533E-016   0.0000000000000000     
   30.700000000000003       -1.6524776586458309E-015   0.0000000000000000     
   30.800000000000001        9.0414534083002895E-016   0.0000000000000000     
   30.900000000000002       -2.2212279432806102E-015   0.0000000000000000     
   31.000000000000000        3.1107476753907259E-015   0.0000000000000000     
   31.100000000000001        1.2788357840071531E-015   0.0000000000000000     
   31.200000000000003        1.2270034310390679E-015   0.0000000000000000     
   31.300000000000001       -5.3209354884141490E-015   0.0000000000000000     
   31.400000000000002        2.4202536601380534E-015   0.0000000000000000     
   31.500000000000000       -2.3068923336494964E-015   0.0000000000000000     
   31.600000000000001        3.6084595157185461E-015   0.0000000000000000     
   31.700000000000003       -3.1260498698104695E-016   0.0000000000000000     
   31.800000000000001       -7.6881986127502046E-016   0.0000000000000000     
   31.900000000000002        1.2617717578099981E-016   0.0000000000000000     
   32.000000000000000       -3.0617250433511658E-015   0.0000000000000000     
   32.100000000000001        2.6506390873306049E-015   0.0000000000000000     
   32.200000000000003        4.7807983001427562E-016   0.0000000000000000     
   32.300000000000004       -4.7572197487593230E-016   0.0000000000000000     
   32.399999999999999       -8.7785768753772920E-016   0.0000000000000000     
   32.500000000000000        2.6088253345225071E-015   0.0000000000000000     
   32.600000000000001       -1.4495533281126959E-015   0.0000000000000000     
   32.700000000000003        1.8542388352927393E-015   0.0000000000000000     
   32.800000000000004       -5.6723281651402823E-015   0.0000000000000000     
   32.899999999999999        3.0894865840677528E-015   0.0000000000000000     
   33.000000000000000        1.7834644959828217E-015   0.0000000000000000     
   33.100000000000001       -2.2370259102997351E-015   0.0000000000000000     
   33.200000000000003        2.6037870897394227E-016   0.0000000000000000     
   33.300000000000004       -2.4860964825187031E-016   0.0000000000000000     
   33.399999999999999        3.7628230451877585E-015   0.0000000000000000     
   33.500000000000000       -4.1088561733856050E-015   0.0000000000000000     
   33.600000000000001        2.2014681103940339E-015   0.0000000000000000     
   33.700000000000003       -1.9942244754510851E-015   0.0000000000000000     
   33.800000000000004        2.6763318538618152E-015   0.0000000000000000     
   33.899999999999999       -2.3815695796261520E-015   0.0000000000000000     
   34.000000000000000       -5.4089741941962522E-016   0.0000000000000000     
   34.100000000000001        4.8656155357987286E-016   0.0000000000000000     
   34.200000000000003       -4.3167294287689435E-016   0.0000000000000000     
   34.300000000000004        2.5852795318476276E-015   0.0000000000000000     
   34.399999999999999       -9.9673558075080821E-017   0.0000000000000000     
   34.500000000000000        4.6483201209371004E-016   0.0000000000000000     
   34.600000000000001       -3.1954289654522813E-015   0.0000000000000000     
   34.700000000000003       -5.5341311543626896E-016   0.0000000000000000     
   34.800000000000004        2.4154785180244334E-015   0.0000000000000000     
   34.899999999999999        5.2700507754811880E-016   0.0000000000000000     
   35.000000000000000        2.3708318620048110E-017   0.0000000000000000     
   35.100000000000001       -1.4306629830310145E-015   0.0000000000000000     
   35.200000000000003       -6.3800560627300682E-016   0.0000000000000000     
   35.300000000000004       -9.3036777126874134E-016   0.0000000000000000     
   35.399999999999999        3.4888693164533910E-015   0.0000000000000000     
   35.500000000000000       -2.1362303002273710E-015   0.0000000000000000     
   35.600000000000001        3.5856185544439978E-015   0.0000000000000000     
   35.700000000000003       -2.4501946279197892E-015   0.0000000000000000     
   35.800000000000004       -1.3867559933304859E-015   0.0000000000000000     
   35.899999999999999        7.5393992567321172E-016   0.0000000000000000     
   36.000000000000000       -1.6656991180725493E-015   0.0000000000000000     
   36.100000000000001        1.5651044963709147E-015   0.0000000000000000     
   36.200000000000003       -1.3577276930483330E-015   0.0000000000000000     
   36.300000000000004        3.5711456027828461E-015   0.0000000000000000     
   36.399999999999999        1.9748210145668180E-016   0.0000000000000000     
   36.500000000000000       -6.0866473363294897E-016   0.0000000000000000     
   36.600000000000001       -2.5800181058763854E-015   0.0000000000000000     
   36.700000000000003       -2.0588059971923864E-015   0.0000000000000000     
   36.800000000000004        3.0352083431723680E-015   0.0000000000000000     
   36.899999999999999       -1.6829320947215547E-015   0.0000000000000000     
   37.000000000000000        4.4186069178222382E-015   0.0000000000000000     
   37.100000000000001       -2.0193290773479812E-015   0.0000000000000000     
   37.200000000000003        9.2841652076198012E-016   0.0000000000000000     
   37.300000000000004       -9.8935155129173282E-016   0.0000000000000000     
   37.399999999999999       -1.7644550808832351E-015   0.0000000000000000     
   37.500000000000000       -1.2001167487905105E-016   0.0000000000000000     
   37.600000000000001       -1.6884912456850314E-015   0.0000000000000000     
   37.700000000000003        2.4831712824709047E-015   0.0000000000000000     
   37.800000000000004        1.7819768299008343E-015   0.0000000000000000     
   37.899999999999999        1.8878495039401170E-015   0.0000000000000000     
   38.000000000000000       -1.8870361493130283E-015   0.0000000000000000     
   38.100000000000001       -7.8704932039444501E-016   0.0000000000000000     
   38.200000000000003       -1.2816853764216417E-015   0.0000000000000000     
   38.300000000000004       -1.2613751562751160E-015   0.0000000000000000     
   38.400000000000006       -1.0115511493029117E-015   0.0000000000000000     
   38.500000000000000        3.2606115218796012E-015   0.0000000000000000     
   38.600000000000001        4.7502589849982400E-016   0.0000000000000000     
   38.700000000000003        2.4142623427395549E-015   0.0000000000000000     
   38.800000000000004       -1.3132170622209081E-015   0.0000000000000000     
   38.900000000000006       -3.4317056891109533E-015   0.0000000000000000     
   39.000000000000000        8.6636477363605384E-016   0.0000000000000000     
   39.100000000000001        1.3107916679050962E-016   0.0000000000000000     
   39.200000000000003       -8.2447082002585838E-016   0.0000000000000000     
   39.300000000000004        2.3332535434276542E-015   0.0000000000000000     
   39.400000000000006       -1.5297383109402325E-015   0.0000000000000000     
   39.500000000000000        3.1727192645983362E-015   0.0000000000000000     
   39.600000000000001       -3.6575334491893416E-015   0.0000000000000000     
   39.700000000000003        1.7353235538972104E-015   0.0000000000000000     
   39.800000000000004       -2.3885981613077769E-017   0.0000000000000000     
   39.900000000000006       -2.0030157848148645E-016   0.0000000000000000     
   40.000000000000000        1.1118767994957146E-015   0.0000000000000000     
   40.100000000000001       -3.2624802409993721E-015   0.0000000000000000     
   40.200000000000003       -1.4985737173960752E-015   0.0000000000000000     
   40.300000000000004        4.9504466380024364E-016   0.0000000000000000     
   40.400000000000006        3.2293914180477581E-015   0.0000000000000000     
   40.500000000000000        2.3190307108939478E-015   0.0000000000000000     
   40.600000000000001        6.6952728502755619E-017   0.0000000000000000     
   40.700000000000003        1.4275397349457362E-015   0.0000000000000000     
   40.800000000000004       -3.7599242221749524E-015   0.0000000000000000     
   40.900000000000006       -8.1813235155328144E-016   0.0000000000000000     
   41.000000000000000       -5.0398125189092315E-015   0.0000000000000000     
   41.100000000000001        1.5603719722966701E-015   0.0000000000000000     
   41.200000000000003        9.2631721068266893E-016   0.0000000000000000     
   41.300000000000004        5.0523689813900335E-015   0.0000000000000000     
   41.400000000000006        1.8357622240686153E-015   0.0000000000000000     
   41.500000000000000       -2.4657325387053395E-015   0.0000000000000000     
   41.600000000000001       -1.2076245955696343E-016   0.0000000000000000     
   41.700000000000003       -9.0636620063717170E-016   0.0000000000000000     
   41.800000000000004       -1.5182437300160781E-015   0.0000000000000000     
   41.900000000000006       -1.0354244028349296E-015   0.0000000000000000     
   42.000000000000000        3.0582118898232056E-016   0.0000000000000000     
   42.100000000000001        3.6843887551069089E-015   0.0000000000000000     
   42.200000000000003       -2.5504766875987364E-015   0.0000000000000000     
   42.300000000000004       -1.7064146331059714E-016   0.0000000000000000     
   42.400000000000006        1.8141925004750488E-015   0.0000000000000000     
   42.500000000000000       -1.0021468658223681E-015   0.0000000000000000     
   42.600000000000001        2.0542199676448164E-015   0.0000000000000000     
   42.700000000000003       -2.4742493772334226E-015   0.0000000000000000     
   42.800000000000004       -1.3157124596984975E-015   0.0000000000000000     
   42.900000000000006        4.0618209315812914E-016   0.0000000000000000     
   43.000000000000000        1.2825112199758352E-015   0.0000000000000000     
   43.100000000000001       -7.0888626733480311E-016   0.0000000000000000     
   43.200000000000003        6.3885282062831292E-016   0.0000000000000000     
   43.300000000000004        1.2976683652698487E-015   0.0000000000000000     
   43.400000000000006        8.4476628910956171E-016   0.0000000000000000     
   43.500000000000000        3.8724525179286055E-016   0.0000000000000000     
   43.600000000000001       -2.1565075639884875E-015   0.0000000000000000     
   43.700000000000003       -1.6966923349261691E-015   0.0000000000000000     
   43.800000000000004       -7.4538227252583222E-016   0.0000000000000000     
   43.900000000000006       -5.8085344528208663E-016   0.0000000000000000     
   44.000000000000000        3.1229865388026911E-015   0.0000000000000000     
   44.100000000000001       -1.4687610937673051E-015   0.0000000000000000     
   44.200000000000003        2.2543927212036754E-015   0.0000000000000000     
   44.300000000000004        1.2139362095636625E-015   0.0000000000000000     
   44.400000000000006       -1.7115159220400602E-015   0.0000000000000000     
   44.500000000000000       -3.1281858057914646E-016   0.0000000000000000     
   44.600000000000001       -2.9647791457312139E-015   0.0000000000000000     
   44.700000000000003        2.6890304719711068E-015   0.0000000000000000     
   44.800000000000004        1.3272600535828406E-015   0.0000000000000000     
   44.900000000000006       -8.4380735629047565E-016   0.0000000000000000     
   45.000000000000000        3.0924184337639038E-016   0.0000000000000000     
   45.100000000000001       -1.9767206854148428E-015   0.0000000000000000     
   45.200000000000003        5.8201844363632837E-017   0.0000000000000000     
   45.300000000000004       -1.5765146445891980E-016   0.0000000000000000     
   45.400000000000006        2.0589473090843981E-015   0.0000000000000000     
   45.500000000000000       -1.2600768662222076E-015   0.0000000000000000     
   45.600000000000001        2.0034762072994186E-015   0.0000000000000000     
   45.700000000000003       -1.0203187920321051E-015   0.0000000000000000     
   45.800000000000004       -1.8718234523289137E-015   0.0000000000000000     
   45.900000000000006       -2.9912797698456589E-017   0.0000000000000000     
   46.000000000000000        3.5840326837116066E-016   0.0000000000000000     
   46.100000000000001        1.5680482549070156E-015   0.0000000000000000     
   46.200000000000003        9.9137672926429446E-016   0.0000000000000000     
   46.300000000000004       -8.2214371654682904E-016   0.0000000000000000     
   46.400000000000006       -2.4403741240914451E-016   0.0000000000000000     
   46.500000000000000       -1.3235039517384039E-015   0.0000000000000000     
   46.600000000000001        9.2942766997339273E-016   0.0000000000000000     
   46.700000000000003        6.3286078522311513E-017   0.0000000000000000     
   46.800000000000004       -1.6967730002360161E-015   0.0000000000000000     
   46.900000000000006        2.2336770014495534E-015   0.0000000000000000     
   47.000000000000000       -1.0057031170000448E-015   0.0000000000000000     
   47.100000000000001        4.7350251085454664E-016   0.0000000000000000     
   47.200000000000003       -8.8758122793275597E-016   0.0000000000000000     
   47.300000000000004        7.2231665477318374E-016   0.0000000000000000     
   47.400000000000006       -1.7798831982896692E-017   0.0000000000000000     
   47.500000000000000        1.8571513942174744E-015   0.0000000000000000     
   47.600000000000001       -2.1478427902957405E-015   0.0000000000000000     
   47.700000000000003       -1.7635488182860285E-015   0.0000000000000000     
   47.800000000000004       -1.8283147593899483E-016   0.0000000000000000     
   47.900000000000006        2.5279505141182064E-015   0.0000000000000000     
   48.000000000000000        1.6774090365390433E-015   0.0000000000000000     
   48.100000000000001       -1.8823184949850275E-015   0.0000000000000000     
   48.200000000000003       -9.9733565783124895E-016   0.0000000000000000     
   48.300000000000004        2.1326493087333219E-015   0.0000000000000000     
   48.400000000000006        5.0218794934694944E-016   0.0000000000000000     
   48.500000000000000       -2.5391920577183032E-015   0.0000000000000000     
   48.600000000000001        2.8405980563406419E-015   0.0000000000000000     
   48.700000000000003        7.8042103896710278E-016   0.0000000000000000     
   48.800000000000004       -2.3477920478428258E-015   0.0000000000000000     
   48.900000000000006       -3.6311266735289962E-015   0.0000000000000000     
   49.000000000000000       -2.4233141315066068E-015   0.0000000000000000     
   49.100000000000001        2.3619404363256545E-015   0.0000000000000000     
   49.200000000000003        2.7612725390857977E-015   0.0000000000000000     
   49.300000000000004        1.2040184419809464E-015   0.0000000000000000     
   49.400000000000006        1.5984276462384637E-015   0.0000000000000000     
   49.500000000000000       -2.4634636522506311E-016   0.0000000000000000     
   49.600000000000001       -2.9492820926520493E-016   0.0000000000000000     
   49.700000000000003       -5.5388366985508385E-016   0.0000000000000000     
   49.800000000000004       -1.8241875193296688E-015   0.0000000000000000     
   49.900000000000006        5.0654071924799070E-054   0.0000000000000000     
