   0.0000000000000000       0.14161769001539967        0.0000000000000000     
  0.10000000000000001       0.13390439707173604        0.0000000000000000     
  0.20000000000000001       0.12356519703852438        0.0000000000000000     
  0.30000000000000004       0.12264155634516126        0.0000000000000000     
  0.40000000000000002       0.10574075318495195        0.0000000000000000     
  0.50000000000000000       0.10679829218587487        0.0000000000000000     
  0.60000000000000009        8.5739209970520008E-002   0.0000000000000000     
  0.70000000000000007        8.9533453294123391E-002   0.0000000000000000     
  0.80000000000000004        6.8410991423865572E-002   0.0000000000000000     
  0.90000000000000002        7.4960245675389517E-002   0.0000000000000000     
   1.0000000000000000        5.3609779017134949E-002   0.0000000000000000     
   1.1000000000000001        6.2785558243074899E-002   0.0000000000000000     
   1.2000000000000002        4.1073888820433682E-002   0.0000000000000000     
   1.3000000000000000        5.2713198465906240E-002   0.0000000000000000     
   1.4000000000000001        3.0549965765371508E-002   0.0000000000000000     
   1.5000000000000000        4.4453481253570723E-002   0.0000000000000000     
   1.6000000000000001        2.1799362764978746E-002   0.0000000000000000     
   1.7000000000000002        3.7729588600473027E-002   0.0000000000000000     
   1.8000000000000000        1.4602520990235221E-002   0.0000000000000000     
   1.9000000000000001        3.2282358899271342E-002   0.0000000000000000     
   2.0000000000000000        8.7614854929158516E-003   0.0000000000000000     
   2.1000000000000001        2.7873697687119604E-002   0.0000000000000000     
   2.2000000000000002        4.1007949650047866E-003   0.0000000000000000     
   2.3000000000000003        2.4288823366131029E-002   0.0000000000000000     
   2.4000000000000004        4.6702135944679646E-004   0.0000000000000000     
   2.5000000000000000        2.1337558514785415E-002   0.0000000000000000     
   2.6000000000000001       -2.2727467153945556E-003   0.0000000000000000     
   2.7000000000000002        1.8854858393671008E-002   0.0000000000000000     
   2.8000000000000003       -4.2331805773988063E-003   0.0000000000000000     
   2.9000000000000004        1.6700738685130515E-002   0.0000000000000000     
   3.0000000000000000       -5.5134625076645244E-003   0.0000000000000000     
   3.1000000000000001        1.4759729822024302E-002   0.0000000000000000     
   3.2000000000000002       -6.2002469833300185E-003   0.0000000000000000     
   3.3000000000000003        1.2939950362247344E-002   0.0000000000000000     
   3.4000000000000004       -6.3705974278962770E-003   0.0000000000000000     
   3.5000000000000000        1.1171860817922596E-002   0.0000000000000000     
   3.6000000000000001       -6.0946997878683074E-003   0.0000000000000000     
   3.7000000000000002        9.4067351534795514E-003   0.0000000000000000     
   3.8000000000000003       -5.4381949358762796E-003   0.0000000000000000     
   3.9000000000000004        7.6148716438567687E-003   0.0000000000000000     
   4.0000000000000000       -4.4640156832073345E-003   0.0000000000000000     
   4.1000000000000005        5.7835585445807115E-003   0.0000000000000000     
   4.2000000000000002       -3.2336594237765796E-003   0.0000000000000000     
   4.2999999999999998        3.9148125459853526E-003   0.0000000000000000     
   4.4000000000000004       -1.8078723891614297E-003   0.0000000000000000     
   4.5000000000000000        2.0229177598635479E-003   0.0000000000000000     
   4.6000000000000005       -2.4676430608961661E-004   0.0000000000000000     
   4.7000000000000002        1.3180776190253971E-004   0.0000000000000000     
   4.8000000000000007        1.3905890322394121E-003   0.0000000000000000     
   4.9000000000000004       -1.7276497405350800E-003   0.0000000000000000     
   5.0000000000000000        3.0469650666101679E-003   0.0000000000000000     
   5.1000000000000005       -3.5203896148830118E-003   0.0000000000000000     
   5.2000000000000002        4.6681204928300715E-003   0.0000000000000000     
   5.3000000000000007       -5.2098182963927113E-003   0.0000000000000000     
   5.4000000000000004        6.2040930765962935E-003   0.0000000000000000     
   5.5000000000000000       -6.7603185143767152E-003   0.0000000000000000     
   5.6000000000000005        7.6105425883511990E-003   0.0000000000000000     
   5.7000000000000002       -8.1394929435521981E-003   0.0000000000000000     
   5.8000000000000007        8.8499986616198383E-003   0.0000000000000000     
   5.9000000000000004       -9.3200576654606966E-003   0.0000000000000000     
   6.0000000000000000        9.8928975235761264E-003   0.0000000000000000     
   6.1000000000000005       -1.0281311784283157E-002   0.0000000000000000     
   6.2000000000000002        1.0718312045027770E-002   0.0000000000000000     
   6.3000000000000007       -1.1010131698516072E-002   0.0000000000000000     
   6.4000000000000004        1.1314308415518851E-002   0.0000000000000000     
   6.5000000000000000       -1.1501465561532021E-002   0.0000000000000000     
   6.6000000000000005        1.1677895457242168E-002   0.0000000000000000     
   6.7000000000000002       -1.1758333004374717E-002   0.0000000000000000     
   6.8000000000000007        1.1814566346304779E-002   0.0000000000000000     
   6.9000000000000004       -1.1791364604865174E-002   0.0000000000000000     
   7.0000000000000000        1.1737464481077426E-002   0.0000000000000000     
   7.1000000000000005       -1.1617942253188058E-002   0.0000000000000000     
   7.2000000000000002        1.1466232839730833E-002   0.0000000000000000     
   7.3000000000000007       -1.1261023177005098E-002   0.0000000000000000     
   7.4000000000000004        1.1025627308019955E-002   0.0000000000000000     
   7.5000000000000000       -1.0747745188994283E-002   0.0000000000000000     
   7.6000000000000005        1.0443987723119613E-002   0.0000000000000000     
   7.7000000000000002       -1.0107917665613692E-002   0.0000000000000000     
   7.8000000000000007        9.7516651543496716E-003   0.0000000000000000     
   7.9000000000000004       -9.3725016163936862E-003   0.0000000000000000     
   8.0000000000000000        8.9795004319166965E-003   0.0000000000000000     
   8.0999999999999996       -8.5721735051819039E-003   0.0000000000000000     
   8.2000000000000011        8.1574380978886221E-003   0.0000000000000000     
   8.3000000000000007       -7.7360524707492046E-003   0.0000000000000000     
   8.4000000000000004        7.3133433553891486E-003   0.0000000000000000     
   8.5000000000000000       -6.8906510105450017E-003   0.0000000000000000     
   8.5999999999999996        6.4720692034190858E-003   0.0000000000000000     
   8.7000000000000011       -6.0590870794188234E-003   0.0000000000000000     
   8.8000000000000007        5.6547989100562716E-003   0.0000000000000000     
   8.9000000000000004       -5.2605730167542084E-003   0.0000000000000000     
   9.0000000000000000        4.8786673796048655E-003   0.0000000000000000     
   9.0999999999999996       -4.5101756903442201E-003   0.0000000000000000     
   9.2000000000000011        4.1566456283024947E-003   0.0000000000000000     
   9.3000000000000007       -3.8188243281979694E-003   0.0000000000000000     
   9.4000000000000004        3.4976568936627263E-003   0.0000000000000000     
   9.5000000000000000       -3.1935288226916550E-003   0.0000000000000000     
   9.6000000000000014        2.9068817447641497E-003   0.0000000000000000     
   9.7000000000000011       -2.6377624253226561E-003   0.0000000000000000     
   9.8000000000000007        2.3862032727046535E-003   0.0000000000000000     
   9.9000000000000004       -2.1519587675112874E-003   0.0000000000000000     
   10.000000000000000        1.9347418542191323E-003   0.0000000000000000     
   10.100000000000001       -1.7340736435600386E-003   0.0000000000000000     
   10.200000000000001        1.5494315124872456E-003   0.0000000000000000     
   10.300000000000001       -1.3801662176307480E-003   0.0000000000000000     
   10.400000000000000        1.2255956659084121E-003   0.0000000000000000     
   10.500000000000000       -1.0849612837110193E-003   0.0000000000000000     
   10.600000000000001        9.5748801660466528E-004   0.0000000000000000     
   10.700000000000001       -8.4236284004579360E-004   0.0000000000000000     
   10.800000000000001        7.3877341700248416E-004   0.0000000000000000     
   10.900000000000000       -6.4589849670215911E-004   0.0000000000000000     
   11.000000000000000        5.6293278205808196E-004   0.0000000000000000     
   11.100000000000001       -4.8908320845399025E-004   0.0000000000000000     
   11.200000000000001        4.2358467559716146E-004   0.0000000000000000     
   11.300000000000001       -3.6569880921665405E-004   0.0000000000000000     
   11.400000000000000        3.1472350134299700E-004   0.0000000000000000     
   11.500000000000000       -2.6999234612985344E-004   0.0000000000000000     
   11.600000000000001        2.3087992092393986E-004   0.0000000000000000     
   11.700000000000001       -1.9680103510873293E-004   0.0000000000000000     
   11.800000000000001        1.6721307630563099E-004   0.0000000000000000     
   11.900000000000000       -1.4161475776153671E-004   0.0000000000000000     
   12.000000000000000        1.1954647498606260E-004   0.0000000000000000     
   12.100000000000001       -1.0058853323964440E-004   0.0000000000000000     
   12.200000000000001        8.4360209272894856E-005   0.0000000000000000     
   12.300000000000001       -7.0517582409573100E-005   0.0000000000000000     
   12.400000000000000        5.8751817782411024E-005   0.0000000000000000     
   12.500000000000000       -4.8786774076968062E-005   0.0000000000000000     
   12.600000000000001        4.0376889282088263E-005   0.0000000000000000     
   12.700000000000001       -3.3304735416708432E-005   0.0000000000000000     
   12.800000000000001        2.7378780475721789E-005   0.0000000000000000     
   12.900000000000000       -2.2431031305423395E-005   0.0000000000000000     
   13.000000000000000        1.8314858833194667E-005   0.0000000000000000     
   13.100000000000001       -1.4902831010450625E-005   0.0000000000000000     
   13.200000000000001        1.2084719472030023E-005   0.0000000000000000     
   13.300000000000001       -9.7655848826942097E-006   0.0000000000000000     
   13.400000000000000        7.8640294856657363E-006   0.0000000000000000     
   13.500000000000000       -6.3105629100232939E-006   0.0000000000000000     
   13.600000000000001        5.0461253378259805E-006   0.0000000000000000     
   13.700000000000001       -4.0207349207617773E-006   0.0000000000000000     
   13.800000000000001        3.1922784862342698E-006   0.0000000000000000     
   13.900000000000000       -2.5254229793003753E-006   0.0000000000000000     
   14.000000000000000        1.9906528387207023E-006   0.0000000000000000     
   14.100000000000001       -1.5634164147552145E-006   0.0000000000000000     
   14.200000000000001        1.2233793123071807E-006   0.0000000000000000     
   14.300000000000001       -9.5377118420833575E-007   0.0000000000000000     
   14.400000000000000        7.4082052950890809E-007   0.0000000000000000     
   14.500000000000000       -5.7326630872789877E-007   0.0000000000000000     
   14.600000000000001        4.4193981627653277E-007   0.0000000000000000     
   14.700000000000001       -3.3940760050519594E-007   0.0000000000000000     
   14.800000000000001        2.5966891656390306E-007   0.0000000000000000     
   14.900000000000000       -1.9790023305557303E-007   0.0000000000000000     
   15.000000000000000        1.5024097920761551E-007   0.0000000000000000     
   15.100000000000001       -1.1361450417794340E-007   0.0000000000000000     
   15.200000000000001        8.5579494302017797E-008   0.0000000000000000     
   15.300000000000001       -6.4207138359408267E-008   0.0000000000000000     
   15.400000000000000        4.7980136202902210E-008   0.0000000000000000     
   15.500000000000000       -3.5710073066950100E-008   0.0000000000000000     
   15.600000000000001        2.6470218803316357E-008   0.0000000000000000     
   15.700000000000001       -1.9541054707869782E-008   0.0000000000000000     
   15.800000000000001        1.4366400044749154E-008   0.0000000000000000     
   15.900000000000000       -1.0518241867865479E-008   0.0000000000000000     
   16.000000000000000        7.6686515480327921E-009   0.0000000000000000     
   16.100000000000001       -5.5675006433800424E-009   0.0000000000000000     
   16.199999999999999        4.0248749584997973E-009   0.0000000000000000     
   16.300000000000001       -2.8972134306570738E-009   0.0000000000000000     
   16.400000000000002        2.0764802472841145E-009   0.0000000000000000     
   16.500000000000000       -1.4817625121132544E-009   0.0000000000000000     
   16.600000000000001        1.0527333841521089E-009   0.0000000000000000     
   16.699999999999999       -7.4461207768839812E-010   0.0000000000000000     
   16.800000000000001        5.2432122300579357E-010   0.0000000000000000     
   16.900000000000002       -3.6753894840579862E-010   0.0000000000000000     
   17.000000000000000        2.5646371669199936E-010   0.0000000000000000     
   17.100000000000001       -1.7813766013827592E-010   0.0000000000000000     
   17.199999999999999        1.2316374980349339E-010   0.0000000000000000     
   17.300000000000001       -8.4754736898425419E-011   0.0000000000000000     
   17.400000000000002        5.8048148637975914E-011   0.0000000000000000     
   17.500000000000000       -3.9571974086160594E-011   0.0000000000000000     
   17.600000000000001        2.6846595667011839E-011   0.0000000000000000     
   17.699999999999999       -1.8122745065737842E-011   0.0000000000000000     
   17.800000000000001        1.2175809307964910E-011   0.0000000000000000     
   17.900000000000002       -8.1411997064627911E-012   0.0000000000000000     
   18.000000000000000        5.4154875897154044E-012   0.0000000000000000     
   18.100000000000001       -3.5839647928444413E-012   0.0000000000000000     
   18.199999999999999        2.3590289150235246E-012   0.0000000000000000     
   18.300000000000001       -1.5448221649280188E-012   0.0000000000000000     
   18.400000000000002        1.0085601219433689E-012   0.0000000000000000     
   18.500000000000000       -6.5544869919666127E-013   0.0000000000000000     
   18.600000000000001        4.2212883337283653E-013   0.0000000000000000     
   18.699999999999999       -2.7141855207639352E-013   0.0000000000000000     
   18.800000000000001        1.7612942605049242E-013   0.0000000000000000     
   18.900000000000002       -1.1266230567816037E-013   0.0000000000000000     
   19.000000000000000        6.9803734536732983E-014   0.0000000000000000     
   19.100000000000001       -4.4916104714601200E-014   0.0000000000000000     
   19.200000000000003        3.0118828697994206E-014   0.0000000000000000     
   19.300000000000001       -1.8264716550066776E-014   0.0000000000000000     
   19.400000000000002        9.8376485309679650E-015   0.0000000000000000     
   19.500000000000000       -4.5130370215999821E-015   0.0000000000000000     
   19.600000000000001        1.9383013181435051E-015   0.0000000000000000     
   19.700000000000003       -2.0332678973284945E-015   0.0000000000000000     
   19.800000000000001        5.5248918864859359E-016   0.0000000000000000     
   19.900000000000002        1.5068069050258181E-015   0.0000000000000000     
   20.000000000000000       -4.3899893812637136E-016   0.0000000000000000     
   20.100000000000001        1.2309873780581995E-016   0.0000000000000000     
   20.200000000000003       -1.7316520132052206E-015   0.0000000000000000     
   20.300000000000001        2.6778067244544161E-015   0.0000000000000000     
   20.400000000000002       -3.4227913270886882E-015   0.0000000000000000     
   20.500000000000000        2.7386801327780779E-015   0.0000000000000000     
   20.600000000000001       -2.4978766987379623E-015   0.0000000000000000     
   20.700000000000003        4.7066547384482854E-015   0.0000000000000000     
   20.800000000000001       -3.3759753296912380E-015   0.0000000000000000     
   20.900000000000002        2.2127371346921168E-016   0.0000000000000000     
   21.000000000000000       -2.0863790462936806E-015   0.0000000000000000     
   21.100000000000001        4.2471295768323449E-015   0.0000000000000000     
   21.200000000000003       -3.6069144083571333E-015   0.0000000000000000     
   21.300000000000001        3.4670143599725527E-015   0.0000000000000000     
   21.400000000000002       -3.6911715414812931E-015   0.0000000000000000     
   21.500000000000000        4.6440064850613325E-015   0.0000000000000000     
   21.600000000000001       -5.7280769647070411E-015   0.0000000000000000     
   21.700000000000003        4.7856863704447287E-015   0.0000000000000000     
   21.800000000000001       -3.3849527598308550E-015   0.0000000000000000     
   21.900000000000002        2.9534939938345241E-015   0.0000000000000000     
   22.000000000000000       -3.7182585688273851E-015   0.0000000000000000     
   22.100000000000001        3.6455973475179474E-015   0.0000000000000000     
   22.200000000000003       -1.0362787227694457E-015   0.0000000000000000     
   22.300000000000001        1.1996821469885754E-015   0.0000000000000000     
   22.400000000000002       -3.6513964516550073E-015   0.0000000000000000     
   22.500000000000000        2.2244428743081526E-015   0.0000000000000000     
   22.600000000000001       -8.2542434454086177E-016   0.0000000000000000     
   22.700000000000003        9.6407146324369806E-016   0.0000000000000000     
   22.800000000000001        6.3190389339208302E-016   0.0000000000000000     
   22.900000000000002       -3.0458474065484300E-016   0.0000000000000000     
   23.000000000000000       -6.6628017002254359E-016   0.0000000000000000     
   23.100000000000001       -1.1730975490201018E-015   0.0000000000000000     
   23.200000000000003        2.1116474321076509E-015   0.0000000000000000     
   23.300000000000001       -2.3908450625229427E-015   0.0000000000000000     
   23.400000000000002        3.8713892415626050E-015   0.0000000000000000     
   23.500000000000000       -5.0862860574173656E-015   0.0000000000000000     
   23.600000000000001        4.6337848018635183E-015   0.0000000000000000     
   23.700000000000003       -1.5758564320192492E-015   0.0000000000000000     
   23.800000000000001        1.1633878239350302E-016   0.0000000000000000     
   23.900000000000002       -9.8730307408532932E-016   0.0000000000000000     
   24.000000000000000       -6.9149049045880518E-016   0.0000000000000000     
   24.100000000000001        1.1672657603851857E-015   0.0000000000000000     
   24.200000000000003       -1.9590595067877909E-016   0.0000000000000000     
   24.300000000000001        2.1782108433358796E-015   0.0000000000000000     
   24.400000000000002       -1.4317919112859748E-015   0.0000000000000000     
   24.500000000000000       -8.8718742431370077E-016   0.0000000000000000     
   24.600000000000001       -1.2955347608965841E-015   0.0000000000000000     
   24.700000000000003        3.6596255902105611E-015   0.0000000000000000     
   24.800000000000001       -4.1521894130669337E-015   0.0000000000000000     
   24.900000000000002        3.2188050661717425E-015   0.0000000000000000     
   25.000000000000000       -2.2459405163594557E-015   0.0000000000000000     
   25.100000000000001        2.6458583120034281E-015   0.0000000000000000     
   25.200000000000003        1.8484819303625384E-015   0.0000000000000000     
   25.300000000000001       -6.3877404087603862E-015   0.0000000000000000     
   25.400000000000002        3.5917937489184165E-015   0.0000000000000000     
   25.500000000000000       -2.6942355424420643E-015   0.0000000000000000     
   25.600000000000001        1.7505435835042724E-015   0.0000000000000000     
   25.700000000000003        1.4041506528879796E-015   0.0000000000000000     
   25.800000000000001        2.8110424031740284E-015   0.0000000000000000     
   25.900000000000002       -3.9077704353383928E-015   0.0000000000000000     
   26.000000000000000       -1.6176493820751176E-015   0.0000000000000000     
   26.100000000000001        8.4630884874795828E-016   0.0000000000000000     
   26.200000000000003       -1.0280461950957990E-015   0.0000000000000000     
   26.300000000000001        3.4480222546170549E-015   0.0000000000000000     
   26.400000000000002       -1.2062326366816907E-015   0.0000000000000000     
   26.500000000000000        1.7811792527929621E-015   0.0000000000000000     
   26.600000000000001       -7.8354129175238703E-016   0.0000000000000000     
   26.700000000000003       -3.7600851765045337E-015   0.0000000000000000     
   26.800000000000001        1.8750240522511245E-015   0.0000000000000000     
   26.900000000000002       -6.4869325862175025E-016   0.0000000000000000     
   27.000000000000000        2.0732664517320669E-015   0.0000000000000000     
   27.100000000000001       -3.3907764037716708E-016   0.0000000000000000     
   27.200000000000003        1.2086425496556011E-015   0.0000000000000000     
   27.300000000000001       -1.7715849183837768E-015   0.0000000000000000     
   27.400000000000002        4.2964053928719221E-016   0.0000000000000000     
   27.500000000000000       -2.2960092463494891E-015   0.0000000000000000     
   27.600000000000001        9.5352379002791943E-016   0.0000000000000000     
   27.700000000000003        1.5340148028743861E-015   0.0000000000000000     
   27.800000000000001        6.1304841454983165E-016   0.0000000000000000     
   27.900000000000002       -5.8304736859446765E-016   0.0000000000000000     
   28.000000000000000       -7.4067852377860193E-016   0.0000000000000000     
   28.100000000000001        1.1689732885916140E-015   0.0000000000000000     
   28.200000000000003       -3.0211740986478914E-015   0.0000000000000000     
   28.300000000000001        1.5630397136176847E-015   0.0000000000000000     
   28.400000000000002        1.1447678480279811E-015   0.0000000000000000     
   28.500000000000000       -2.0745426576564073E-016   0.0000000000000000     
   28.600000000000001       -2.1674076503040606E-016   0.0000000000000000     
   28.700000000000003       -5.6131863610826119E-016   0.0000000000000000     
   28.800000000000001        1.7637489298043397E-015   0.0000000000000000     
   28.900000000000002       -4.1080539167900037E-015   0.0000000000000000     
   29.000000000000000        3.3485283685345196E-015   0.0000000000000000     
   29.100000000000001       -3.8112569133414526E-017   0.0000000000000000     
   29.200000000000003        5.6563234440301941E-016   0.0000000000000000     
   29.300000000000001       -2.3822960981757737E-015   0.0000000000000000     
   29.400000000000002       -5.2633506217465561E-016   0.0000000000000000     
   29.500000000000000        2.9262592535327026E-015   0.0000000000000000     
   29.600000000000001       -9.7334947196493954E-016   0.0000000000000000     
   29.700000000000003        7.0606523523396562E-016   0.0000000000000000     
   29.800000000000001       -9.9785101383249892E-016   0.0000000000000000     
   29.900000000000002       -1.9119126603545145E-016   0.0000000000000000     
   30.000000000000000       -1.2831020332869214E-015   0.0000000000000000     
   30.100000000000001        3.7980109484060145E-017   0.0000000000000000     
   30.200000000000003        4.1257072693241563E-015   0.0000000000000000     
   30.300000000000001       -1.6975625075593149E-015   0.0000000000000000     
   30.400000000000002       -1.4805628409390360E-015   0.0000000000000000     
   30.500000000000000       -5.2447618175030889E-016   0.0000000000000000     
   30.600000000000001        1.1637436003289004E-015   0.0000000000000000     
   30.700000000000003        3.8442447083409648E-016   0.0000000000000000     
   30.800000000000001       -2.3346783684137887E-015   0.0000000000000000     
   30.900000000000002        4.1093372608317295E-015   0.0000000000000000     
   31.000000000000000       -2.9602330904860719E-015   0.0000000000000000     
   31.100000000000001        5.2201945504641870E-016   0.0000000000000000     
   31.200000000000003       -4.1720099250395690E-016   0.0000000000000000     
   31.300000000000001        1.8670054718419981E-015   0.0000000000000000     
   31.400000000000002       -1.1665570354809798E-015   0.0000000000000000     
   31.500000000000000       -8.5767076597958948E-016   0.0000000000000000     
   31.600000000000001        5.5981901084187243E-016   0.0000000000000000     
   31.700000000000003       -3.2793659662492782E-016   0.0000000000000000     
   31.800000000000001        1.1684656635518577E-016   0.0000000000000000     
   31.900000000000002        1.2763584224224871E-015   0.0000000000000000     
   32.000000000000000       -1.8406486495132471E-016   0.0000000000000000     
   32.100000000000001        5.3662547778920709E-016   0.0000000000000000     
   32.200000000000003       -2.2851095335288693E-015   0.0000000000000000     
   32.300000000000004       -1.2063820246990598E-017   0.0000000000000000     
   32.399999999999999       -1.0122615094595024E-015   0.0000000000000000     
   32.500000000000000        3.3924838919487305E-015   0.0000000000000000     
   32.600000000000001        7.4934285087661492E-016   0.0000000000000000     
   32.700000000000003       -2.6542908878866056E-015   0.0000000000000000     
   32.800000000000004        9.9168583948929806E-016   0.0000000000000000     
   32.899999999999999        2.6170818292329675E-016   0.0000000000000000     
   33.000000000000000       -3.0296970230994744E-015   0.0000000000000000     
   33.100000000000001        2.2816267518002442E-015   0.0000000000000000     
   33.200000000000003       -3.6274922870110672E-016   0.0000000000000000     
   33.300000000000004        1.5023998010027218E-015   0.0000000000000000     
   33.399999999999999       -5.9862152215063961E-016   0.0000000000000000     
   33.500000000000000        1.5633115676765976E-015   0.0000000000000000     
   33.600000000000001       -3.9280896334833908E-015   0.0000000000000000     
   33.700000000000003        1.4336216535103550E-015   0.0000000000000000     
   33.800000000000004       -1.3630407115099931E-016   0.0000000000000000     
   33.899999999999999       -1.0940889617370815E-016   0.0000000000000000     
   34.000000000000000        2.6036084138808817E-015   0.0000000000000000     
   34.100000000000001       -1.9050721242043332E-015   0.0000000000000000     
   34.200000000000003       -1.5409323535415414E-016   0.0000000000000000     
   34.300000000000004        4.5821776259684144E-016   0.0000000000000000     
   34.399999999999999       -1.3459759677064190E-015   0.0000000000000000     
   34.500000000000000        1.9618345483499524E-015   0.0000000000000000     
   34.600000000000001       -1.2145849388401917E-015   0.0000000000000000     
   34.700000000000003        2.2786951159573811E-017   0.0000000000000000     
   34.800000000000004        3.2634814751063996E-016   0.0000000000000000     
   34.899999999999999       -7.3237562298921345E-016   0.0000000000000000     
   35.000000000000000        1.0782941409565566E-015   0.0000000000000000     
   35.100000000000001        7.0820532577826224E-016   0.0000000000000000     
   35.200000000000003       -1.1212571018872692E-017   0.0000000000000000     
   35.300000000000004       -2.3254425267976792E-015   0.0000000000000000     
   35.399999999999999        4.9081608676352830E-016   0.0000000000000000     
   35.500000000000000       -8.0604545307563672E-016   0.0000000000000000     
   35.600000000000001        1.9658189888797239E-015   0.0000000000000000     
   35.700000000000003        1.5178091765393686E-015   0.0000000000000000     
   35.800000000000004       -1.0076949895258874E-015   0.0000000000000000     
   35.899999999999999       -1.5450824212899781E-015   0.0000000000000000     
   36.000000000000000        6.9425627812659394E-016   0.0000000000000000     
   36.100000000000001       -1.2769351392274015E-015   0.0000000000000000     
   36.200000000000003        4.1536738949070043E-018   0.0000000000000000     
   36.300000000000004        1.6876874204917557E-015   0.0000000000000000     
   36.399999999999999        1.8650044998702666E-016   0.0000000000000000     
   36.500000000000000        1.0203093150514203E-015   0.0000000000000000     
   36.600000000000001       -1.9104227681314164E-015   0.0000000000000000     
   36.700000000000003       -9.6018023895435709E-016   0.0000000000000000     
   36.800000000000004        1.4162405083773060E-015   0.0000000000000000     
   36.899999999999999       -5.8869784562440892E-016   0.0000000000000000     
   37.000000000000000        3.4033690842266018E-016   0.0000000000000000     
   37.100000000000001       -5.6183098640001888E-016   0.0000000000000000     
   37.200000000000003        7.1487406440253241E-016   0.0000000000000000     
   37.300000000000004        7.1754463876342412E-016   0.0000000000000000     
   37.399999999999999       -5.3395158679331684E-016   0.0000000000000000     
   37.500000000000000        2.0560876362174792E-017   0.0000000000000000     
   37.600000000000001       -1.1757423017524812E-016   0.0000000000000000     
   37.700000000000003       -1.8601968789360044E-015   0.0000000000000000     
   37.800000000000004        1.0118880844188224E-015   0.0000000000000000     
   37.899999999999999        7.4774726655770907E-016   0.0000000000000000     
   38.000000000000000        1.8537010460152182E-015   0.0000000000000000     
   38.100000000000001       -2.6254034606529786E-015   0.0000000000000000     
   38.200000000000003       -2.1446001898458469E-017   0.0000000000000000     
   38.300000000000004       -5.0272934668164307E-018   0.0000000000000000     
   38.400000000000006        2.4260154179404553E-015   0.0000000000000000     
   38.500000000000000       -8.2607026291435075E-016   0.0000000000000000     
   38.600000000000001       -2.4390057817593394E-015   0.0000000000000000     
   38.700000000000003        2.0135929919882899E-015   0.0000000000000000     
   38.800000000000004       -1.9132907632985405E-015   0.0000000000000000     
   38.900000000000006       -1.1183437231481611E-015   0.0000000000000000     
   39.000000000000000        4.6075261777203656E-015   0.0000000000000000     
   39.100000000000001        1.0777791007665173E-015   0.0000000000000000     
   39.200000000000003       -3.4022291885071973E-015   0.0000000000000000     
   39.300000000000004        1.7790867027390948E-016   0.0000000000000000     
   39.400000000000006       -1.0571424862715870E-015   0.0000000000000000     
   39.500000000000000        3.7313552078246670E-016   0.0000000000000000     
   39.600000000000001       -1.4628612212038414E-015   0.0000000000000000     
   39.700000000000003        2.5590527459793506E-015   0.0000000000000000     
   39.800000000000004        1.2508876903278521E-015   0.0000000000000000     
   39.900000000000006        8.2586252844346138E-016   0.0000000000000000     
   40.000000000000000       -3.0361884362377654E-015   0.0000000000000000     
   40.100000000000001        1.8701564438148414E-016   0.0000000000000000     
   40.200000000000003        7.5380552892681393E-016   0.0000000000000000     
   40.300000000000004       -2.3908266701907056E-015   0.0000000000000000     
   40.400000000000006        1.2200546255998963E-015   0.0000000000000000     
   40.500000000000000        6.5263205495648401E-016   0.0000000000000000     
   40.600000000000001        2.0281363392966364E-015   0.0000000000000000     
   40.700000000000003       -3.4409059984553238E-017   0.0000000000000000     
   40.800000000000004       -2.1866628267136834E-015   0.0000000000000000     
   40.900000000000006       -8.4706538512417350E-018   0.0000000000000000     
   41.000000000000000       -8.6311303470065705E-016   0.0000000000000000     
   41.100000000000001       -5.0680774851023890E-016   0.0000000000000000     
   41.200000000000003        2.4840457351516591E-015   0.0000000000000000     
   41.300000000000004        1.1268764429916713E-015   0.0000000000000000     
   41.400000000000006       -1.8375553807289685E-015   0.0000000000000000     
   41.500000000000000        6.4967033108386600E-016   0.0000000000000000     
   41.600000000000001       -7.5856761892663883E-017   0.0000000000000000     
   41.700000000000003       -2.1881715577838088E-015   0.0000000000000000     
   41.800000000000004        4.8924576841656924E-017   0.0000000000000000     
   41.900000000000006        1.2977865541592622E-015   0.0000000000000000     
   42.000000000000000        8.1318266429869826E-016   0.0000000000000000     
   42.100000000000001       -1.4628373060736507E-016   0.0000000000000000     
   42.200000000000003        1.0767707661112964E-015   0.0000000000000000     
   42.300000000000004       -9.3253553150592204E-016   0.0000000000000000     
   42.400000000000006       -1.0041410569030282E-016   0.0000000000000000     
   42.500000000000000        1.7691416985197796E-016   0.0000000000000000     
   42.600000000000001       -2.4376043129004373E-015   0.0000000000000000     
   42.700000000000003       -1.1418974975448656E-015   0.0000000000000000     
   42.800000000000004        1.1414307876830332E-015   0.0000000000000000     
   42.900000000000006        3.0588523423975715E-015   0.0000000000000000     
   43.000000000000000        1.1949558296196655E-015   0.0000000000000000     
   43.100000000000001       -9.8969955222116704E-018   0.0000000000000000     
   43.200000000000003        3.0280307014505293E-016   0.0000000000000000     
   43.300000000000004       -3.5544999125576240E-015   0.0000000000000000     
   43.400000000000006       -2.5562802658101205E-015   0.0000000000000000     
   43.500000000000000        1.1942785280661450E-015   0.0000000000000000     
   43.600000000000001       -2.6470872068515380E-016   0.0000000000000000     
   43.700000000000003        2.8740071242181845E-015   0.0000000000000000     
   43.800000000000004        1.7958290702564338E-015   0.0000000000000000     
   43.900000000000006       -1.0445830391929927E-015   0.0000000000000000     
   44.000000000000000        1.2605249292867214E-015   0.0000000000000000     
   44.100000000000001       -1.1405595849498509E-015   0.0000000000000000     
   44.200000000000003       -9.3255764700497099E-016   0.0000000000000000     
   44.300000000000004       -2.1665694794217106E-015   0.0000000000000000     
   44.400000000000006       -2.1361238102263954E-015   0.0000000000000000     
   44.500000000000000        2.0073489414074588E-015   0.0000000000000000     
   44.600000000000001        1.6364307528193852E-015   0.0000000000000000     
   44.700000000000003        2.0193987105606749E-015   0.0000000000000000     
   44.800000000000004        5.5998715180889668E-016   0.0000000000000000     
   44.900000000000006       -1.8563231402699026E-016   0.0000000000000000     
   45.000000000000000        4.9293055500479470E-016   0.0000000000000000     
   45.100000000000001       -3.5153486691828167E-015   0.0000000000000000     
   45.200000000000003       -2.6513301848562273E-015   0.0000000000000000     
   45.300000000000004        1.4991476553521348E-015   0.0000000000000000     
   45.400000000000006        5.0603007583732452E-016   0.0000000000000000     
   45.500000000000000        2.1570115107116760E-015   0.0000000000000000     
   45.600000000000001        1.6852860788991524E-015   0.0000000000000000     
   45.700000000000003       -1.2435419574583303E-015   0.0000000000000000     
   45.800000000000004        4.0715342718185377E-016   0.0000000000000000     
   45.900000000000006       -1.1893298582282681E-015   0.0000000000000000     
   46.000000000000000       -8.9201114507496216E-016   0.0000000000000000     
   46.100000000000001       -6.4495774657634687E-016   0.0000000000000000     
   46.200000000000003       -7.4423944504268688E-016   0.0000000000000000     
   46.300000000000004        2.2758811842145217E-015   0.0000000000000000     
   46.400000000000006        5.1560408674111876E-016   0.0000000000000000     
   46.500000000000000        1.4370280672811993E-016   0.0000000000000000     
   46.600000000000001       -3.9632415968073304E-016   0.0000000000000000     
   46.700000000000003       -6.4043328879939890E-016   0.0000000000000000     
   46.800000000000004        9.1288512066136365E-016   0.0000000000000000     
   46.900000000000006       -1.3040125728891265E-015   0.0000000000000000     
   47.000000000000000       -2.0755385656377799E-015   0.0000000000000000     
   47.100000000000001        1.7647835954128190E-015   0.0000000000000000     
   47.200000000000003        3.9612527951580977E-015   0.0000000000000000     
   47.300000000000004       -1.6328050007507111E-015   0.0000000000000000     
   47.400000000000006       -2.0666748635008969E-015   0.0000000000000000     
   47.500000000000000        5.6135797310055979E-016   0.0000000000000000     
   47.600000000000001       -2.2552501068745423E-015   0.0000000000000000     
   47.700000000000003        1.0040310426626174E-015   0.0000000000000000     
   47.800000000000004        2.7327685527960389E-015   0.0000000000000000     
   47.900000000000006       -1.0613408455558027E-015   0.0000000000000000     
   48.000000000000000       -7.6497746819397259E-016   0.0000000000000000     
   48.100000000000001        1.0806524421258682E-015   0.0000000000000000     
   48.200000000000003        1.7250269752042040E-016   0.0000000000000000     
   48.300000000000004       -2.5585859265413034E-016   0.0000000000000000     
   48.400000000000006       -5.9997307009180349E-016   0.0000000000000000     
   48.500000000000000       -1.8503077213201634E-015   0.0000000000000000     
   48.600000000000001        5.5529686765730512E-016   0.0000000000000000     
   48.700000000000003        8.6420538015249474E-016   0.0000000000000000     
   48.800000000000004        3.1378425883135963E-016   0.0000000000000000     
   48.900000000000006        1.6993458455879961E-015   0.0000000000000000     
   49.000000000000000       -4.2997933386167185E-016   0.0000000000000000     
   49.100000000000001       -6.3067565592557594E-016   0.0000000000000000     
   49.200000000000003       -7.6777127396285954E-016   0.0000000000000000     
   49.300000000000004       -1.8838468546287528E-015   0.0000000000000000     
   49.400000000000006        1.4619026230698671E-015   0.0000000000000000     
   49.500000000000000        2.0813491007605293E-015   0.0000000000000000     
   49.600000000000001       -1.0422853891819028E-015   0.0000000000000000     
   49.700000000000003       -7.9251213750442121E-016   0.0000000000000000     
   49.800000000000004        1.4586709676761468E-016   0.0000000000000000     
   49.900000000000006        5.0654071924799070E-054   0.0000000000000000     
