   0.0000000000000000        5.2944592495062788E-002   0.0000000000000000     
  0.10000000000000001        4.9482032124454504E-002   0.0000000000000000     
  0.20000000000000001        4.4813756189902326E-002   0.0000000000000000     
  0.30000000000000004        4.4686720501024922E-002   0.0000000000000000     
  0.40000000000000002        3.7066789621512622E-002   0.0000000000000000     
  0.50000000000000000        3.8122513797249125E-002   0.0000000000000000     
  0.60000000000000009        2.8555590373845939E-002   0.0000000000000000     
  0.70000000000000007        3.1260748149246384E-002   0.0000000000000000     
  0.80000000000000004        2.1399776297566231E-002   0.0000000000000000     
  0.90000000000000002        2.5813784107010958E-002   0.0000000000000000     
   1.0000000000000000        1.5445681718432608E-002   0.0000000000000000     
   1.1000000000000001        2.1569716043705726E-002   0.0000000000000000     
   1.2000000000000002        1.0496257716946161E-002   0.0000000000000000     
   1.3000000000000000        1.8335300462757238E-002   0.0000000000000000     
   1.4000000000000001        6.3797415575429818E-003   0.0000000000000000     
   1.5000000000000000        1.5937533298934246E-002   0.0000000000000000     
   1.6000000000000001        2.9496602106190884E-003   0.0000000000000000     
   1.7000000000000002        1.4222710488618990E-002   0.0000000000000000     
   1.8000000000000000        8.4024795954282458E-005   0.0000000000000000     
   1.9000000000000001        1.3054980673489628E-002   0.0000000000000000     
   2.0000000000000000       -2.3160842634045078E-003   0.0000000000000000     
   2.1000000000000001        1.2314617819496092E-002   0.0000000000000000     
   2.2000000000000002       -4.3283856730224153E-003   0.0000000000000000     
   2.3000000000000003        1.1896210691455886E-002   0.0000000000000000     
   2.4000000000000004       -6.0115909454215985E-003   0.0000000000000000     
   2.5000000000000000        1.1706929677682302E-002   0.0000000000000000     
   2.6000000000000001       -7.4078201545135607E-003   0.0000000000000000     
   2.7000000000000002        1.1664992880609853E-002   0.0000000000000000     
   2.8000000000000003       -8.5451574486129830E-003   0.0000000000000000     
   2.9000000000000004        1.1698414482006795E-002   0.0000000000000000     
   3.0000000000000000       -9.4402793934028114E-003   0.0000000000000000     
   3.1000000000000001        1.1744080627899691E-002   0.0000000000000000     
   3.2000000000000002       -1.0101098848340991E-002   0.0000000000000000     
   3.3000000000000003        1.1747162701356449E-002   0.0000000000000000     
   3.4000000000000004       -1.0529371422879123E-002   0.0000000000000000     
   3.5000000000000000        1.1660845961149939E-002   0.0000000000000000     
   3.6000000000000001       -1.0723211706402615E-002   0.0000000000000000     
   3.7000000000000002        1.1446324138656360E-002   0.0000000000000000     
   3.8000000000000003       -1.0679463967184302E-002   0.0000000000000000     
   3.9000000000000004        1.1072988656936117E-002   0.0000000000000000     
   4.0000000000000000       -1.0395868682480904E-002   0.0000000000000000     
   4.1000000000000005        1.0518725528144186E-002   0.0000000000000000     
   4.2000000000000002       -9.8729639613122314E-003   0.0000000000000000     
   4.2999999999999998        9.7702244081538017E-003   0.0000000000000000     
   4.4000000000000004       -9.1156613697526753E-003   0.0000000000000000     
   4.5000000000000000        8.8232032051864737E-003   0.0000000000000000     
   4.6000000000000005       -8.1344402402861813E-003   0.0000000000000000     
   4.7000000000000002        7.6824581698706033E-003   0.0000000000000000     
   4.8000000000000007       -6.9461141130747073E-003   0.0000000000000000     
   4.9000000000000004        6.3616632147879357E-003   0.0000000000000000     
   5.0000000000000000       -5.5741377714438418E-003   0.0000000000000000     
   5.1000000000000005        4.8828624951990120E-003   0.0000000000000000     
   5.2000000000000002       -4.0484429779341531E-003   0.0000000000000000     
   5.3000000000000007        3.2756256807590011E-003   0.0000000000000000     
   5.4000000000000004       -2.4048144117012876E-003   0.0000000000000000     
   5.5000000000000000        1.5758640317121817E-003   0.0000000000000000     
   5.6000000000000005       -6.8384280190124055E-004   0.0000000000000000     
   5.7000000000000002       -1.7566484380685977E-004   0.0000000000000000     
   5.8000000000000007        1.0704822284570471E-003   0.0000000000000000     
   5.9000000000000004       -1.9351072527160422E-003   0.0000000000000000     
   6.0000000000000000        2.8124538329062070E-003   0.0000000000000000     
   6.1000000000000005       -3.6574377498438506E-003   0.0000000000000000     
   6.2000000000000002        4.4964996046021940E-003   0.0000000000000000     
   6.3000000000000007       -5.2984579160843415E-003   0.0000000000000000     
   6.4000000000000004        6.0790864524703780E-003   0.0000000000000000     
   6.5000000000000000       -6.8167590180854189E-003   0.0000000000000000     
   6.6000000000000005        7.5205576002101825E-003   0.0000000000000000     
   6.7000000000000002       -8.1755358943728339E-003   0.0000000000000000     
   6.8000000000000007        8.7867850165823293E-003   0.0000000000000000     
   6.9000000000000004       -9.3441464977189574E-003   0.0000000000000000     
   7.0000000000000000        9.8505336446279169E-003   0.0000000000000000     
   7.1000000000000005       -1.0299327270219332E-002   0.0000000000000000     
   7.2000000000000002        1.0692454634690277E-002   0.0000000000000000     
   7.3000000000000007       -1.1025997606735231E-002   0.0000000000000000     
   7.4000000000000004        1.1301651755519877E-002   0.0000000000000000     
   7.5000000000000000       -1.1517615051342018E-002   0.0000000000000000     
   7.6000000000000005        1.1675796006595912E-002   0.0000000000000000     
   7.7000000000000002       -1.1776074052426788E-002   0.0000000000000000     
   7.8000000000000007        1.1820795553945882E-002   0.0000000000000000     
   7.9000000000000004       -1.1811172317425563E-002   0.0000000000000000     
   8.0000000000000000        1.1750058726690596E-002   0.0000000000000000     
   8.0999999999999996       -1.1639697344293482E-002   0.0000000000000000     
   8.2000000000000011        1.1483414386268573E-002   0.0000000000000000     
   8.3000000000000007       -1.1284209170008727E-002   0.0000000000000000     
   8.4000000000000004        1.1045774399692369E-002   0.0000000000000000     
   8.5000000000000000       -1.0771611930209960E-002   0.0000000000000000     
   8.5999999999999996        1.0465635743260890E-002   0.0000000000000000     
   8.7000000000000011       -1.0131615359454558E-002   0.0000000000000000     
   8.8000000000000007        9.7735242416823569E-003   0.0000000000000000     
   8.9000000000000004       -9.3951875812024466E-003   0.0000000000000000     
   9.0000000000000000        9.0004782331067120E-003   0.0000000000000000     
   9.0999999999999996       -8.5930929449325281E-003   0.0000000000000000     
   9.2000000000000011        8.1766594257679272E-003   0.0000000000000000     
   9.3000000000000007       -7.7545944748237299E-003   0.0000000000000000     
   9.4000000000000004        7.3301613869076283E-003   0.0000000000000000     
   9.5000000000000000       -6.9063814443564263E-003   0.0000000000000000     
   9.6000000000000014        6.4860654153438791E-003   0.0000000000000000     
   9.7000000000000011       -6.0717607446943590E-003   0.0000000000000000     
   9.8000000000000007        5.6657711295014356E-003   0.0000000000000000     
   9.9000000000000004       -5.2701282117390011E-003   0.0000000000000000     
   10.000000000000000        4.8866070482906244E-003   0.0000000000000000     
   10.100000000000001       -4.5167149095975846E-003   0.0000000000000000     
   10.200000000000001        4.1617065989030663E-003   0.0000000000000000     
   10.300000000000001       -3.8225851918023456E-003   0.0000000000000000     
   10.400000000000000        3.5001187871042867E-003   0.0000000000000000     
   10.500000000000000       -3.1948493604903108E-003   0.0000000000000000     
   10.600000000000001        2.9071111322754610E-003   0.0000000000000000     
   10.700000000000001       -2.6370445638796850E-003   0.0000000000000000     
   10.800000000000001        2.3846157751326712E-003   0.0000000000000000     
   10.900000000000000       -2.1496333222173558E-003   0.0000000000000000     
   11.000000000000000        1.9317677702198664E-003   0.0000000000000000     
   11.100000000000001       -1.7305693831642657E-003   0.0000000000000000     
   11.200000000000001        1.5454869067052792E-003   0.0000000000000000     
   11.300000000000001       -1.3758847356951133E-003   0.0000000000000000     
   11.400000000000000        1.2210600799793894E-003   0.0000000000000000     
   11.500000000000000       -1.0802585742872683E-003   0.0000000000000000     
   11.600000000000001        9.5268920957205226E-004   0.0000000000000000     
   11.700000000000001       -8.3753771419731865E-004   0.0000000000000000     
   11.800000000000001        7.3397887756873744E-004   0.0000000000000000     
   11.900000000000000       -6.4118735264554339E-004   0.0000000000000000     
   12.000000000000000        5.5834723734570629E-004   0.0000000000000000     
   12.100000000000001       -4.8466021706111868E-004   0.0000000000000000     
   12.200000000000001        4.1935247623697304E-004   0.0000000000000000     
   12.300000000000001       -3.6168030884011724E-004   0.0000000000000000     
   12.400000000000000        3.1093459292810382E-004   0.0000000000000000     
   12.500000000000000       -2.6644414512699805E-004   0.0000000000000000     
   12.600000000000001        2.2757809896693898E-004   0.0000000000000000     
   12.700000000000001       -1.9374736938353995E-004   0.0000000000000000     
   12.800000000000001        1.6440533293012255E-004   0.0000000000000000     
   12.900000000000000       -1.3904780681977229E-004   0.0000000000000000     
   13.000000000000000        1.1721244245707032E-004   0.0000000000000000     
   13.100000000000001       -9.8477620463621317E-005   0.0000000000000000     
   13.200000000000001        8.2460947448504356E-005   0.0000000000000000     
   13.300000000000001       -6.8817435056079814E-005   0.0000000000000000     
   13.400000000000000        5.7237444294616981E-005   0.0000000000000000     
   13.500000000000000       -4.7444463434975672E-005   0.0000000000000000     
   13.600000000000001        3.9192784741819608E-005   0.0000000000000000     
   13.700000000000001       -3.2265133426605305E-005   0.0000000000000000     
   13.800000000000001        2.6470296900017903E-005   0.0000000000000000     
   13.900000000000000       -2.1640792737327716E-005   0.0000000000000000     
   14.000000000000000        1.7630607837499011E-005   0.0000000000000000     
   14.100000000000001       -1.4313033531124329E-005   0.0000000000000000     
   14.200000000000001        1.1578615930226184E-005   0.0000000000000000     
   14.300000000000001       -9.3332347714262650E-006   0.0000000000000000     
   14.400000000000000        7.4963195700043200E-006   0.0000000000000000     
   14.500000000000000       -5.9992074644515305E-006   0.0000000000000000     
   14.600000000000001        4.7836437631224791E-006   0.0000000000000000     
   14.700000000000001       -3.8004231835132859E-006   0.0000000000000000     
   14.800000000000001        3.0081675708798073E-006   0.0000000000000000     
   14.900000000000000       -2.3722340024384033E-006   0.0000000000000000     
   15.000000000000000        1.8637458804180184E-006   0.0000000000000000     
   15.100000000000001       -1.4587386837939851E-006   0.0000000000000000     
   15.200000000000001        1.1374115379821827E-006   0.0000000000000000     
   15.300000000000001       -8.8347547945893810E-007   0.0000000000000000     
   15.400000000000000        6.8358929002399318E-007   0.0000000000000000     
   15.500000000000000       -5.2687396051929914E-007   0.0000000000000000     
   15.600000000000001        4.0449720397674071E-007   0.0000000000000000     
   15.700000000000001       -3.0931991832025182E-007   0.0000000000000000     
   15.800000000000001        2.3559702468357652E-007   0.0000000000000000     
   15.900000000000000       -1.7872567649909367E-007   0.0000000000000000     
   16.000000000000000        1.3503448894021791E-007   0.0000000000000000     
   16.100000000000001       -1.0160805363359308E-007   0.0000000000000000     
   16.199999999999999        7.6141595367388730E-008   0.0000000000000000     
   16.300000000000001       -5.6821234532161093E-008   0.0000000000000000     
   16.400000000000002        4.2225846564209468E-008   0.0000000000000000     
   16.500000000000000       -3.1247034453862176E-008   0.0000000000000000     
   16.600000000000001        2.3024242703002127E-008   0.0000000000000000     
   16.699999999999999       -1.6892396253969237E-008   0.0000000000000000     
   16.800000000000001        1.2339835272243540E-008   0.0000000000000000     
   16.900000000000002       -8.9747399274219182E-009   0.0000000000000000     
   17.000000000000000        6.4984666653941484E-009   0.0000000000000000     
   17.100000000000001       -4.6844470830717440E-009   0.0000000000000000     
   17.199999999999999        3.3615970576983664E-009   0.0000000000000000     
   17.300000000000001       -2.4013416024328941E-009   0.0000000000000000     
   17.400000000000002        1.7075096013462151E-009   0.0000000000000000     
   17.500000000000000       -1.2085180824931364E-009   0.0000000000000000     
   17.600000000000001        8.5134443721996943E-010   0.0000000000000000     
   17.699999999999999       -5.9689748514747921E-010   0.0000000000000000     
   17.800000000000001        4.1649887835002726E-010   0.0000000000000000     
   17.900000000000002       -2.8921767308771501E-010   0.0000000000000000     
   18.000000000000000        1.9985611334393502E-010   0.0000000000000000     
   18.100000000000001       -1.3742876067434461E-010   0.0000000000000000     
   18.199999999999999        9.4029091798911427E-011   0.0000000000000000     
   18.300000000000001       -6.4008192140411231E-011   0.0000000000000000     
   18.400000000000002        4.3352782331117686E-011   0.0000000000000000     
   18.500000000000000       -2.9212751501964306E-011   0.0000000000000000     
   18.600000000000001        1.9581262806823947E-011   0.0000000000000000     
   18.699999999999999       -1.3057459822356529E-011   0.0000000000000000     
   18.800000000000001        8.6611346412170234E-012   0.0000000000000000     
   18.900000000000002       -5.7146726139141107E-012   0.0000000000000000     
   19.000000000000000        3.7512057716807202E-012   0.0000000000000000     
   19.100000000000001       -2.4468597787016540E-012   0.0000000000000000     
   19.200000000000003        1.5861139993453931E-012   0.0000000000000000     
   19.300000000000001       -1.0243996221103606E-012   0.0000000000000000     
   19.400000000000002        6.5921305235066789E-013   0.0000000000000000     
   19.500000000000000       -4.2070169717001877E-013   0.0000000000000000     
   19.600000000000001        2.6495808567205345E-013   0.0000000000000000     
   19.700000000000003       -1.6777715816596812E-013   0.0000000000000000     
   19.800000000000001        1.0839246757447703E-013   0.0000000000000000     
   19.900000000000002       -6.7298192631331401E-014   0.0000000000000000     
   20.000000000000000        4.1516191409822991E-014   0.0000000000000000     
   20.100000000000001       -2.8881237347605995E-014   0.0000000000000000     
   20.200000000000003        1.8383288004810292E-014   0.0000000000000000     
   20.300000000000001       -9.5415894850303646E-015   0.0000000000000000     
   20.400000000000002        5.5408267190126502E-015   0.0000000000000000     
   20.500000000000000       -3.2699014991100993E-015   0.0000000000000000     
   20.600000000000001        1.7585200667876608E-015   0.0000000000000000     
   20.700000000000003       -1.8336877891608323E-016   0.0000000000000000     
   20.800000000000001       -1.6999049653523327E-015   0.0000000000000000     
   20.900000000000002        2.5018624333923866E-015   0.0000000000000000     
   21.000000000000000       -2.0022946980976576E-015   0.0000000000000000     
   21.100000000000001        2.6242696310884892E-016   0.0000000000000000     
   21.200000000000003       -1.2481522755868768E-015   0.0000000000000000     
   21.300000000000001        3.6961995539158224E-015   0.0000000000000000     
   21.400000000000002       -1.5113163393646494E-015   0.0000000000000000     
   21.500000000000000        1.2521895222504778E-015   0.0000000000000000     
   21.600000000000001       -4.1755731488690957E-015   0.0000000000000000     
   21.700000000000003        2.6734691738236153E-015   0.0000000000000000     
   21.800000000000001       -2.6414728332314588E-015   0.0000000000000000     
   21.900000000000002        4.3933660090941918E-015   0.0000000000000000     
   22.000000000000000       -3.2271768254069484E-015   0.0000000000000000     
   22.100000000000001        4.6192025481931521E-015   0.0000000000000000     
   22.200000000000003       -3.4215081970467968E-015   0.0000000000000000     
   22.300000000000001       -4.1426659689558527E-016   0.0000000000000000     
   22.400000000000002       -3.5024664455642566E-015   0.0000000000000000     
   22.500000000000000        5.7819989447218041E-015   0.0000000000000000     
   22.600000000000001       -3.4649726759604341E-015   0.0000000000000000     
   22.700000000000003        5.0993181246048956E-015   0.0000000000000000     
   22.800000000000001       -4.6527579737653095E-015   0.0000000000000000     
   22.900000000000002        4.0460885102402197E-015   0.0000000000000000     
   23.000000000000000       -5.4772496532376150E-015   0.0000000000000000     
   23.100000000000001        1.6950836138834016E-015   0.0000000000000000     
   23.200000000000003       -1.1357534947276230E-015   0.0000000000000000     
   23.300000000000001        3.9404724463189986E-015   0.0000000000000000     
   23.400000000000002       -1.0300416244000456E-015   0.0000000000000000     
   23.500000000000000        4.2390939279778467E-016   0.0000000000000000     
   23.600000000000001       -1.5114304298214016E-015   0.0000000000000000     
   23.700000000000003        2.0313897599285390E-016   0.0000000000000000     
   23.800000000000001       -1.8312722821626620E-015   0.0000000000000000     
   23.900000000000002        6.9234515510420180E-016   0.0000000000000000     
   24.000000000000000        2.0686365297470141E-015   0.0000000000000000     
   24.100000000000001       -5.3306952563881472E-016   0.0000000000000000     
   24.200000000000003        1.6970213115653167E-015   0.0000000000000000     
   24.300000000000001       -2.6715433736789781E-015   0.0000000000000000     
   24.400000000000002        1.7185603268979993E-015   0.0000000000000000     
   24.500000000000000       -4.4787584206934518E-015   0.0000000000000000     
   24.600000000000001        3.4573872014424784E-015   0.0000000000000000     
   24.700000000000003       -1.0788299367449978E-015   0.0000000000000000     
   24.800000000000001        4.1926355579267894E-015   0.0000000000000000     
   24.900000000000002       -2.6207081929299168E-015   0.0000000000000000     
   25.000000000000000       -1.2635621787226527E-015   0.0000000000000000     
   25.100000000000001       -4.4191750245250722E-016   0.0000000000000000     
   25.200000000000003       -4.1323874769581363E-017   0.0000000000000000     
   25.300000000000001        2.7681885668555906E-015   0.0000000000000000     
   25.400000000000002       -2.6027736080867362E-015   0.0000000000000000     
   25.500000000000000        2.8943515929294652E-015   0.0000000000000000     
   25.600000000000001       -3.0795755705656892E-015   0.0000000000000000     
   25.700000000000003        6.6798513607423175E-016   0.0000000000000000     
   25.800000000000001        3.4883566224565296E-016   0.0000000000000000     
   25.900000000000002        1.7634726766153003E-015   0.0000000000000000     
   26.000000000000000       -2.3561313388912300E-015   0.0000000000000000     
   26.100000000000001        1.2126415553137381E-015   0.0000000000000000     
   26.200000000000003       -1.5917898861869761E-015   0.0000000000000000     
   26.300000000000001        7.0024747484642047E-016   0.0000000000000000     
   26.400000000000002        1.3592106129824722E-015   0.0000000000000000     
   26.500000000000000       -2.1558819364790017E-015   0.0000000000000000     
   26.600000000000001        4.7851566542839143E-015   0.0000000000000000     
   26.700000000000003       -5.8364056299360830E-015   0.0000000000000000     
   26.800000000000001        2.4611007831499712E-015   0.0000000000000000     
   26.900000000000002       -1.1462869032421257E-015   0.0000000000000000     
   27.000000000000000        7.9594434138215371E-016   0.0000000000000000     
   27.100000000000001        1.1700676049630446E-015   0.0000000000000000     
   27.200000000000003       -1.6124252757543685E-015   0.0000000000000000     
   27.300000000000001        2.5794373436316455E-015   0.0000000000000000     
   27.400000000000002       -3.2410360491897068E-015   0.0000000000000000     
   27.500000000000000        3.8645987171924937E-016   0.0000000000000000     
   27.600000000000001        1.3429376136841429E-015   0.0000000000000000     
   27.700000000000003        1.1825710155155457E-017   0.0000000000000000     
   27.800000000000001       -2.0291107461606500E-016   0.0000000000000000     
   27.900000000000002       -1.3264551099232572E-015   0.0000000000000000     
   28.000000000000000        1.1490169274008272E-015   0.0000000000000000     
   28.100000000000001       -3.4901117658789561E-016   0.0000000000000000     
   28.200000000000003        2.4211944625351680E-015   0.0000000000000000     
   28.300000000000001       -3.9746048704520333E-015   0.0000000000000000     
   28.400000000000002        2.9115376322053999E-015   0.0000000000000000     
   28.500000000000000       -1.2457988212802890E-015   0.0000000000000000     
   28.600000000000001       -1.7504954125551256E-015   0.0000000000000000     
   28.700000000000003        2.5106768881563888E-015   0.0000000000000000     
   28.800000000000001        5.1701705744438849E-017   0.0000000000000000     
   28.900000000000002       -8.8541467268999791E-016   0.0000000000000000     
   29.000000000000000        1.2084895722737187E-015   0.0000000000000000     
   29.100000000000001       -3.2062031185685513E-016   0.0000000000000000     
   29.200000000000003       -1.6574676656964537E-015   0.0000000000000000     
   29.300000000000001        4.8251914134140280E-016   0.0000000000000000     
   29.400000000000002       -1.7947987008719656E-015   0.0000000000000000     
   29.500000000000000        3.5720115144317353E-015   0.0000000000000000     
   29.600000000000001        9.7782764025968235E-016   0.0000000000000000     
   29.700000000000003       -2.7328808221665077E-015   0.0000000000000000     
   29.800000000000001        1.4722666850839890E-015   0.0000000000000000     
   29.900000000000002       -2.0696029175682067E-015   0.0000000000000000     
   30.000000000000000        2.3336754067007781E-016   0.0000000000000000     
   30.100000000000001       -1.5288755435445581E-015   0.0000000000000000     
   30.200000000000003        4.6152706094379591E-015   0.0000000000000000     
   30.300000000000001       -1.1685128319175850E-015   0.0000000000000000     
   30.400000000000002       -5.9640534752370785E-016   0.0000000000000000     
   30.500000000000000       -5.1719710140106039E-016   0.0000000000000000     
   30.600000000000001       -1.2356939210283086E-015   0.0000000000000000     
   30.700000000000003        1.3764362466329654E-015   0.0000000000000000     
   30.800000000000001       -1.1506791845101649E-015   0.0000000000000000     
   30.900000000000002        2.4201200066939936E-015   0.0000000000000000     
   31.000000000000000       -1.1253907289082895E-015   0.0000000000000000     
   31.100000000000001       -1.0447850074860503E-015   0.0000000000000000     
   31.200000000000003        1.1452501097271908E-015   0.0000000000000000     
   31.300000000000001       -1.9410299701157888E-016   0.0000000000000000     
   31.400000000000002        7.7893936325624319E-016   0.0000000000000000     
   31.500000000000000       -1.8832054985252956E-015   0.0000000000000000     
   31.600000000000001        8.2696609576128767E-016   0.0000000000000000     
   31.700000000000003        1.2407646521245405E-016   0.0000000000000000     
   31.800000000000001       -1.1956128807248655E-015   0.0000000000000000     
   31.900000000000002        2.1758367176196383E-015   0.0000000000000000     
   32.000000000000000       -1.2600799867996070E-015   0.0000000000000000     
   32.100000000000001        3.1672833968738186E-015   0.0000000000000000     
   32.200000000000003       -3.8015876029315009E-015   0.0000000000000000     
   32.300000000000004       -5.1177171352285541E-016   0.0000000000000000     
   32.399999999999999       -6.7382997866373200E-016   0.0000000000000000     
   32.500000000000000        3.3130912494633523E-015   0.0000000000000000     
   32.600000000000001        1.8070036197250189E-016   0.0000000000000000     
   32.700000000000003       -1.7486268564916904E-015   0.0000000000000000     
   32.800000000000004        1.4967600067443270E-015   0.0000000000000000     
   32.899999999999999       -1.1631860309178119E-015   0.0000000000000000     
   33.000000000000000       -1.8314284329376105E-015   0.0000000000000000     
   33.100000000000001        1.9968321253372473E-015   0.0000000000000000     
   33.200000000000003        3.9599068793459849E-016   0.0000000000000000     
   33.300000000000004       -3.6936573123082842E-016   0.0000000000000000     
   33.399999999999999       -1.9514739531227444E-015   0.0000000000000000     
   33.500000000000000        3.5056725619092579E-015   0.0000000000000000     
   33.600000000000001       -1.1614416367708136E-016   0.0000000000000000     
   33.700000000000003       -1.8759186937351848E-015   0.0000000000000000     
   33.800000000000004       -1.2799437800165615E-015   0.0000000000000000     
   33.899999999999999        9.4376093978907438E-016   0.0000000000000000     
   34.000000000000000        2.8400609081926352E-016   0.0000000000000000     
   34.100000000000001        4.4180607108673029E-016   0.0000000000000000     
   34.200000000000003        6.4464854029170686E-016   0.0000000000000000     
   34.300000000000004        1.6031712316545957E-015   0.0000000000000000     
   34.399999999999999       -3.6387187821381881E-015   0.0000000000000000     
   34.500000000000000        5.8650591424081120E-016   0.0000000000000000     
   34.600000000000001       -1.0956619432486024E-015   0.0000000000000000     
   34.700000000000003        3.5151894121108608E-015   0.0000000000000000     
   34.800000000000004       -1.8384151105216367E-015   0.0000000000000000     
   34.899999999999999       -2.7619144058947631E-016   0.0000000000000000     
   35.000000000000000        1.3418650212326056E-015   0.0000000000000000     
   35.100000000000001       -1.4688507462420158E-015   0.0000000000000000     
   35.200000000000003       -1.0023404483030622E-017   0.0000000000000000     
   35.300000000000004        6.9655264582138492E-016   0.0000000000000000     
   35.399999999999999        1.0024658201016763E-015   0.0000000000000000     
   35.500000000000000       -1.0579400931378043E-015   0.0000000000000000     
   35.600000000000001       -1.1971833297097998E-015   0.0000000000000000     
   35.700000000000003        5.9441230197024816E-016   0.0000000000000000     
   35.800000000000004       -4.9148085172191661E-016   0.0000000000000000     
   35.899999999999999        1.8502697034415324E-015   0.0000000000000000     
   36.000000000000000       -6.8162023191958896E-017   0.0000000000000000     
   36.100000000000001       -8.5904311226488569E-017   0.0000000000000000     
   36.200000000000003       -1.1662541399335572E-016   0.0000000000000000     
   36.300000000000004       -1.6341178939442730E-015   0.0000000000000000     
   36.399999999999999        1.7623471755585368E-015   0.0000000000000000     
   36.500000000000000       -3.5268494626316934E-015   0.0000000000000000     
   36.600000000000001        1.8466067829311768E-015   0.0000000000000000     
   36.700000000000003        2.7933830526175824E-015   0.0000000000000000     
   36.800000000000004       -1.1560525973094233E-015   0.0000000000000000     
   36.899999999999999        4.1753107686925774E-016   0.0000000000000000     
   37.000000000000000        5.7225415507861770E-016   0.0000000000000000     
   37.100000000000001       -3.3354472727604364E-015   0.0000000000000000     
   37.200000000000003        6.5522633729183461E-017   0.0000000000000000     
   37.300000000000004        9.9731168703346029E-016   0.0000000000000000     
   37.399999999999999       -9.6357365393976279E-016   0.0000000000000000     
   37.500000000000000        2.3969147966890546E-015   0.0000000000000000     
   37.600000000000001        1.7771413243827815E-015   0.0000000000000000     
   37.700000000000003       -1.1855513471934187E-015   0.0000000000000000     
   37.800000000000004       -1.7523348077241238E-015   0.0000000000000000     
   37.899999999999999       -9.7893096180542329E-016   0.0000000000000000     
   38.000000000000000       -5.4340775701039387E-016   0.0000000000000000     
   38.100000000000001        1.0451740359595708E-015   0.0000000000000000     
   38.200000000000003        2.2349155988303986E-015   0.0000000000000000     
   38.300000000000004       -8.4952473079418639E-016   0.0000000000000000     
   38.400000000000006        1.1665435303595761E-016   0.0000000000000000     
   38.500000000000000       -1.1278796392325649E-015   0.0000000000000000     
   38.600000000000001        5.7322605824097307E-016   0.0000000000000000     
   38.700000000000003        1.0336644966623499E-016   0.0000000000000000     
   38.800000000000004       -1.3089292489883020E-015   0.0000000000000000     
   38.900000000000006        4.7240562716198495E-016   0.0000000000000000     
   39.000000000000000        1.3607920243556760E-015   0.0000000000000000     
   39.100000000000001       -1.9319356694278794E-015   0.0000000000000000     
   39.200000000000003        2.6815895025949003E-015   0.0000000000000000     
   39.300000000000004       -7.9195674232130885E-016   0.0000000000000000     
   39.400000000000006        2.5066642994507269E-016   0.0000000000000000     
   39.500000000000000       -1.5841251216493094E-015   0.0000000000000000     
   39.600000000000001       -2.1824636889601702E-015   0.0000000000000000     
   39.700000000000003        1.4009072190524091E-015   0.0000000000000000     
   39.800000000000004        2.3586535889747052E-015   0.0000000000000000     
   39.900000000000006        1.0531631291109867E-015   0.0000000000000000     
   40.000000000000000       -1.5068713453859503E-015   0.0000000000000000     
   40.100000000000001        1.2325659458627174E-015   0.0000000000000000     
   40.200000000000003       -1.3253160150963147E-015   0.0000000000000000     
   40.300000000000004       -2.2824475975739343E-015   0.0000000000000000     
   40.400000000000006       -1.2192418518205288E-015   0.0000000000000000     
   40.500000000000000        1.9249129142361434E-015   0.0000000000000000     
   40.600000000000001        1.4292732115964510E-015   0.0000000000000000     
   40.700000000000003        1.8613527075002174E-015   0.0000000000000000     
   40.800000000000004       -1.2387075231250368E-015   0.0000000000000000     
   40.900000000000006        1.7153483816973274E-015   0.0000000000000000     
   41.000000000000000       -2.4363133067254555E-015   0.0000000000000000     
   41.100000000000001       -8.0025393914033618E-016   0.0000000000000000     
   41.200000000000003       -9.7467074104261752E-016   0.0000000000000000     
   41.300000000000004       -1.3733469546900683E-015   0.0000000000000000     
   41.400000000000006        1.8011337364614266E-015   0.0000000000000000     
   41.500000000000000        3.7647493297977103E-016   0.0000000000000000     
   41.600000000000001        2.9598810106623328E-015   0.0000000000000000     
   41.700000000000003        1.1849670634075095E-015   0.0000000000000000     
   41.800000000000004       -1.5216085736894172E-015   0.0000000000000000     
   41.900000000000006       -1.5399241509850621E-015   0.0000000000000000     
   42.000000000000000       -1.0732206395036438E-016   0.0000000000000000     
   42.100000000000001       -2.7665713899169401E-015   0.0000000000000000     
   42.200000000000003       -2.6373018632279708E-015   0.0000000000000000     
   42.300000000000004        3.8712071572402433E-015   0.0000000000000000     
   42.400000000000006        3.2898933285628770E-015   0.0000000000000000     
   42.500000000000000        1.6149143331490302E-015   0.0000000000000000     
   42.600000000000001       -1.5823721825179788E-015   0.0000000000000000     
   42.700000000000003       -2.4694688888336195E-015   0.0000000000000000     
   42.800000000000004        2.0507851270148383E-015   0.0000000000000000     
   42.900000000000006       -1.3335615481390880E-015   0.0000000000000000     
   43.000000000000000       -3.7524918702289054E-015   0.0000000000000000     
   43.100000000000001        1.1522319717932142E-015   0.0000000000000000     
   43.200000000000003        1.6944066041331029E-015   0.0000000000000000     
   43.300000000000004       -1.6432268797874532E-016   0.0000000000000000     
   43.400000000000006        3.6663864826444636E-015   0.0000000000000000     
   43.500000000000000        7.6976666268037471E-016   0.0000000000000000     
   43.600000000000001       -2.8244264600896492E-015   0.0000000000000000     
   43.700000000000003       -1.8504968193315648E-015   0.0000000000000000     
   43.800000000000004       -6.3284526512635588E-016   0.0000000000000000     
   43.900000000000006        7.0641777219222706E-016   0.0000000000000000     
   44.000000000000000       -5.5906730141445277E-016   0.0000000000000000     
   44.100000000000001        1.5728311747725591E-015   0.0000000000000000     
   44.200000000000003        2.1392024973894842E-015   0.0000000000000000     
   44.300000000000004       -1.0838005917172943E-015   0.0000000000000000     
   44.400000000000006       -1.6108323453457214E-015   0.0000000000000000     
   44.500000000000000        1.7242312680818438E-017   0.0000000000000000     
   44.600000000000001        5.8886495929649075E-016   0.0000000000000000     
   44.700000000000003       -1.1648533062905305E-017   0.0000000000000000     
   44.800000000000004       -2.6837131496628410E-016   0.0000000000000000     
   44.900000000000006       -1.1020511305590876E-017   0.0000000000000000     
   45.000000000000000       -2.3091728312903410E-016   0.0000000000000000     
   45.100000000000001        1.2263132372331499E-015   0.0000000000000000     
   45.200000000000003        4.3841751854835057E-016   0.0000000000000000     
   45.300000000000004       -1.2452339335050812E-015   0.0000000000000000     
   45.400000000000006       -1.3938534004884107E-016   0.0000000000000000     
   45.500000000000000       -2.4113223222100694E-015   0.0000000000000000     
   45.600000000000001        1.3939582209428233E-015   0.0000000000000000     
   45.700000000000003        3.2354219521108783E-015   0.0000000000000000     
   45.800000000000004       -1.0633637336821352E-015   0.0000000000000000     
   45.900000000000006        8.1655619204347120E-016   0.0000000000000000     
   46.000000000000000       -1.2875878047504946E-015   0.0000000000000000     
   46.100000000000001       -2.0692758981763452E-015   0.0000000000000000     
   46.200000000000003        4.7697255730734323E-017   0.0000000000000000     
   46.300000000000004        4.6370221019420051E-016   0.0000000000000000     
   46.400000000000006        1.7209023270717047E-015   0.0000000000000000     
   46.500000000000000       -6.3486051704768474E-016   0.0000000000000000     
   46.600000000000001        3.3109909501974338E-016   0.0000000000000000     
   46.700000000000003        1.5096996086041725E-015   0.0000000000000000     
   46.800000000000004       -2.1948753720362026E-015   0.0000000000000000     
   46.900000000000006       -3.5064145271750340E-016   0.0000000000000000     
   47.000000000000000        8.7564342583321938E-016   0.0000000000000000     
   47.100000000000001       -1.4852043741962809E-015   0.0000000000000000     
   47.200000000000003        1.9513840960545412E-015   0.0000000000000000     
   47.300000000000004        1.0115807999022150E-015   0.0000000000000000     
   47.400000000000006       -2.2555047742185773E-015   0.0000000000000000     
   47.500000000000000       -1.1568734142368727E-015   0.0000000000000000     
   47.600000000000001       -1.4055899989367934E-016   0.0000000000000000     
   47.700000000000003        2.7253417743204163E-015   0.0000000000000000     
   47.800000000000004        1.1774822414781882E-015   0.0000000000000000     
   47.900000000000006        2.6711351846258861E-016   0.0000000000000000     
   48.000000000000000       -1.6742788480398795E-015   0.0000000000000000     
   48.100000000000001       -4.1768033222874850E-015   0.0000000000000000     
   48.200000000000003        2.0721347825319705E-015   0.0000000000000000     
   48.300000000000004        2.0926461474168202E-015   0.0000000000000000     
   48.400000000000006       -8.4692615022633306E-017   0.0000000000000000     
   48.500000000000000        1.0691466448433228E-015   0.0000000000000000     
   48.600000000000001       -5.5913250739568874E-016   0.0000000000000000     
   48.700000000000003       -1.2967158983882545E-015   0.0000000000000000     
   48.800000000000004       -1.4583796659750117E-015   0.0000000000000000     
   48.900000000000006       -3.6940965842861634E-017   0.0000000000000000     
   49.000000000000000        1.6385422712597541E-015   0.0000000000000000     
   49.100000000000001        1.6996729638988870E-015   0.0000000000000000     
   49.200000000000003       -7.5528469302662812E-016   0.0000000000000000     
   49.300000000000004       -9.0521097899863771E-016   0.0000000000000000     
   49.400000000000006        7.8391912108991644E-016   0.0000000000000000     
   49.500000000000000       -7.5922970605452290E-016   0.0000000000000000     
   49.600000000000001       -2.3557589335471538E-016   0.0000000000000000     
   49.700000000000003        9.4746299961191075E-017   0.0000000000000000     
   49.800000000000004       -1.4461935664107569E-016   0.0000000000000000     
   49.900000000000006        5.0654071924799070E-054   0.0000000000000000     
