   0.0000000000000000        2.2796440435802551E-004   0.0000000000000000     
  0.10000000000000001        2.5786606978567983E-004  -8.0556970845595924E-008
  0.20000000000000001        3.0243383829333520E-004   1.9952977520638267E-007
  0.30000000000000004        3.2018084144697979E-004  -2.8385935207553330E-007
  0.40000000000000002        4.1236660499895794E-004   1.3816874916040357E-007
  0.50000000000000000        4.5993509122031908E-004  -2.3559853659262308E-007
  0.60000000000000009        5.9125649103876799E-004   6.3350258883119970E-008
  0.70000000000000007        6.8509775757868638E-004  -1.9037758393823739E-007
  0.80000000000000004        8.4831794776938816E-004   3.3283742800952550E-010
  0.90000000000000002        9.9972918944240380E-004  -1.7338465990309149E-007
   1.0000000000000000        1.2133251560363359E-003  -5.7637643600701961E-008
   1.1000000000000001        1.4373370356364516E-003  -1.8038766739751198E-007
   1.2000000000000002        1.7237298036757416E-003  -1.1726866897958118E-007
   1.3000000000000000        2.0414651804548912E-003  -2.0952358754133664E-007
   1.4000000000000001        2.4282898529530673E-003  -1.8460697138314551E-007
   1.5000000000000000        2.8679416966823829E-003  -2.6097154892088770E-007
   1.6000000000000001        3.3894948075822075E-003  -2.6545097071562866E-007
   1.7000000000000002        3.9874792918842905E-003  -3.3661144700758005E-007
   1.8000000000000000        4.6862269051514875E-003  -3.6566696565979300E-007
   1.9000000000000001        5.4884683412357131E-003  -4.3976950306193380E-007
   2.0000000000000000        6.4165784227071445E-003  -4.9141329458472518E-007
   2.1000000000000001        7.4798575935427413E-003  -5.7501860285553571E-007
   2.2000000000000002        8.7006956424082252E-003  -6.4927871466931299E-007
   2.3000000000000003        1.0093970761359631E-002  -7.4800117057119888E-007
   2.4000000000000004        1.1683470582444214E-002  -8.4633629003660419E-007
   2.5000000000000000        1.3489055848397494E-002  -9.6524752968407569E-007
   2.6000000000000001        1.5536849605973126E-002  -1.0901118114019092E-006
   2.7000000000000002        1.7851312004677964E-002  -1.2339659341046270E-006
   2.8000000000000003        2.0461477574221572E-002  -1.3884639952665383E-006
   2.9000000000000004        2.3396090718916320E-002  -1.5617850234610155E-006
   3.0000000000000000        2.6687352683030550E-002  -1.7493736845925605E-006
   3.1000000000000001        3.0367930215792403E-002  -1.9564340285586269E-006
   3.2000000000000002        3.4473136940404617E-002  -2.1806404807956572E-006
   3.3000000000000003        3.9039060844336504E-002  -2.4253512826103789E-006
   3.4000000000000004        4.4103757472880721E-002  -2.6894877569005712E-006
   3.5000000000000000        4.9706022197220853E-002  -2.9752171066057644E-006
   3.6000000000000001        5.5885951589184413E-002  -3.2820804635987026E-006
   3.7000000000000002        6.2684066515939149E-002  -3.6114128672307746E-006
   3.8000000000000003        7.0141460114997931E-002  -3.9629642272733087E-006
   3.9000000000000004        7.8299093215083909E-002  -4.3374136359424696E-006
   4.0000000000000000        8.7197663566322706E-002  -4.7344385352730458E-006
   4.1000000000000005        9.6876969486318076E-002  -5.1541271523983407E-006
   4.2000000000000002       0.10737558615847838       -5.5958809522382157E-006
   4.2999999999999998       0.11873024210150909       -6.0591964779776659E-006
   4.4000000000000004       0.13097536170685686       -6.5430430580012612E-006
   4.5000000000000000       0.14414243186709508       -7.0462877368042605E-006
   4.6000000000000005       0.15825945707169992       -7.5673420928456787E-006
   4.7000000000000002       0.17335031627038541       -8.1043878118083513E-006
   4.8000000000000007       0.18943417217338906       -8.6551753447142572E-006
   4.9000000000000004       0.20652483463404175       -9.2171401851662436E-006
   5.0000000000000000       0.22463016548582529       -9.7872876029071062E-006
   5.1000000000000005       0.24375147624453358       -1.0362250940450477E-005
   5.2000000000000002       0.26388297118832194       -1.0938226281099352E-005
   5.3000000000000007       0.28501121482882302       -1.1511002164578079E-005
   5.4000000000000004       0.30711465708885644       -1.2075925035244196E-005
   5.5000000000000000       0.33016321001677507       -1.2627917647213865E-005
   5.6000000000000005       0.35411789847040032       -1.3161465945575197E-005
   5.7000000000000002       0.37893058592527684       -1.3670636971526226E-005
   5.8000000000000007       0.40454379110856503       -1.4149083635640031E-005
   5.9000000000000004       0.43089059942016095       -1.4590069749027491E-005
   6.0000000000000000       0.45789467996193928       -1.4986492757995691E-005
   6.1000000000000005       0.48547041211939201       -1.5330922201819866E-005
   6.2000000000000002       0.51352312828361601       -1.5615642846863420E-005
   6.3000000000000007       0.54194947482767764       -1.5832712492063870E-005
   6.4000000000000004       0.57063789378619822       -1.5974029450871995E-005
   6.5000000000000000       0.59946922437485839       -1.6031415471505493E-005
   6.6000000000000005       0.62831742258719414       -1.5996712107804060E-005
   6.7000000000000002       0.65705039438159141       -1.5861893850978886E-005
   6.8000000000000007       0.68553093647782837       -1.5619197163241175E-005
   6.9000000000000004       0.71361777643099078       -1.5261266849407583E-005
   7.0000000000000000       0.74116670197673640       -1.4781318638426165E-005
   7.1000000000000005       0.76803176763818692       -1.4173317353377436E-005
   7.2000000000000002       0.79406656502408834       -1.3432168033698690E-005
   7.3000000000000007       0.81912554165911444       -1.2553916721506395E-005
   7.4000000000000004       0.84306535196208210       -1.1535955682953409E-005
   7.5000000000000000       0.86574622291533854       -1.0377226497785961E-005
   7.6000000000000005       0.88703331624806769       -9.0784125943933552E-006
   7.7000000000000002       0.90679806849687394       -7.6421113951515588E-006
   7.8000000000000007       0.92491949020772357       -6.0729749596819712E-006
   7.9000000000000004       0.94128540576232245       -4.3778074082720674E-006
   8.0000000000000000       0.95579361589081735       -2.5656075660218032E-006
   8.0999999999999996       0.96835296584374930       -6.4754646140445434E-007
   8.2000000000000011       0.97888430344282185        1.3631282999335173E-006
   8.3000000000000007       0.98732131278248891        3.4512657289063143E-006
   8.4000000000000004       0.99361121118908013        5.6000620325476164E-006
   8.5000000000000000       0.99771529912206069        7.7913831408446501E-006
   8.5999999999999996       0.99960935498087611        1.0006148241622921E-005
   8.7000000000000011       0.99928386921318857        1.2224758404981355E-005
   8.8000000000000007       0.99674411465212831        1.4427550429566600E-005
   8.9000000000000004       0.99201005259066233        1.6595253799889880E-005
   9.0000000000000000       0.98511607667211565        1.8709428312423895E-005
   9.0999999999999996       0.97611059918834742        2.0752861670958456E-005
   9.2000000000000011       0.96505548677675235        2.2709909817317177E-005
   9.3000000000000007       0.95202535475133598        2.4566767557004322E-005
   9.4000000000000004       0.93710673134666056        2.6311662450705622E-005
   9.5000000000000000       0.92039710496396332        2.7934970387745490E-005
   9.6000000000000014       0.90200386905295515        2.9429256122920485E-005
   9.7000000000000011       0.88204318052087438        3.0789245973614123E-005
   9.8000000000000007       0.86063874851271338        3.2011742609773983E-005
   9.9000000000000004       0.83792057104540263        3.3095493401375618E-005
   10.000000000000000       0.81402363729983607        3.4041024226455811E-005
   10.100000000000001       0.78908661338146047        3.4850450193907435E-005
   10.200000000000001       0.76325052906296786        3.5527273639356082E-005
   10.300000000000001       0.73665748243565377        3.6076178268239348E-005
   10.400000000000000       0.70944937854187895        3.6502826639926151E-005
   10.500000000000000       0.68176671696365221        3.6813666517868670E-005
   10.600000000000001       0.65374744203313007        3.7015750029996529E-005
   10.700000000000001       0.62552586784166386        3.7116568217772092E-005
   10.800000000000001       0.59723168859121822        3.7123902385706825E-005
   10.900000000000000       0.56898908309251994        3.7045692756889006E-005
   11.000000000000000       0.54091592040560998        3.6889924229335857E-005
   11.100000000000001       0.51312307177864747        3.6664528538774921E-005
   11.200000000000001       0.48571383220547820        3.6377301788749048E-005
   11.300000000000001       0.45878345312729296        3.6035836117277603E-005
   11.400000000000000       0.43241878607876899        3.5647464168254999E-005
   11.500000000000000       0.40669803545520344        3.5219215021084809E-005
   11.600000000000001       0.38169061707726848        3.4757780267850080E-005
   11.700000000000001       0.35745711787651707        3.4269488999306013E-005
   11.800000000000001       0.33404935083320048        3.3760290557121971E-005
   11.900000000000000       0.31151049828116967        3.3235744012023949E-005
   12.000000000000000       0.28987533585980985        3.2701013436357025E-005
   12.100000000000001       0.26917052874379660        3.2160868142317017E-005
   12.200000000000001       0.24941499131711731        3.1619687153437568E-005
   12.300000000000001       0.23062030117388410        3.1081467266163760E-005
   12.400000000000000       0.21279115821683658        3.0549834133472623E-005
   12.500000000000000       0.19592587967445141        3.0028055872413854E-005
   12.600000000000001       0.18001692205565670        2.9519058751527569E-005
   12.700000000000001       0.16505142139191686        2.9025444564557087E-005
   12.800000000000001       0.15101174356295066        2.8549509333322887E-005
   12.900000000000000       0.13787603704683724        2.8093263016572162E-005
   13.000000000000000       0.12561878105909521        2.7658449924950092E-005
   13.100000000000001       0.11421132273021463        2.7246569564135611E-005
   13.200000000000001       0.10362239769906995        2.6858897642402364E-005
   13.300000000000001        9.3818629253058214E-002   2.6496506993748580E-005
   13.400000000000000        8.4765001908817444E-002   2.6160288176441779E-005
   13.500000000000000        7.6425306084825201E-002   2.5850969518840334E-005
   13.600000000000001        6.8762551255657278E-002   2.5569136391399811E-005
   13.700000000000001        6.1739345685897985E-002   2.5315249495715480E-005
   13.800000000000001        5.5318241509259840E-002   2.5089661970182317E-005
   13.900000000000000        4.9462044537671696E-002   2.4892635126331896E-005
   14.000000000000000        4.4134088749641656E-002   2.4724352642151112E-005
   14.100000000000001        3.9298475912410792E-002   2.4584933058057931E-005
   14.200000000000001        3.4920281235850427E-002   2.4474440438175826E-005
   14.300000000000001        3.0965726335971559E-002   2.4392893085159082E-005
   14.400000000000000        2.7402321103056303E-002   2.4340270219144228E-005
   14.500000000000000        2.4198976324644052E-002   2.4316516563622917E-005
   14.600000000000001        2.1326089109807857E-002   2.4321544808886779E-005
   14.700000000000001        1.8755603301513001E-002   2.4355235961718938E-005
   14.800000000000001        1.6461047152401785E-002   2.4417437622980128E-005
   14.900000000000000        1.4417550581178898E-002   2.4507960276592185E-005
   15.000000000000000        1.2601844325958636E-002   2.4626571710515935E-005
   15.100000000000001        1.0992243274063909E-002   2.4772989732783539E-005
   15.200000000000001        9.5686161785801180E-003   2.4946873384628391E-005
   15.300000000000001        8.3123438772562501E-003   2.5147812892299519E-005
   15.400000000000000        7.2062680128074765E-003   2.5375318636073673E-005
   15.500000000000000        6.2346321213766903E-003   2.5628809447686480E-005
   15.600000000000001        5.3830168113750713E-003   2.5907600577320942E-005
   15.700000000000001        4.6382706030798134E-003   2.6210891692778502E-005
   15.800000000000001        3.9884378433202271E-003   2.6537755291097064E-005
   15.900000000000000        3.4226849532337845E-003   2.6887125908505015E-005
   16.000000000000000        2.9312261126874257E-003   2.7257790515392875E-005
   16.100000000000001        2.5052493353450440E-003   2.7648380468944165E-005
   16.199999999999999        2.1368437454306129E-003   2.8057365376275967E-005
   16.300000000000001        1.8189287322454273E-003   2.8483049185740741E-005
   16.400000000000002        1.5451855330946068E-003   2.8923568782206793E-005
   16.500000000000000        1.3099916797960527E-003   2.9376895306535867E-005
   16.600000000000001        1.1083586392174533E-003   2.9840838357996423E-005
   16.699999999999999        9.3587288446167656E-004   3.0313053165975494E-005
   16.800000000000001        7.8864055003487698E-004   3.0791050742733248E-005
   16.900000000000002        6.6323575203694452E-004   3.1272210946612637E-005
   17.000000000000000        5.5665259189602290E-004   3.1753798306971891E-005
   17.100000000000001        4.6626080962117341E-004   3.2232980380190081E-005
   17.199999999999999        3.8976500869944880E-004   3.2706848335545002E-005
   17.300000000000001        3.2516733950554121E-004   3.3172439400092558E-005
   17.400000000000002        2.7073350024525261E-004   3.3626760740039179E-005
   17.500000000000000        2.2496189326969937E-004   3.4066814310010619E-005
   17.600000000000001        1.8655575971830907E-004   3.4489622177439866E-005
   17.699999999999999        1.5439810556817362E-004   3.4892251814794877E-005
   17.800000000000001        1.2752922692439752E-004   3.5271840860712075E-005
   17.900000000000002        1.0512664089735431E-004   3.5625620870015317E-005
   18.000000000000000        8.6487230359856597E-005   3.5950939612658512E-005
   18.100000000000001        7.1011414964541138E-005   3.6245281530554473E-005
   18.199999999999999        5.8189167556256645E-005   3.6506286025430465E-005
   18.300000000000001        4.7587702850836868E-005   3.6731763320883773E-005
   18.400000000000002        3.8840674685075489E-005   3.6919707718580520E-005
   18.500000000000000        3.1638727960033722E-005   3.7068308146598520E-005
   18.600000000000001        2.5721261963614714E-005   3.7175955974308431E-005
   18.699999999999999        2.0869272449004688E-005   3.7241250140396689E-005
   18.800000000000001        1.6899150433862384E-005   3.7262999705041612E-005
   18.900000000000002        1.3657326339198071E-005   3.7240223992276349E-005
   19.000000000000000        1.1015658085579954E-005   3.7172150533135730E-005
   19.100000000000001        8.8674716375868767E-006   3.7058211051917204E-005
   19.200000000000003        7.1241716061486145E-006   3.6898035759496802E-005
   19.300000000000001        5.7123482734177596E-006   3.6691446225924231E-005
   19.400000000000002        4.5713152972610069E-006   3.6438447105234603E-005
   19.500000000000000        3.6510199748752693E-006   3.6139216974311999E-005
   19.600000000000001        2.9102745866060337E-006   3.5794098533514338E-005
   19.700000000000003        2.3152636333364345E-006   3.5403588393062476E-005
   19.800000000000001        1.8382873746052997E-006   3.4968326647096146E-005
   19.900000000000002        1.4567071030279453E-006   3.4489086408559603E-005
   20.000000000000000        1.1520621825405531E-006   3.3966763453987217E-005
   20.100000000000001        9.0933275568829362E-007   3.3402366099429292E-005
   20.200000000000003        7.1632580016057375E-007   3.2797005406602247E-005
   20.300000000000001        5.6316516799164553E-007   3.2151885795090487E-005
   20.400000000000002        4.4186911949816645E-007   3.1468296118167141E-005
   20.500000000000000        3.4600122974628792E-007   3.0747601241933595E-005
   20.600000000000001        2.7038265068777794E-007   2.9991234153884214E-005
   20.700000000000003        2.1085558838176376E-007   2.9200688613759196E-005
   20.800000000000001        1.6408929817363538E-007   2.8377512350399102E-005
   20.900000000000002        1.2742140660234599E-007   2.7523300798381033E-005
   21.000000000000000        9.8728426728328432E-008   2.6639691362919815E-005
   21.100000000000001        7.6320383057888188E-008   2.5728358194071048E-005
   21.200000000000003        5.8855195679181285E-008   2.4791007448828308E-005
   21.300000000000001        4.5269377501070404E-008   2.3829373013990842E-005
   21.400000000000002        3.4722031363884889E-008   2.2845212662797968E-005
   21.500000000000000        2.6549670008708224E-008   2.1840304613684792E-005
   21.600000000000001        2.0229917792637378E-008   2.0816444461134542E-005
   21.700000000000003        1.5352379150617495E-008   1.9775442445420809E-005
   21.800000000000001        1.1595318022752366E-008   1.8719121030144472E-005
   21.900000000000002        8.7070404376357363E-009   1.7649312754240810E-005
   22.000000000000000        6.4910689927723478E-009   1.6567858327701438E-005
   22.100000000000001        4.7943409225419647E-009   1.5476604938373488E-005
   22.200000000000003        3.4978853962679054E-009   1.4377404739852466E-005
   22.300000000000001        2.5094098955549910E-009   1.3272113489044203E-005
   22.400000000000002        1.7574732036393942E-009   1.2162589304132315E-005
   22.500000000000000        1.1868891693114468E-009   1.1050691512782448E-005
   22.600000000000001        7.5512024535061925E-010   9.9382795620700695E-006
   22.700000000000003        4.2944829810670070E-010   8.8272119608578387E-006
   22.800000000000001        1.8474442903102216E-010   7.7193452267961350E-006
   22.900000000000002        1.7718708674246714E-012   6.6165328091689128E-006
   23.000000000000000       -1.3417941010999168E-010   5.5206239604536961E-006
   23.100000000000001       -2.3433806993764653E-010   4.4334625278304414E-006
   23.200000000000003       -3.0724593582715842E-010   3.3568856379931045E-006
   23.300000000000001       -3.5940157068045359E-010   2.2927222466417169E-006
   23.400000000000002       -3.9572349265725055E-010   1.2427915260022793E-006
   23.500000000000000       -4.1994733763837647E-010   2.0890106220418318E-007
   23.600000000000001       -4.3488704577306905E-010  -8.0715516417668140E-007
   23.700000000000003       -4.4267312760822315E-010  -1.8035990417479987E-006
   23.800000000000001       -4.4489938460600455E-010  -2.7786708624252708E-006
   23.900000000000002       -4.4278329622110128E-010  -3.7306321519217584E-006
   24.000000000000000       -4.3722589212278533E-010  -4.6577688217147662E-006
   24.100000000000001       -4.2891141790258175E-010  -5.5583946656663731E-006
   24.200000000000003       -4.1835819891108294E-010  -6.4308552239198537E-006
   24.300000000000001       -4.0595325139899075E-010  -7.2735320330292493E-006
   24.400000000000002       -3.9200094599493849E-010  -8.0848472801358739E-006
   24.500000000000000       -3.7671808500814371E-010  -8.8632688740919173E-006
   24.600000000000001       -3.6029451642421110E-010  -9.6073159435122900E-006
   24.700000000000003       -3.4286879145703911E-010  -1.0315564766003983E-005
   24.800000000000001       -3.2454957335236753E-010  -1.0986655127179572E-005
   24.900000000000002       -3.0544628103015837E-010  -1.1619297101462403E-005
   25.000000000000000       -2.8563422748000233E-010  -1.2212278238489539E-005
   25.100000000000001       -2.6519429714595569E-010  -1.2764471130110522E-005
   25.200000000000003       -2.4420019720316204E-010  -1.3274841323387571E-005
   25.300000000000001       -2.2271719014032108E-010  -1.3742455533119098E-005
   25.400000000000002       -2.0082137036654328E-010  -1.4166490096466776E-005
   25.500000000000000       -1.7857635063434873E-010  -1.4546239598251793E-005
   25.600000000000001       -1.5605987279036317E-010  -1.4881125582639865E-005
   25.700000000000003       -1.3334470573235725E-010  -1.5170705252193273E-005
   25.800000000000001       -1.1050642427753518E-010  -1.5414680040888939E-005
   25.900000000000002       -8.7631326714219938E-011  -1.5612903933353545E-005
   26.000000000000000       -6.4796218395771129E-011  -1.5765391388335145E-005
   26.100000000000001       -4.2095450008180790E-011  -1.5872324711462464E-005
   26.200000000000003       -1.9612974826315929E-011  -1.5934060710893317E-005
   26.300000000000001        2.5573703754832329E-012  -1.5951136459343920E-005
   26.400000000000002        2.4317744626366191E-011  -1.5924273980053213E-005
   26.500000000000000        4.5580633722074129E-011  -1.5854383669521176E-005
   26.600000000000001        6.6242983355466411E-011  -1.5742566271623755E-005
   26.700000000000003        8.6213511705152870E-011  -1.5590113221789181E-005
   26.800000000000001        1.0539670020068220E-010  -1.5398505191082209E-005
   26.900000000000002        1.2370112065414554E-010  -1.5169408675796620E-005
   27.000000000000000        1.4103835020377292E-010  -1.4904670500538062E-005
   27.100000000000001        1.5732248112388282E-010  -1.4606310131325259E-005
   27.200000000000003        1.7247814530418439E-010  -1.4276509729971985E-005
   27.300000000000001        1.8643045662669251E-010  -1.3917601921812719E-005
   27.400000000000002        1.9911641095515726E-010  -1.3532055295120769E-005
   27.500000000000000        2.1048159271189882E-010  -1.3122457701143866E-005
   27.600000000000001        2.2047916615036776E-010  -1.2691497478252087E-005
   27.700000000000003        2.2907621039133069E-010  -1.2241942779480086E-005
   27.800000000000001        2.3624790595430448E-010  -1.1776619239605162E-005
   27.900000000000002        2.4198537373169961E-010  -1.1298386272337855E-005
   28.000000000000000        2.4628987502697156E-010  -1.0810112339410177E-005
   28.100000000000001        2.4917348604076686E-010  -1.0314649578209105E-005
   28.200000000000003        2.5066784928563701E-010  -9.8148082115317722E-006
   28.300000000000001        2.5081088889412432E-010  -9.3133311896606372E-006
   28.400000000000002        2.4965151385393928E-010  -8.8128695299090500E-006
   28.500000000000000        2.4725894822269079E-010  -8.3159588199232578E-006
   28.600000000000001        2.4370385459657347E-010  -7.8249973385629727E-006
   28.700000000000003        2.3906843322337082E-010  -7.3422262205568907E-006
   28.800000000000001        2.3344559182872982E-010  -6.8697120494784394E-006
   28.900000000000002        2.2693465726609204E-010  -6.4093322086611310E-006
   29.000000000000000        2.1963569298649872E-010  -5.9627632527877440E-006
   29.100000000000001        2.1165524504273593E-010  -5.5314724868834510E-006
   29.200000000000003        2.0310431993503322E-010  -5.1167128563892689E-006
   29.300000000000001        1.9408819877311072E-010  -4.7195211659415719E-006
   29.400000000000002        1.8471396222289917E-010  -4.3407195578578558E-006
   29.500000000000000        1.7508553723565180E-010  -3.9809200985623021E-006
   29.600000000000001        1.6530244748449270E-010  -3.6405322449316877E-006
   29.700000000000003        1.5545732395519228E-010  -3.3197728961298344E-006
   29.800000000000001        1.4563729892814900E-010  -3.0186786823617715E-006
   29.900000000000002        1.3592127675811234E-010  -2.7371201018558048E-006
   30.000000000000000        1.2638151872478128E-010  -2.4748170925534845E-006
   30.100000000000001        1.1708066215725971E-010  -2.2313556154076701E-006
   30.200000000000003        1.0807018019769593E-010  -2.0062048317859147E-006
   30.300000000000001        9.9399732103881065E-011  -1.7987344764419894E-006
   30.400000000000002        9.1103326268636916E-011  -1.6082320585481192E-006
   30.500000000000000        8.3208897784126126E-011  -1.4339195636758845E-006
   30.600000000000001        7.5741480909184626E-011  -1.2749693766532186E-006
   30.700000000000003        6.8709015689557373E-011  -1.1305191968073272E-006
   30.800000000000001        6.2123514478052195E-011  -9.9968576964992190E-007
   30.900000000000002        5.5985929471864425E-011  -8.8157731091228722E-007
   31.000000000000000        5.0286970855491009E-011  -7.7530454787358467E-007
   31.100000000000001        4.5026006078357721E-011  -6.7999034677783044E-007
   31.200000000000003        4.0187414686100493E-011  -5.9477793406489173E-007
   31.300000000000001        3.5753111193753060E-011  -5.1883775121938116E-007
   31.400000000000002        3.1710591499731853E-011  -4.5137300872623308E-007
   31.500000000000000        2.8038777468322452E-011  -3.9162402433739730E-007
   31.600000000000001        2.4714390601207996E-011  -3.3887144434952091E-007
   31.700000000000003        2.1717992934737613E-011  -2.9243845521173483E-007
   31.800000000000001        1.9028309875840634E-011  -2.5169209697218993E-007
   31.900000000000002        1.6620410114839989E-011  -2.1604379067933321E-007
   32.000000000000000        1.4473967302399344E-011  -1.8494918956345264E-007
   32.100000000000001        1.2567793635001397E-011  -1.5790745943962022E-007
   32.200000000000003        1.0879555929969572E-011  -1.3446008781753177E-007
   32.300000000000004        9.3911253236372962E-012  -1.1418931398050790E-007
   32.399999999999999        8.0822317115523125E-012  -9.6716264558738926E-008
   32.500000000000000        6.9349592469425471E-012  -8.1698870804170632E-008
   32.600000000000001        5.9340600352557224E-012  -6.8829635306547961E-008
   32.700000000000003        5.0626202695288548E-012  -5.7833307559798914E-008
   32.800000000000004        4.3062063178435161E-012  -4.8464519501162872E-008
   32.899999999999999        3.6525331765036667E-012  -4.0505424323251675E-008
   33.000000000000000        3.0895921230792462E-012  -3.3763374455849888E-008
   33.100000000000001        2.6054756567665897E-012  -2.8068667737760801E-008
   33.200000000000003        2.1905896387425829E-012  -2.3272384563576410E-008
   33.300000000000004        1.8371498128838288E-012  -1.9244333171588348E-008
   33.399999999999999        1.5364228642180984E-012  -1.5871115328938284E-008
   33.500000000000000        1.2805945400123609E-012  -1.3054320355152170E-008
   33.600000000000001        1.0643653645956817E-012  -1.0708851773326287E-008
   33.700000000000003        8.8306542377832853E-013  -8.7613878074684758E-009
   33.800000000000004        7.2997672609635178E-013  -7.1489744129644656E-009
   33.899999999999999        6.0092706445139022E-013  -5.8177474859096914E-009
   34.000000000000000        4.9454414582519784E-013  -4.7217792731542023E-009
   34.100000000000001        4.0580988739367442E-013  -3.8220428485735715E-009
   34.200000000000003        3.3089659984066846E-013  -3.0854876153753440E-009
   34.300000000000004        2.6971442373218314E-013  -2.4842182218262347E-009
   34.399999999999999        2.1990596274711716E-013  -1.9947690216201096E-009
   34.500000000000000        1.7791104890228573E-013  -1.5974660831633258E-009
   34.600000000000001        1.4333739507006786E-013  -1.2758688247075086E-009
   34.700000000000003        1.1591732365825647E-013  -1.0162835888946640E-009
   34.800000000000004        9.3414409670289076E-014  -8.0734180166327284E-010
   34.899999999999999        7.4546619599046272E-014  -6.3963573280581161E-010
   35.000000000000000        5.9184169067023422E-014  -5.0540535114817754E-010
   35.100000000000001        4.7797734564043556E-014  -3.9827024834230176E-010
   35.200000000000003        3.8204207700228814E-014  -3.1300108855877908E-010
   35.300000000000004        2.9190170990649121E-014  -2.4532556758907455E-010
   35.399999999999999        2.3742692796923780E-014  -1.9176429828165126E-010
   35.500000000000000        1.9250664035735819E-014  -1.4949257867560154E-010
   35.600000000000001        1.4093940521219410E-014  -1.1622442569473323E-010
   35.700000000000003        1.1420189998382023E-014  -9.0115606997086539E-011
   35.800000000000004        9.2314018367626826E-015  -6.9682921128788556E-011
   35.899999999999999        6.9964638300892669E-015  -5.3737239081271157E-011
   36.000000000000000        5.3319289006520204E-015  -4.1328142440728100E-011
   36.100000000000001        3.8869594466185671E-015  -3.1698365090931917E-011
   36.200000000000003        3.8135766424845306E-015  -2.4246393946587891E-011
   36.300000000000004        2.4416585255036417E-015  -1.8495904918669501E-011
   36.399999999999999        1.2024186551057178E-015  -1.4070876517260605E-011
   36.500000000000000        2.2534113632318600E-015  -1.0675359611146015E-011
   36.600000000000001        1.1477652366275618E-015  -8.0771531059918822E-012
   36.700000000000003        1.1507955633940325E-016  -6.0946340993049791E-012
   36.800000000000004        1.2449698362328397E-015  -4.5861561735395558E-012
   36.899999999999999        5.8194173759058266E-016  -3.4416033131170267E-012
   37.000000000000000       -7.9023150372244245E-017  -2.5756283714942069E-012
   37.100000000000001        5.3588349162432989E-016  -1.9222697739728767E-012
   37.200000000000003        2.5139863667965576E-016  -1.4307144655947501E-012
   37.300000000000004        6.9836440798516752E-017  -1.0619345059616396E-012
   37.399999999999999        1.7678310021814829E-016  -7.8604205727684782E-013
   37.500000000000000       -7.5705477678723010E-017  -5.8022516914535849E-013
   37.600000000000001        2.3728234776783312E-016  -4.2712058924124113E-013
   37.700000000000003        2.2634238532354224E-016  -3.1354950578039414E-013
   37.800000000000004       -4.5707657008009852E-016  -2.2954348476189605E-013
   37.899999999999999        1.7174073231023973E-016  -1.6758106465493198E-013
   38.000000000000000        5.9641744063118014E-016  -1.2200314207146723E-013
   38.100000000000001       -6.2356889492386762E-016  -8.8574357089335039E-014
   38.200000000000003       -1.8421972107102737E-016  -6.4128468327055533E-014
   38.300000000000004        8.5475899254621087E-016  -4.6299240702961608E-014
   38.400000000000006       -4.1044850981498339E-016  -3.3335209442764084E-014
   38.500000000000000       -5.4331595514115755E-016  -2.3937769462257645E-014
   38.600000000000001        7.4765122818917581E-016  -1.7139649666996019E-014
   38.700000000000003        8.0994165527372941E-017  -1.2235499809073105E-014
   38.800000000000004       -6.9035326417564604E-016  -8.7106900822865152E-015
   38.900000000000006        1.6537390656063913E-016  -6.1840725408578033E-015
   39.000000000000000        6.0220305752763690E-016  -4.3784623845065313E-015
   39.100000000000001       -2.8881198019707140E-016  -3.0925721018044094E-015
   39.200000000000003       -5.9883466437814663E-016  -2.1795491392567047E-015
   39.300000000000004        5.7551554564918179E-016  -1.5305730247326099E-015
   39.400000000000006        3.8632022804641840E-016  -1.0685351075250017E-015
   39.500000000000000       -8.8284381182619038E-016  -7.4517287780837067E-016
   39.600000000000001        1.8854090387865677E-016  -5.2041097187714997E-016
   39.700000000000003        8.1740913680557902E-016  -3.6058736973768628E-016
   39.800000000000004       -7.7558389566387118E-016  -2.5018285139806977E-016
   39.900000000000006       -3.3407443688783877E-016  -1.7497262397951763E-016
   40.000000000000000        9.5369231552094944E-016  -1.1903117213886803E-016
   40.100000000000001       -1.9784917577920126E-016  -7.9711003640234624E-017
   40.200000000000003       -7.0227206116326464E-016  -5.5523947359238943E-017
   40.300000000000004        4.7705796647992897E-016  -3.8202282002027929E-017
   40.400000000000006        2.6427139031421577E-016  -2.5296792973901444E-017
   40.500000000000000       -4.7869739728712691E-016  -1.8367421607352926E-017
   40.600000000000001        1.7404046157552728E-016  -1.3433786865422106E-017
   40.700000000000003        2.4838855895917894E-016  -7.5989752983765309E-018
   40.800000000000004       -4.4178182895628172E-016  -4.4243579906612141E-018
   40.900000000000006        1.3111993745487231E-016  -3.4026854978371750E-018
   41.000000000000000        3.1839660888067365E-016  -1.6369160272093247E-018
   41.100000000000001       -3.5287797136319779E-016  -2.1393751393255549E-018
   41.200000000000003        1.5786079845666350E-016  -2.9243877318995652E-018
   41.300000000000004        7.2792294492171311E-017  -4.1419379020987449E-019
   41.400000000000006       -5.0025386809770037E-016   3.3288593671924804E-019
   41.500000000000000        5.6424600520898402E-016  -8.5500642470614673E-021
   41.600000000000001        2.5868967590020924E-016   1.0714378775876711E-018
   41.700000000000003       -9.0632057045056816E-016  -1.0190374337869984E-018
   41.800000000000004        3.6069378875256405E-016  -2.1839602649089614E-018
   41.900000000000006        5.2816827627362981E-016   8.2570401767746783E-019
   42.000000000000000       -6.8374640347150703E-016   8.6146503276976911E-019
   42.100000000000001        2.2584285498383897E-016  -2.2559161701168317E-019
   42.200000000000003        3.9484387742836829E-016   7.5634955339742679E-019
   42.300000000000004       -6.6050458844869758E-016  -5.3157167825159040E-019
   42.400000000000006        1.1127769255194109E-016  -1.1878328207489540E-018
   42.500000000000000        5.4362022715675588E-016   5.9824622164452455E-019
   42.600000000000001       -2.8905472503840532E-016   4.0768237231633212E-019
   42.700000000000003       -2.4660010845561948E-016  -1.1091391327493597E-019
   42.800000000000004        9.7376398627361255E-017   2.0089264254931337E-019
   42.900000000000006        1.4397982091088973E-016  -3.1656295453155900E-019
   43.000000000000000        8.4958673060273774E-017  -4.6184157966414017E-021
   43.100000000000001       -1.6728580568707112E-016   2.7519891129780922E-019
   43.200000000000003       -3.0613729863210416E-017  -3.6695165961985496E-019
   43.300000000000004        4.1433926851052510E-017   4.8256221205572179E-020
   43.400000000000006       -1.0062195626609056E-016   2.0834028779297873E-019
   43.500000000000000        2.5303683926126666E-016  -2.8885613039117890E-019
   43.600000000000001        7.9575643922890157E-017   2.0949221242667854E-019
   43.700000000000003       -4.4376433839286763E-016   2.8996586107089026E-019
   43.800000000000004        5.7157616429464449E-017  -1.8971171514226863E-019
   43.900000000000006        3.2725937780341896E-016  -8.4803951483199787E-020
   44.000000000000000       -8.9318262233245361E-017  -2.5554296625890358E-019
   44.100000000000001       -7.9744734854723253E-018  -2.0773273887597979E-019
   44.200000000000003       -7.7899822020730898E-017   3.6956398870134516E-019
   44.300000000000004       -2.3588911947323254E-016   3.3392584533436238E-019
   44.400000000000006        2.9895870816544378E-016   2.7175464697400350E-019
   44.500000000000000        2.2437171549075547E-016  -2.4146290301368536E-020
   44.600000000000001       -3.5232485467920654E-016  -1.0900882813458299E-018
   44.700000000000003        1.0094336946024651E-017  -5.9417743096944737E-019
   44.800000000000004        1.4520555727418142E-016   1.1419549256312985E-018
   44.900000000000006       -2.8819577186193168E-016   8.6920516130145656E-019
   45.000000000000000        2.2576036464662185E-016  -2.3707043842358371E-019
   45.100000000000001        4.0243380519164589E-016  -2.5458124479203466E-019
   45.200000000000003       -5.4123153229842665E-016  -8.3237823982567565E-019
   45.300000000000004       -2.3287237119277001E-016  -9.0290044482107169E-019
   45.400000000000006        5.8504688344923029E-016   1.1627040653653015E-018
   45.500000000000000       -1.5678555157257606E-016   1.5155721405958958E-018
   45.600000000000001       -2.9345607412941469E-016  -6.4937718774753155E-019
   45.700000000000003        5.2510443180338315E-016  -9.0199155778431303E-019
   45.800000000000004       -1.5640439778984272E-016  -3.6989754600542492E-020
   45.900000000000006       -6.1954858016952980E-016  -3.7291155282032496E-019
   46.000000000000000        4.4273923582291506E-016   2.4720881802618303E-019
   46.100000000000001        3.8704151343207022E-016   1.0588364001097689E-018
   46.200000000000003       -3.6234911967995383E-016   2.0554057849114141E-020
   46.300000000000004       -1.5798994193076027E-017  -6.0613194331529607E-019
   46.400000000000006        2.6933339791069863E-017  -2.7107286543191109E-019
   46.500000000000000       -2.4339335122670216E-016  -2.5067339748473814E-019
   46.600000000000001        2.3113710814906166E-016   1.4202057694251393E-019
   46.700000000000003        2.8674162267612913E-016   4.0517603478302158E-019
   46.800000000000004       -1.7506603849025877E-016   2.2233710308570453E-019
   46.900000000000006       -1.9036995275716344E-016   3.0708939619908749E-019
   47.000000000000000       -1.1670818841430050E-016  -4.0294549913839862E-019
   47.100000000000001        7.9267569008679716E-017  -9.4349211343278677E-019
   47.200000000000003        3.4913522163670870E-016   2.1142976950389337E-019
   47.300000000000004       -1.4749237950866315E-017   5.9912660973926484E-019
   47.400000000000006       -3.1063590427075899E-016   1.0366301058847833E-019
   47.500000000000000        6.1409716573861738E-018   5.0237251525953272E-019
   47.600000000000001        6.1809399312274708E-017  -1.4376819937435065E-019
   47.700000000000003       -6.7279275800913924E-017  -1.2226809281446771E-018
   47.800000000000004        1.5517256981764114E-016  -1.9980431525667489E-019
   47.900000000000006        2.0140197225378847E-016   7.5466106194984526E-019
   48.000000000000000       -1.6096621927595444E-016   6.2252472200254071E-019
   48.100000000000001       -3.3666206103404475E-016   5.0034842447093620E-019
   48.200000000000003       -1.0927612325066877E-017  -7.0805170793617890E-019
   48.300000000000004        3.3543905492682985E-016  -1.3474231941049798E-018
   48.400000000000006        1.7230888406853403E-016   3.2756627982241766E-019
   48.500000000000000       -1.1484922204213788E-016   1.0025111345393271E-018
   48.600000000000001       -1.5489868011956901E-016   2.5599656145688983E-019
   48.700000000000003       -2.4395004696173249E-016   1.8966239896072511E-019
   48.800000000000004       -6.2021674323701215E-017  -6.4791365100158539E-019
   48.900000000000006        5.3664300262206630E-016  -1.1871215977870498E-018
   49.000000000000000        3.5240611530231019E-016   6.6639397793065352E-019
   49.100000000000001       -6.0372921074242973E-016   1.2808483610653374E-018
   49.200000000000003       -5.3984055541490821E-016  -4.5312614368639160E-019
   49.300000000000004        4.5419341864327251E-016  -6.5613249585110927E-019
   49.400000000000006        5.0945473423183512E-016   2.8190066336400156E-019
   49.500000000000000       -2.1921866525429122E-016   3.3933894493871640E-020
   49.600000000000001       -2.8069140000247670E-016  -2.4908322458176503E-019
   49.700000000000003       -2.1639974704095853E-017   2.6574348543203431E-019
   49.800000000000004        4.3813654030490544E-017   3.3649057914418065E-019
   49.900000000000006        5.0654071924799070E-054  -1.9364359572660646E-019
