   0.0000000000000000       -2.0144919025690776E-016   0.0000000000000000     
  0.10000000000000001       -1.6209386486537827E-015   0.0000000000000000     
  0.20000000000000001       -2.2918402895563120E-015   0.0000000000000000     
  0.30000000000000004       -1.9412485915566273E-015   0.0000000000000000     
  0.40000000000000002        6.1586764713458663E-016   0.0000000000000000     
  0.50000000000000000        1.1208621802413763E-015   0.0000000000000000     
  0.60000000000000009        5.6861962098649278E-016   0.0000000000000000     
  0.70000000000000007        1.5717596418263887E-015   0.0000000000000000     
  0.80000000000000004       -5.0738567567435512E-016   0.0000000000000000     
  0.90000000000000002       -1.1285986269841002E-015   0.0000000000000000     
   1.0000000000000000        6.1730608955788772E-016   0.0000000000000000     
   1.1000000000000001       -1.5303562474562768E-016   0.0000000000000000     
   1.2000000000000002       -1.1019956822536572E-015   0.0000000000000000     
   1.3000000000000000       -9.0864007733540427E-016   0.0000000000000000     
   1.4000000000000001        5.7662638516261936E-016   0.0000000000000000     
   1.5000000000000000        1.4336397741009567E-015   0.0000000000000000     
   1.6000000000000001        1.4195334452378211E-016   0.0000000000000000     
   1.7000000000000002       -5.0323837847516931E-016   0.0000000000000000     
   1.8000000000000000       -4.4582172497705559E-016   0.0000000000000000     
   1.9000000000000001        4.3447996569639790E-016   0.0000000000000000     
   2.0000000000000000        2.0529255227295911E-016   0.0000000000000000     
   2.1000000000000001       -1.2081005554524478E-015   0.0000000000000000     
   2.2000000000000002        7.4855755554319130E-016   0.0000000000000000     
   2.3000000000000003        1.2364840957699442E-015   0.0000000000000000     
   2.4000000000000004       -1.2668052524378552E-015   0.0000000000000000     
   2.5000000000000000       -7.7467729897138532E-016   0.0000000000000000     
   2.6000000000000001        2.2615208230966493E-016   0.0000000000000000     
   2.7000000000000002       -2.1379595063407159E-016   0.0000000000000000     
   2.8000000000000003       -2.0032280021777544E-016   0.0000000000000000     
   2.9000000000000004        5.6361555420114076E-016   0.0000000000000000     
   3.0000000000000000        1.4651615557691625E-015   0.0000000000000000     
   3.1000000000000001        1.0042812047951356E-015   0.0000000000000000     
   3.2000000000000002       -1.4814615641240438E-016   0.0000000000000000     
   3.3000000000000003       -1.5726567560563605E-015   0.0000000000000000     
   3.4000000000000004       -2.2166053000388770E-015   0.0000000000000000     
   3.5000000000000000       -4.6781790575063612E-016   0.0000000000000000     
   3.6000000000000001        9.8624795343131614E-016   0.0000000000000000     
   3.7000000000000002        9.9792261695045067E-016   0.0000000000000000     
   3.8000000000000003        1.0936600041337803E-015   0.0000000000000000     
   3.9000000000000004        6.7075635468436674E-016   0.0000000000000000     
   4.0000000000000000       -3.3523498771472914E-016   0.0000000000000000     
   4.1000000000000005        4.4765803399387420E-017   0.0000000000000000     
   4.2000000000000002       -6.3396019599445750E-017   0.0000000000000000     
   4.2999999999999998       -2.1713363143710875E-015   0.0000000000000000     
   4.4000000000000004       -9.2323868408985492E-016   0.0000000000000000     
   4.5000000000000000        1.5229826738365326E-015   0.0000000000000000     
   4.6000000000000005        3.1240113607890258E-016   0.0000000000000000     
   4.7000000000000002        3.7777829143374085E-016   0.0000000000000000     
   4.8000000000000007        1.0196400670131377E-015   0.0000000000000000     
   4.9000000000000004       -1.7822892746937612E-017   0.0000000000000000     
   5.0000000000000000       -7.0626017550556462E-016   0.0000000000000000     
   5.1000000000000005       -1.3887912463257750E-015   0.0000000000000000     
   5.2000000000000002       -2.5172692590750915E-016   0.0000000000000000     
   5.3000000000000007        6.9912635545170496E-016   0.0000000000000000     
   5.4000000000000004        8.9516379642741683E-016   0.0000000000000000     
   5.5000000000000000        1.9975411795336612E-015   0.0000000000000000     
   5.6000000000000005       -8.5975190057738867E-016   0.0000000000000000     
   5.7000000000000002       -2.8651833682066008E-015   0.0000000000000000     
   5.8000000000000007       -6.7824336434628668E-016   0.0000000000000000     
   5.9000000000000004       -3.2750551129927737E-016   0.0000000000000000     
   6.0000000000000000        1.7452429157440487E-015   0.0000000000000000     
   6.1000000000000005        2.5499525473846574E-015   0.0000000000000000     
   6.2000000000000002       -1.4433048472068020E-015   0.0000000000000000     
   6.3000000000000007       -3.9731060624496054E-016   0.0000000000000000     
   6.4000000000000004        1.6963723174566659E-015   0.0000000000000000     
   6.5000000000000000       -1.3084021154352699E-015   0.0000000000000000     
   6.6000000000000005       -2.1694548190111176E-015   0.0000000000000000     
   6.7000000000000002       -1.1008774410389982E-015   0.0000000000000000     
   6.8000000000000007        1.1621520386573462E-016   0.0000000000000000     
   6.9000000000000004        2.7240973675527077E-015   0.0000000000000000     
   7.0000000000000000        2.5294543517669503E-015   0.0000000000000000     
   7.1000000000000005       -2.9142859727626435E-016   0.0000000000000000     
   7.2000000000000002       -1.7047041591830049E-015   0.0000000000000000     
   7.3000000000000007       -1.8009571270391866E-015   0.0000000000000000     
   7.4000000000000004       -1.0381323081939045E-015   0.0000000000000000     
   7.5000000000000000        3.0103424541873581E-016   0.0000000000000000     
   7.6000000000000005        9.0423697254765058E-016   0.0000000000000000     
   7.7000000000000002        6.2967985118230364E-016   0.0000000000000000     
   7.8000000000000007        4.7365402509021027E-016   0.0000000000000000     
   7.9000000000000004        8.9582761485454158E-016   0.0000000000000000     
   8.0000000000000000        1.0045931164924300E-015   0.0000000000000000     
   8.0999999999999996       -4.5596614387369822E-016   0.0000000000000000     
   8.2000000000000011       -1.8658593399767314E-015   0.0000000000000000     
   8.3000000000000007       -1.3478906390003692E-015   0.0000000000000000     
   8.4000000000000004       -1.3024639298165584E-015   0.0000000000000000     
   8.5000000000000000       -3.5310640656864502E-016   0.0000000000000000     
   8.5999999999999996        2.3358124778645535E-015   0.0000000000000000     
   8.7000000000000011        1.6398607653084770E-015   0.0000000000000000     
   8.8000000000000007        6.3349952433123392E-016   0.0000000000000000     
   8.9000000000000004        5.4741324546728547E-016   0.0000000000000000     
   9.0000000000000000       -1.5494423939998164E-015   0.0000000000000000     
   9.0999999999999996       -2.3871944551818223E-016   0.0000000000000000     
   9.2000000000000011        5.4400044211482297E-016   0.0000000000000000     
   9.3000000000000007       -1.9355119889803565E-015   0.0000000000000000     
   9.4000000000000004       -3.5283910300267094E-016   0.0000000000000000     
   9.5000000000000000        1.0973314501346510E-016   0.0000000000000000     
   9.6000000000000014       -7.6871230698154701E-016   0.0000000000000000     
   9.7000000000000011        2.1771242676359398E-015   0.0000000000000000     
   9.8000000000000007        1.8931260888484307E-015   0.0000000000000000     
   9.9000000000000004       -9.0788333385764447E-016   0.0000000000000000     
   10.000000000000000       -3.7578682701196861E-016   0.0000000000000000     
   10.100000000000001        4.8824059400620143E-016   0.0000000000000000     
   10.200000000000001       -1.3073942399859665E-015   0.0000000000000000     
   10.300000000000001       -2.1911609632085873E-015   0.0000000000000000     
   10.400000000000000        4.9988489515070473E-016   0.0000000000000000     
   10.500000000000000        1.3311018049105404E-015   0.0000000000000000     
   10.600000000000001        7.7416201255947180E-016   0.0000000000000000     
   10.700000000000001        1.6288021224942965E-015   0.0000000000000000     
   10.800000000000001       -6.0308274577591444E-016   0.0000000000000000     
   10.900000000000000       -1.7462559714016274E-015   0.0000000000000000     
   11.000000000000000        1.2241583779762542E-016   0.0000000000000000     
   11.100000000000001       -5.6853489273374905E-016   0.0000000000000000     
   11.200000000000001       -5.5969370708421198E-016   0.0000000000000000     
   11.300000000000001        8.7494000773921287E-016   0.0000000000000000     
   11.400000000000000        7.4014219123777683E-016   0.0000000000000000     
   11.500000000000000        9.4154356334671188E-016   0.0000000000000000     
   11.600000000000001        1.9939804843087867E-016   0.0000000000000000     
   11.700000000000001       -1.0074796223021896E-015   0.0000000000000000     
   11.800000000000001       -8.2676264144006723E-016   0.0000000000000000     
   11.900000000000000       -6.8605663594771202E-016   0.0000000000000000     
   12.000000000000000       -4.4481694101132289E-016   0.0000000000000000     
   12.100000000000001        1.5619429059886072E-015   0.0000000000000000     
   12.200000000000001        2.1087730926886703E-015   0.0000000000000000     
   12.300000000000001        7.5387552828403194E-016   0.0000000000000000     
   12.400000000000000       -1.7560146307337612E-015   0.0000000000000000     
   12.500000000000000       -2.1699757964859447E-015   0.0000000000000000     
   12.600000000000001       -1.8321663125123688E-015   0.0000000000000000     
   12.700000000000001       -5.8812489426470606E-017   0.0000000000000000     
   12.800000000000001        9.9539937322363017E-017   0.0000000000000000     
   12.900000000000000        2.6113841683625574E-015   0.0000000000000000     
   13.000000000000000        1.6837550566197701E-015   0.0000000000000000     
   13.100000000000001        3.1227599144637875E-015   0.0000000000000000     
   13.200000000000001       -1.6141373314570532E-015   0.0000000000000000     
   13.300000000000001       -9.2114396713930133E-016   0.0000000000000000     
   13.400000000000000       -3.9261108164739299E-015   0.0000000000000000     
   13.500000000000000        1.9518209312611638E-015   0.0000000000000000     
   13.600000000000001       -6.1683688582843481E-015   0.0000000000000000     
   13.700000000000001        3.9830201002789150E-015   0.0000000000000000     
   13.800000000000001       -3.9556442348665000E-015   0.0000000000000000     
   13.900000000000000        1.1146263706589297E-014   0.0000000000000000     
   14.000000000000000       -6.7254505855183009E-015   0.0000000000000000     
   14.100000000000001        1.3158587003521560E-014   0.0000000000000000     
   14.200000000000001       -2.0164661873718423E-014   0.0000000000000000     
   14.300000000000001        1.9119152257685844E-014   0.0000000000000000     
   14.400000000000000       -2.7545691402151832E-014   0.0000000000000000     
   14.500000000000000        3.3489092282241656E-014   0.0000000000000000     
   14.600000000000001       -4.2423159721521728E-014   0.0000000000000000     
   14.700000000000001        5.9289349146182214E-014   0.0000000000000000     
   14.800000000000001       -7.1883544298671257E-014   0.0000000000000000     
   14.900000000000000        9.1005735640497361E-014   0.0000000000000000     
   15.000000000000000       -1.1865983483448593E-013   0.0000000000000000     
   15.100000000000001        1.4779401712989010E-013   0.0000000000000000     
   15.200000000000001       -1.8849946483060356E-013   0.0000000000000000     
   15.300000000000001        2.4183708058281001E-013   0.0000000000000000     
   15.400000000000000       -3.0728034559504986E-013   0.0000000000000000     
   15.500000000000000        3.9075179090326499E-013   0.0000000000000000     
   15.600000000000001       -4.9466446472953689E-013   0.0000000000000000     
   15.700000000000001        6.2916334381002979E-013   0.0000000000000000     
   15.800000000000001       -7.9727766632921916E-013   0.0000000000000000     
   15.900000000000000        1.0103491242268969E-012   0.0000000000000000     
   16.000000000000000       -1.2821773356479711E-012   0.0000000000000000     
   16.100000000000001        1.6185010588802243E-012   0.0000000000000000     
   16.199999999999999       -2.0484725292814258E-012   0.0000000000000000     
   16.300000000000001        2.5923224222374803E-012   0.0000000000000000     
   16.400000000000002       -3.2707973731587334E-012   0.0000000000000000     
   16.500000000000000        4.1323382862155476E-012   0.0000000000000000     
   16.600000000000001       -5.2115577980865196E-012   0.0000000000000000     
   16.699999999999999        6.5622915610738570E-012   0.0000000000000000     
   16.800000000000001       -8.2658305137046537E-012   0.0000000000000000     
   16.900000000000002        1.0403875165318681E-011   0.0000000000000000     
   17.000000000000000       -1.3082693270594103E-011   0.0000000000000000     
   17.100000000000001        1.6433955077555782E-011   0.0000000000000000     
   17.199999999999999       -2.0629174173156612E-011   0.0000000000000000     
   17.300000000000001        2.5879195699973821E-011   0.0000000000000000     
   17.400000000000002       -3.2432474492535750E-011   0.0000000000000000     
   17.500000000000000        4.0612560818934727E-011   0.0000000000000000     
   17.600000000000001       -5.0817447192614846E-011   0.0000000000000000     
   17.699999999999999        6.3527580754438632E-011   0.0000000000000000     
   17.800000000000001       -7.9348435734497297E-011   0.0000000000000000     
   17.900000000000002        9.9025555281279968E-011   0.0000000000000000     
   18.000000000000000       -1.2347158639659618E-010   0.0000000000000000     
   18.100000000000001        1.5381677713303911E-010   0.0000000000000000     
   18.199999999999999       -1.9144813653912014E-010   0.0000000000000000     
   18.300000000000001        2.3806788600894525E-010   0.0000000000000000     
   18.400000000000002       -2.9576933418727617E-010   0.0000000000000000     
   18.500000000000000        3.6711882517247192E-010   0.0000000000000000     
   18.600000000000001       -4.5525214660381283E-010   0.0000000000000000     
   18.699999999999999        5.6401035803419385E-010   0.0000000000000000     
   18.800000000000001       -6.9809224940949335E-010   0.0000000000000000     
   18.900000000000002        8.6321476228670551E-010   0.0000000000000000     
   19.000000000000000       -1.0663620829327376E-009   0.0000000000000000     
   19.100000000000001        1.3160398903963341E-009   0.0000000000000000     
   19.200000000000003       -1.6225757387072266E-009   0.0000000000000000     
   19.300000000000001        1.9985245486389112E-009   0.0000000000000000     
   19.400000000000002       -2.4591210613270399E-009   0.0000000000000000     
   19.500000000000000        3.0228247563157477E-009   0.0000000000000000     
   19.600000000000001       -3.7119696776384587E-009   0.0000000000000000     
   19.700000000000003        4.5535680271547333E-009   0.0000000000000000     
   19.800000000000001       -5.5802196817712164E-009   0.0000000000000000     
   19.900000000000002        6.8312351253908984E-009   0.0000000000000000     
   20.000000000000000       -8.3539737818302861E-009   0.0000000000000000     
   20.100000000000001        1.0205373620361161E-008   0.0000000000000000     
   20.200000000000003       -1.2453853422210876E-008   0.0000000000000000     
   20.300000000000001        1.5181496035798830E-008   0.0000000000000000     
   20.400000000000002       -1.8486635982086939E-008   0.0000000000000000     
   20.500000000000000        2.2486949732948970E-008   0.0000000000000000     
   20.600000000000001       -2.7323065255558589E-008   0.0000000000000000     
   20.700000000000003        3.3162824127826596E-008   0.0000000000000000     
   20.800000000000001       -4.0206248052468142E-008   0.0000000000000000     
   20.900000000000002        4.8691419065205808E-008   0.0000000000000000     
   21.000000000000000       -5.8901331246592608E-008   0.0000000000000000     
   21.100000000000001        7.1171888658415109E-008   0.0000000000000000     
   21.200000000000003       -8.5901258427750903E-008   0.0000000000000000     
   21.300000000000001        1.0356073661030213E-007   0.0000000000000000     
   21.400000000000002       -1.2470741843741344E-007   0.0000000000000000     
   21.500000000000000        1.4999886279457683E-007   0.0000000000000000     
   21.600000000000001       -1.8021009537613731E-007   0.0000000000000000     
   21.700000000000003        2.1625329973688449E-007   0.0000000000000000     
   21.800000000000001       -2.5920049810776874E-007   0.0000000000000000     
   21.900000000000002        3.1030970897839212E-007   0.0000000000000000     
   22.000000000000000       -3.7105504849044354E-007   0.0000000000000000     
   22.100000000000001        4.4316124285795217E-007   0.0000000000000000     
   22.200000000000003       -5.2864319100718197E-007   0.0000000000000000     
   22.300000000000001        6.2985119937673569E-007   0.0000000000000000     
   22.400000000000002       -7.4952258019173146E-007   0.0000000000000000     
   22.500000000000000        8.9084043596829126E-007   0.0000000000000000     
   22.600000000000001       -1.0575004378687047E-006   0.0000000000000000     
   22.700000000000003        1.2537865559124114E-006   0.0000000000000000     
   22.800000000000001       -1.4846567712155660E-006   0.0000000000000000     
   22.900000000000002        1.7558398142531138E-006   0.0000000000000000     
   23.000000000000000       -2.0739441740955170E-006   0.0000000000000000     
   23.100000000000001        2.4465805964325712E-006   0.0000000000000000     
   23.200000000000003       -2.8824994283279978E-006   0.0000000000000000     
   23.300000000000001        3.3917442945344249E-006   0.0000000000000000     
   23.400000000000002       -3.9858234926247039E-006   0.0000000000000000     
   23.500000000000000        4.6779008169131804E-006   0.0000000000000000     
   23.600000000000001       -5.4830073547277640E-006   0.0000000000000000     
   23.700000000000003        6.4182759416714327E-006   0.0000000000000000     
   23.800000000000001       -7.5032000541700452E-006   0.0000000000000000     
   23.900000000000002        8.7599186964664016E-006   0.0000000000000000     
   24.000000000000000       -1.0213529206031954E-005   0.0000000000000000     
   24.100000000000001        1.1892429428310264E-005   0.0000000000000000     
   24.200000000000003       -1.3828690896688258E-005   0.0000000000000000     
   24.300000000000001        1.6058464562144658E-005   0.0000000000000000     
   24.400000000000002       -1.8622420180952277E-005   0.0000000000000000     
   24.500000000000000        2.1566220591387099E-005   0.0000000000000000     
   24.600000000000001       -2.4941031529543960E-005   0.0000000000000000     
   24.700000000000003        2.8804067512983669E-005   0.0000000000000000     
   24.800000000000001       -3.3219173756204759E-005   0.0000000000000000     
   24.900000000000002        3.8257443629389534E-005   0.0000000000000000     
   25.000000000000000       -4.3997870660126283E-005   0.0000000000000000     
   25.100000000000001        5.0528033234840452E-005   0.0000000000000000     
   25.200000000000003       -5.7944809559448557E-005   0.0000000000000000     
   25.300000000000001        6.6355119395544203E-005   0.0000000000000000     
   25.400000000000002       -7.5876688263159020E-005   0.0000000000000000     
   25.500000000000000        8.6638828561777490E-005   0.0000000000000000     
   25.600000000000001       -9.8783230915230777E-005   0.0000000000000000     
   25.700000000000003        1.1246475775290488E-004   0.0000000000000000     
   25.800000000000001       -1.2785222963509774E-004   0.0000000000000000     
   25.900000000000002        1.4512919347093355E-004   0.0000000000000000     
   26.000000000000000       -1.6449465988145739E-004   0.0000000000000000     
   26.100000000000001        1.8616379558221877E-004   0.0000000000000000     
   26.200000000000003       -2.1036855472713988E-004   0.0000000000000000     
   26.300000000000001        2.3735823129949259E-004   0.0000000000000000     
   26.400000000000002       -2.6739991308759130E-004   0.0000000000000000     
   26.500000000000000        3.0077881563972115E-004   0.0000000000000000     
   26.600000000000001       -3.3779847312148756E-004   0.0000000000000000     
   26.700000000000003        3.7878076117991213E-004   0.0000000000000000     
   26.800000000000001       -4.2406572538930927E-004   0.0000000000000000     
   26.900000000000002        4.7401118760827455E-004   0.0000000000000000     
   27.000000000000000       -5.2899210119515723E-004   0.0000000000000000     
   27.100000000000001        5.8939962555955706E-004   0.0000000000000000     
   27.200000000000003       -6.5563988964086853E-004   0.0000000000000000     
   27.300000000000001        7.2813241403552715E-004   0.0000000000000000     
   27.400000000000002       -8.0730816199220401E-004   0.0000000000000000     
   27.500000000000000        8.9360719009024090E-004   0.0000000000000000     
   27.600000000000001       -9.8747587135021488E-004   0.0000000000000000     
   27.700000000000003        1.0893636655037340E-003   0.0000000000000000     
   27.800000000000001       -1.1997194142328955E-003   0.0000000000000000     
   27.900000000000002        1.3189871428965652E-003   0.0000000000000000     
   28.000000000000000       -1.4476013548969113E-003   0.0000000000000000     
   28.100000000000001        1.5859818103598209E-003   0.0000000000000000     
   28.200000000000003       -1.7345277870279342E-003   0.0000000000000000     
   28.300000000000001        1.8936118288268536E-003   0.0000000000000000     
   28.400000000000002       -2.0635729956029183E-003   0.0000000000000000     
   28.500000000000000        2.2447096366760176E-003   0.0000000000000000     
   28.600000000000001       -2.4372717209520376E-003   0.0000000000000000     
   28.700000000000003        2.6414527669123291E-003   0.0000000000000000     
   28.800000000000001       -2.8573814273683612E-003   0.0000000000000000     
   28.900000000000002        3.0851127958656174E-003   0.0000000000000000     
   29.000000000000000       -3.3246195140181492E-003   0.0000000000000000     
   29.100000000000001        3.5757827718350707E-003   0.0000000000000000     
   29.200000000000003       -3.8383833057119409E-003   0.0000000000000000     
   29.300000000000001        4.1120925115491402E-003   0.0000000000000000     
   29.400000000000002       -4.3964638023616803E-003   0.0000000000000000     
   29.500000000000000        4.6909243513112214E-003   0.0000000000000000     
   29.600000000000001       -4.9947673714795440E-003   0.0000000000000000     
   29.700000000000003        5.3071450927729595E-003   0.0000000000000000     
   29.800000000000001       -5.6270626038287530E-003   0.0000000000000000     
   29.900000000000002        5.9533727321464183E-003   0.0000000000000000     
   30.000000000000000       -6.2847721389361127E-003   0.0000000000000000     
   30.100000000000001        6.6197988055897126E-003   0.0000000000000000     
   30.200000000000003       -6.9568310862364938E-003   0.0000000000000000     
   30.300000000000001        7.2940884952235555E-003   0.0000000000000000     
   30.400000000000002       -7.6296343892038182E-003   0.0000000000000000     
   30.500000000000000        7.9613806906758608E-003   0.0000000000000000     
   30.600000000000001       -8.2870947833183582E-003   0.0000000000000000     
   30.700000000000003        8.6044086887567105E-003   0.0000000000000000     
   30.800000000000001       -8.9108306102628904E-003   0.0000000000000000     
   30.900000000000002        9.2037589003356544E-003   0.0000000000000000     
   31.000000000000000       -9.4804984774003315E-003   0.0000000000000000     
   31.100000000000001        9.7382796814594781E-003   0.0000000000000000     
   31.200000000000003       -9.9742795199857914E-003   0.0000000000000000     
   31.300000000000001        1.0185645214441064E-002   0.0000000000000000     
   31.400000000000002       -1.0369519914427819E-002   0.0000000000000000     
   31.500000000000000        1.0523070402086205E-002   0.0000000000000000     
   31.600000000000001       -1.0643516563815366E-002   0.0000000000000000     
   31.700000000000003        1.0728162361129952E-002   0.0000000000000000     
   31.800000000000001       -1.0774427988294663E-002   0.0000000000000000     
   31.900000000000002        1.0779882861808133E-002   0.0000000000000000     
   32.000000000000000       -1.0742279047405934E-002   0.0000000000000000     
   32.100000000000001        1.0659584694457252E-002   0.0000000000000000     
   32.200000000000003       -1.0530017017022142E-002   0.0000000000000000     
   32.300000000000004        1.0352074335822534E-002   0.0000000000000000     
   32.399999999999999       -1.0124566677229593E-002   0.0000000000000000     
   32.500000000000000        9.8466444150385832E-003   0.0000000000000000     
   32.600000000000001       -9.5178244384750491E-003   0.0000000000000000     
   32.700000000000003        9.1380133370924828E-003   0.0000000000000000     
   32.800000000000004       -8.7075271095246806E-003   0.0000000000000000     
   32.899999999999999        8.2271069293898998E-003   0.0000000000000000     
   33.000000000000000       -7.6979305379266819E-003   0.0000000000000000     
   33.100000000000001        7.1216188791056361E-003   0.0000000000000000     
   33.200000000000003       -6.5002376485375586E-003   0.0000000000000000     
   33.300000000000004        5.8362934923350939E-003   0.0000000000000000     
   33.399999999999999       -5.1327246650476558E-003   0.0000000000000000     
   33.500000000000000        4.3928860359264020E-003   0.0000000000000000     
   33.600000000000001       -3.6205284193433934E-003   0.0000000000000000     
   33.700000000000003        2.8197722959389130E-003   0.0000000000000000     
   33.800000000000004       -1.9950760852451037E-003   0.0000000000000000     
   33.899999999999999        1.1511992258616776E-003   0.0000000000000000     
   34.000000000000000       -2.9316041411185802E-004   0.0000000000000000     
   34.100000000000001       -5.7380855561482550E-004   0.0000000000000000     
   34.200000000000003        1.4443128177314469E-003   0.0000000000000000     
   34.300000000000004       -2.3128477169657947E-003   0.0000000000000000     
   34.399999999999999        3.1738546590998249E-003   0.0000000000000000     
   34.500000000000000       -4.0217787823720770E-003   0.0000000000000000     
   34.600000000000001        4.8511276502744118E-003   0.0000000000000000     
   34.700000000000003       -5.6565301285083202E-003   0.0000000000000000     
   34.800000000000004        6.4327945859039108E-003   0.0000000000000000     
   34.899999999999999       -7.1749655512739477E-003   0.0000000000000000     
   35.000000000000000        7.8783779664812603E-003   0.0000000000000000     
   35.100000000000001       -8.5387082008054581E-003   0.0000000000000000     
   35.200000000000003        9.1520210325203178E-003   0.0000000000000000     
   35.300000000000004       -9.7148118603498004E-003   0.0000000000000000     
   35.399999999999999        1.0224043479007558E-002   0.0000000000000000     
   35.500000000000000       -1.0677176838514327E-002   0.0000000000000000     
   35.600000000000001        1.1072195304402914E-002   0.0000000000000000     
   35.700000000000003       -1.1407622043827356E-002   0.0000000000000000     
   35.800000000000004        1.1682530278686697E-002   0.0000000000000000     
   35.899999999999999       -1.1896546268608655E-002   0.0000000000000000     
   36.000000000000000        1.2049845012057647E-002   0.0000000000000000     
   36.100000000000001       -1.2143138779413906E-002   0.0000000000000000     
   36.200000000000003        1.2177658715898994E-002   0.0000000000000000     
   36.300000000000004       -1.2155129871300550E-002   0.0000000000000000     
   36.399999999999999        1.2077740125302475E-002   0.0000000000000000     
   36.500000000000000       -1.1948103579560750E-002   0.0000000000000000     
   36.600000000000001        1.1769219077906371E-002   0.0000000000000000     
   36.700000000000003       -1.1544424592790096E-002   0.0000000000000000     
   36.800000000000004        1.1277348277128852E-002   0.0000000000000000     
   36.899999999999999       -1.0971857025598665E-002   0.0000000000000000     
   37.000000000000000        1.0632003416348897E-002   0.0000000000000000     
   37.100000000000001       -1.0261971913854808E-002   0.0000000000000000     
   37.200000000000003        9.8660252050727787E-003   0.0000000000000000     
   37.300000000000004       -9.4484515155209212E-003   0.0000000000000000     
   37.399999999999999        9.0135137099031769E-003   0.0000000000000000     
   37.500000000000000       -8.5654009245809508E-003   0.0000000000000000     
   37.600000000000001        8.1081834085131206E-003   0.0000000000000000     
   37.700000000000003       -7.6457711667852098E-003   0.0000000000000000     
   37.800000000000004        7.1818769090805350E-003   0.0000000000000000     
   37.899999999999999       -6.7199837062200691E-003   0.0000000000000000     
   38.000000000000000        6.2633176543404091E-003   0.0000000000000000     
   38.100000000000001       -5.8148257401665297E-003   0.0000000000000000     
   38.200000000000003        5.3771589953214008E-003   0.0000000000000000     
   38.300000000000004       -4.9526609247593804E-003   0.0000000000000000     
   38.400000000000006        4.5433610961894480E-003   0.0000000000000000     
   38.500000000000000       -4.1509736867358501E-003   0.0000000000000000     
   38.600000000000001        3.7769007006033524E-003   0.0000000000000000     
   38.700000000000003       -3.4222395000181919E-003   0.0000000000000000     
   38.800000000000004        3.0877942310008288E-003   0.0000000000000000     
   38.900000000000006       -2.7740906778015435E-003   0.0000000000000000     
   39.000000000000000        2.4813940443703625E-003   0.0000000000000000     
   39.100000000000001       -2.2097291390441955E-003   0.0000000000000000     
   39.200000000000003        1.9589024289728397E-003   0.0000000000000000     
   39.300000000000004       -1.7285254333490566E-003   0.0000000000000000     
   39.400000000000006        1.5180389385491626E-003   0.0000000000000000     
   39.500000000000000       -1.3267375424203043E-003   0.0000000000000000     
   39.600000000000001        1.1537940682970402E-003   0.0000000000000000     
   39.700000000000003       -9.9828343014170110E-004   0.0000000000000000     
   39.800000000000004        8.5920557718862126E-004   0.0000000000000000     
   39.900000000000006       -7.3550719782733702E-004   0.0000000000000000     
   40.000000000000000        6.2610191672422203E-004   0.0000000000000000     
   40.100000000000001       -5.2988877478151884E-004   0.0000000000000000     
   40.200000000000003        4.4576883686244423E-004   0.0000000000000000     
   40.300000000000004       -3.7265982611573838E-004   0.0000000000000000     
   40.400000000000006        3.0950873469419606E-004   0.0000000000000000     
   40.500000000000000       -2.5530240811958728E-004   0.0000000000000000     
   40.600000000000001        2.0907614295613926E-004   0.0000000000000000     
   40.700000000000003       -1.6992037506128373E-004   0.0000000000000000     
   40.800000000000004        1.3698556702371387E-004   0.0000000000000000     
   40.900000000000006       -1.0948542925095042E-004   0.0000000000000000     
   41.000000000000000        8.6698628734003163E-005   0.0000000000000000     
   41.100000000000001       -6.7969153099218496E-005   0.0000000000000000     
   41.200000000000003        5.2705505929372918E-005   0.0000000000000000     
   41.300000000000004       -4.0378911887532565E-005   0.0000000000000000     
   41.400000000000006        3.0520708697294249E-005   0.0000000000000000     
   41.500000000000000       -2.2719096855774713E-005   0.0000000000000000     
   41.600000000000001        1.6615408767354108E-005   0.0000000000000000     
   41.700000000000003       -1.1900046736249000E-005   0.0000000000000000     
   41.800000000000004        8.3082250888413382E-006   0.0000000000000000     
   41.900000000000006       -5.6156360241033197E-006   0.0000000000000000     
   42.000000000000000        3.6341421960603573E-006   0.0000000000000000     
   42.100000000000001       -2.2075824361230985E-006   0.0000000000000000     
   42.200000000000003        1.2077604130570502E-006   0.0000000000000000     
   42.300000000000004       -5.3067028252437792E-007   0.0000000000000000     
   42.400000000000006        9.2998617399293513E-008   0.0000000000000000     
   42.500000000000000        1.7107162463568814E-007   0.0000000000000000     
   42.600000000000001       -3.1274121560734390E-007   0.0000000000000000     
   42.700000000000003        3.7115533374685336E-007   0.0000000000000000     
   42.800000000000004       -3.7565012489408651E-007   0.0000000000000000     
   42.900000000000006        3.4769720406308568E-007   0.0000000000000000     
   43.000000000000000       -3.0256386516738278E-007   0.0000000000000000     
   43.100000000000001        2.5071058756866305E-007   0.0000000000000000     
   43.200000000000003       -1.9894999337592367E-007   0.0000000000000000     
   43.300000000000004        1.5139289976089246E-007   0.0000000000000000     
   43.400000000000006       -1.1020737640309386E-007   0.0000000000000000     
   43.500000000000000        7.6216409742097146E-008   0.0000000000000000     
   43.600000000000001       -4.9358381531665280E-008   0.0000000000000000     
   43.700000000000003        2.9033218618312286E-008   0.0000000000000000     
   43.800000000000004       -1.4354778966821861E-008   0.0000000000000000     
   43.900000000000006        4.3280981027284674E-009   0.0000000000000000     
   44.000000000000000        2.0324454690052105E-009   0.0000000000000000     
   44.100000000000001       -5.6300878875506039E-009   0.0000000000000000     
   44.200000000000003        7.2461721269733865E-009   0.0000000000000000     
   44.300000000000004       -7.5245249607689646E-009   0.0000000000000000     
   44.400000000000006        6.9721325983035167E-009   0.0000000000000000     
   44.500000000000000       -5.9700416770660882E-009   0.0000000000000000     
   44.600000000000001        4.7899937068387793E-009   0.0000000000000000     
   44.700000000000003       -3.6134533971334350E-009   0.0000000000000000     
   44.800000000000004        2.5506925004301947E-009   0.0000000000000000     
   44.900000000000006       -1.6585908841491484E-009   0.0000000000000000     
   45.000000000000000        9.5606977035067164E-010   0.0000000000000000     
   45.100000000000001       -4.3697827099417025E-010   0.0000000000000000     
   45.200000000000003        8.0211463665513976E-011   0.0000000000000000     
   45.300000000000004        1.4261064719498966E-010   0.0000000000000000     
   45.400000000000006       -2.6177452979131255E-010   0.0000000000000000     
   45.500000000000000        3.0593272470076368E-010   0.0000000000000000     
   45.600000000000001       -3.0000126198909105E-010   0.0000000000000000     
   45.700000000000003        2.6424437913147176E-010   0.0000000000000000     
   45.800000000000004       -2.1407595101740085E-010   0.0000000000000000     
   45.900000000000006        1.6042256979311698E-010   0.0000000000000000     
   46.000000000000000       -1.1034264021850562E-010   0.0000000000000000     
   46.100000000000001        6.7810261529169874E-011   0.0000000000000000     
   46.200000000000003       -3.4476560054039301E-011   0.0000000000000000     
   46.300000000000004        1.0390894653379233E-011   0.0000000000000000     
   46.400000000000006        5.3965072701563838E-012   0.0000000000000000     
   46.500000000000000       -1.4361279490674197E-011   0.0000000000000000     
   46.600000000000001        1.8154739562480880E-011   0.0000000000000000     
   46.700000000000003       -1.8349915631928729E-011   0.0000000000000000     
   46.800000000000004        1.6324812887974562E-011   0.0000000000000000     
   46.900000000000006       -1.3163760050796130E-011   0.0000000000000000     
   47.000000000000000        9.6772700423572696E-012   0.0000000000000000     
   47.100000000000001       -6.3923022310368370E-012   0.0000000000000000     
   47.200000000000003        3.6187932438726096E-012   0.0000000000000000     
   47.300000000000004       -1.4830937497406442E-012   0.0000000000000000     
   47.400000000000006       -1.1180608246598248E-015   0.0000000000000000     
   47.500000000000000        9.0895741629570496E-013   0.0000000000000000     
   47.600000000000001       -1.3542386880403856E-012   0.0000000000000000     
   47.700000000000003        1.4560807513559599E-012   0.0000000000000000     
   47.800000000000004       -1.3371827296830844E-012   0.0000000000000000     
   47.900000000000006        1.0909984966343269E-012   0.0000000000000000     
   48.000000000000000       -8.0385389451061598E-013   0.0000000000000000     
   48.100000000000001        5.2419805632364898E-013   0.0000000000000000     
   48.200000000000003       -2.8612133445268168E-013   0.0000000000000000     
   48.300000000000004        9.5758104617608872E-014   0.0000000000000000     
   48.400000000000006        2.8908686690947228E-014   0.0000000000000000     
   48.500000000000000       -1.0153634370504404E-013   0.0000000000000000     
   48.600000000000001        1.3283921722861929E-013   0.0000000000000000     
   48.700000000000003       -1.4018155440545179E-013   0.0000000000000000     
   48.800000000000004        1.1871527309666475E-013   0.0000000000000000     
   48.900000000000006       -9.3897862031034232E-014   0.0000000000000000     
   49.000000000000000        6.1602894908486266E-014   0.0000000000000000     
   49.100000000000001       -3.6685731870727310E-014   0.0000000000000000     
   49.200000000000003        1.2496199016180080E-014   0.0000000000000000     
   49.300000000000004        2.0798586919848751E-015   0.0000000000000000     
   49.400000000000006       -9.8898513901507049E-015   0.0000000000000000     
   49.500000000000000        1.4066977295832978E-014   0.0000000000000000     
   49.600000000000001       -1.8048463758853790E-014   0.0000000000000000     
   49.700000000000003        1.7295936781149704E-014   0.0000000000000000     
   49.800000000000004       -1.9985765015980421E-015   0.0000000000000000     
   49.900000000000006        5.0654071924799070E-054   0.0000000000000000     
