   0.0000000000000000       -1.6816104516835268E-015   0.0000000000000000     
  0.10000000000000001       -5.5066080941387892E-017   0.0000000000000000     
  0.20000000000000001        1.2783456072096887E-015   0.0000000000000000     
  0.30000000000000004        1.4421414801679003E-015   0.0000000000000000     
  0.40000000000000002       -1.7667048377990063E-015   0.0000000000000000     
  0.50000000000000000       -5.9602273068285681E-016   0.0000000000000000     
  0.60000000000000009        3.1091671393453193E-015   0.0000000000000000     
  0.70000000000000007        1.9589608114559402E-016   0.0000000000000000     
  0.80000000000000004       -1.3134354668317813E-015   0.0000000000000000     
  0.90000000000000002        2.8519452399637307E-016   0.0000000000000000     
   1.0000000000000000       -1.8750159446646120E-015   0.0000000000000000     
   1.1000000000000001       -1.7000563237576397E-015   0.0000000000000000     
   1.2000000000000002        1.3878726308770190E-015   0.0000000000000000     
   1.3000000000000000        1.8683765428941311E-015   0.0000000000000000     
   1.4000000000000001        9.9859875992069396E-016   0.0000000000000000     
   1.5000000000000000        2.3605186933227245E-016   0.0000000000000000     
   1.6000000000000001       -1.3675295854347633E-016   0.0000000000000000     
   1.7000000000000002       -1.0587525869205156E-015   0.0000000000000000     
   1.8000000000000000       -1.0314892598353104E-015   0.0000000000000000     
   1.9000000000000001       -2.1263977752986709E-016   0.0000000000000000     
   2.0000000000000000       -1.4526325992288664E-015   0.0000000000000000     
   2.1000000000000001       -6.9106652702059645E-016   0.0000000000000000     
   2.2000000000000002        1.8166247790843509E-015   0.0000000000000000     
   2.3000000000000003        2.1846868074703718E-015   0.0000000000000000     
   2.4000000000000004        1.8448360339036377E-015   0.0000000000000000     
   2.5000000000000000       -3.9466568729752371E-016   0.0000000000000000     
   2.6000000000000001       -2.0860267786154902E-015   0.0000000000000000     
   2.7000000000000002       -6.7525523163404315E-016   0.0000000000000000     
   2.8000000000000003       -1.1037004479958526E-015   0.0000000000000000     
   2.9000000000000004       -1.4686569042248424E-015   0.0000000000000000     
   3.0000000000000000        6.3197717377021040E-016   0.0000000000000000     
   3.1000000000000001        6.9763310606024759E-016   0.0000000000000000     
   3.2000000000000002        8.8389857936926585E-016   0.0000000000000000     
   3.3000000000000003        2.4250989326916176E-015   0.0000000000000000     
   3.4000000000000004        1.0938428004928926E-015   0.0000000000000000     
   3.5000000000000000       -1.2970410402374042E-015   0.0000000000000000     
   3.6000000000000001       -2.7956495025963582E-015   0.0000000000000000     
   3.7000000000000002       -2.2912830318269958E-015   0.0000000000000000     
   3.8000000000000003        1.0144059525627030E-015   0.0000000000000000     
   3.9000000000000004        2.7295045732987980E-015   0.0000000000000000     
   4.0000000000000000        1.7041499149320169E-015   0.0000000000000000     
   4.1000000000000005       -6.9933344237884569E-016   0.0000000000000000     
   4.2000000000000002       -1.8638704073784255E-015   0.0000000000000000     
   4.2999999999999998       -2.4251622393117895E-016   0.0000000000000000     
   4.4000000000000004       -8.9163492478014837E-016   0.0000000000000000     
   4.5000000000000000       -1.1646623761199924E-015   0.0000000000000000     
   4.6000000000000005        1.5186200474871550E-015   0.0000000000000000     
   4.7000000000000002        1.8025656670069367E-015   0.0000000000000000     
   4.8000000000000007        1.4061102491032249E-015   0.0000000000000000     
   4.9000000000000004       -4.4407567771307086E-017   0.0000000000000000     
   5.0000000000000000       -2.0592404702158720E-015   0.0000000000000000     
   5.1000000000000005       -3.8863653889427593E-016   0.0000000000000000     
   5.2000000000000002       -5.1221656584024434E-016   0.0000000000000000     
   5.3000000000000007       -1.5916986461268100E-015   0.0000000000000000     
   5.4000000000000004        5.4814736250412636E-016   0.0000000000000000     
   5.5000000000000000        8.5411902217014061E-016   0.0000000000000000     
   5.6000000000000005        1.2013176574554493E-015   0.0000000000000000     
   5.7000000000000002        2.9004278200224270E-015   0.0000000000000000     
   5.8000000000000007        7.2833883229717571E-016   0.0000000000000000     
   5.9000000000000004       -2.3805986352893470E-015   0.0000000000000000     
   6.0000000000000000       -2.8622880282961446E-015   0.0000000000000000     
   6.1000000000000005       -2.2773780858746179E-015   0.0000000000000000     
   6.2000000000000002       -4.4074893327061974E-016   0.0000000000000000     
   6.3000000000000007        1.8740645702583570E-015   0.0000000000000000     
   6.4000000000000004        3.1018108110297921E-015   0.0000000000000000     
   6.5000000000000000        2.6658709541925649E-015   0.0000000000000000     
   6.6000000000000005        8.4111642707405029E-017   0.0000000000000000     
   6.7000000000000002       -1.6994988236998895E-015   0.0000000000000000     
   6.8000000000000007       -1.2966705533331848E-015   0.0000000000000000     
   6.9000000000000004       -1.6963246999755294E-015   0.0000000000000000     
   7.0000000000000000       -2.1839338253852300E-015   0.0000000000000000     
   7.1000000000000005       -4.1883599621453232E-016   0.0000000000000000     
   7.2000000000000002        2.2329144273773974E-015   0.0000000000000000     
   7.3000000000000007        2.1754736770679223E-015   0.0000000000000000     
   7.4000000000000004        4.1745910129107746E-017   0.0000000000000000     
   7.5000000000000000        3.4079527742048731E-016   0.0000000000000000     
   7.6000000000000005        6.6451457772066529E-016   0.0000000000000000     
   7.7000000000000002       -3.7858450596866125E-016   0.0000000000000000     
   7.8000000000000007       -3.8323323092080995E-016   0.0000000000000000     
   7.9000000000000004       -1.8185702207559589E-015   0.0000000000000000     
   8.0000000000000000       -1.3043303656237359E-015   0.0000000000000000     
   8.0999999999999996        1.9789145220779527E-015   0.0000000000000000     
   8.2000000000000011        9.3046352674605555E-016   0.0000000000000000     
   8.3000000000000007       -1.1484572554207989E-015   0.0000000000000000     
   8.4000000000000004       -3.7839871028214062E-016   0.0000000000000000     
   8.5000000000000000        6.3349011085709860E-016   0.0000000000000000     
   8.5999999999999996       -6.3997289596744270E-018   0.0000000000000000     
   8.7000000000000011       -1.4278808293113450E-015   0.0000000000000000     
   8.8000000000000007        5.0062258948732301E-016   0.0000000000000000     
   8.9000000000000004        1.9518537026737995E-015   0.0000000000000000     
   9.0000000000000000        5.4589083972510991E-016   0.0000000000000000     
   9.0999999999999996        6.3094451066531250E-016   0.0000000000000000     
   9.2000000000000011       -8.8186032526835622E-016   0.0000000000000000     
   9.3000000000000007       -2.2942269147795934E-015   0.0000000000000000     
   9.4000000000000004       -7.2395203034125254E-016   0.0000000000000000     
   9.5000000000000000       -1.7945157963086131E-016   0.0000000000000000     
   9.6000000000000014        1.0067472368543916E-015   0.0000000000000000     
   9.7000000000000011        1.5915974079739777E-015   0.0000000000000000     
   9.8000000000000007       -6.8294410830098102E-016   0.0000000000000000     
   9.9000000000000004       -1.4264275491311039E-015   0.0000000000000000     
   10.000000000000000        5.7397760348775054E-016   0.0000000000000000     
   10.100000000000001        2.0050696057455289E-015   0.0000000000000000     
   10.200000000000001        2.5587257207483901E-016   0.0000000000000000     
   10.300000000000001       -9.1126165516217130E-016   0.0000000000000000     
   10.400000000000000       -8.8121372265117888E-016   0.0000000000000000     
   10.500000000000000       -2.3134028612862807E-015   0.0000000000000000     
   10.600000000000001        7.6690920923965909E-016   0.0000000000000000     
   10.700000000000001        3.8516322404276465E-015   0.0000000000000000     
   10.800000000000001       -1.0406434131298806E-015   0.0000000000000000     
   10.900000000000000       -2.8833948523604304E-015   0.0000000000000000     
   11.000000000000000        1.4600644334210550E-015   0.0000000000000000     
   11.100000000000001        1.3449300946815230E-015   0.0000000000000000     
   11.200000000000001       -1.1270543433085357E-015   0.0000000000000000     
   11.300000000000001        2.8224347980075093E-016   0.0000000000000000     
   11.400000000000000        8.2199619482986444E-016   0.0000000000000000     
   11.500000000000000       -1.3064627834778298E-015   0.0000000000000000     
   11.600000000000001       -1.1858614318550224E-015   0.0000000000000000     
   11.700000000000001        7.0850750659810805E-016   0.0000000000000000     
   11.800000000000001        1.7257090425599212E-015   0.0000000000000000     
   11.900000000000000        7.2039221462161237E-016   0.0000000000000000     
   12.000000000000000       -1.5695719396427557E-015   0.0000000000000000     
   12.100000000000001       -1.2571550905733254E-015   0.0000000000000000     
   12.200000000000001        8.0844478965004119E-016   0.0000000000000000     
   12.300000000000001        1.5343293319156715E-015   0.0000000000000000     
   12.400000000000000        2.7763718902753692E-016   0.0000000000000000     
   12.500000000000000       -1.6783665418445360E-015   0.0000000000000000     
   12.600000000000001       -5.9479807248929326E-016   0.0000000000000000     
   12.700000000000001        1.1119681105753568E-015   0.0000000000000000     
   12.800000000000001        5.4685773929351142E-017   0.0000000000000000     
   12.900000000000000       -4.2158776514677198E-016   0.0000000000000000     
   13.000000000000000        5.7435439424074263E-016   0.0000000000000000     
   13.100000000000001        1.1766381444617869E-015   0.0000000000000000     
   13.200000000000001       -1.0033116314576778E-016   0.0000000000000000     
   13.300000000000001       -1.7362192571102331E-015   0.0000000000000000     
   13.400000000000000       -6.7449906289399489E-016   0.0000000000000000     
   13.500000000000000        4.2472840888035511E-016   0.0000000000000000     
   13.600000000000001        2.4320533041612690E-016   0.0000000000000000     
   13.700000000000001       -3.4897074530867979E-016   0.0000000000000000     
   13.800000000000001       -1.2663482394811880E-015   0.0000000000000000     
   13.900000000000000        6.8381998294155339E-016   0.0000000000000000     
   14.000000000000000        2.7516936381498818E-015   0.0000000000000000     
   14.100000000000001        1.4810260655713491E-015   0.0000000000000000     
   14.200000000000001       -1.1800288841064611E-016   0.0000000000000000     
   14.300000000000001       -1.7152286560840664E-015   0.0000000000000000     
   14.400000000000000       -1.0503769940427065E-015   0.0000000000000000     
   14.500000000000000        2.3323476131326381E-016   0.0000000000000000     
   14.600000000000001       -2.5642195129611091E-015   0.0000000000000000     
   14.700000000000001       -1.5198492471642127E-015   0.0000000000000000     
   14.800000000000001        2.3513776801350944E-015   0.0000000000000000     
   14.900000000000000        1.2855839897312790E-015   0.0000000000000000     
   15.000000000000000        7.1849921871961247E-016   0.0000000000000000     
   15.100000000000001        8.1384972886629895E-016   0.0000000000000000     
   15.200000000000001       -7.4215734383305621E-016   0.0000000000000000     
   15.300000000000001       -4.6895106229420408E-017   0.0000000000000000     
   15.400000000000000       -3.8297547491013079E-016   0.0000000000000000     
   15.500000000000000       -6.4794567710094672E-016   0.0000000000000000     
   15.600000000000001        3.5841142138253744E-016   0.0000000000000000     
   15.700000000000001        8.2624088488421083E-016   0.0000000000000000     
   15.800000000000001        3.0645524719702690E-018   0.0000000000000000     
   15.900000000000000       -1.2226991480799114E-016   0.0000000000000000     
   16.000000000000000       -3.2627434428019695E-016   0.0000000000000000     
   16.100000000000001        5.3833624907625184E-016   0.0000000000000000     
   16.199999999999999       -1.9934847119212389E-015   0.0000000000000000     
   16.300000000000001       -3.9688275904646675E-016   0.0000000000000000     
   16.400000000000002       -6.7906333694049609E-016   0.0000000000000000     
   16.500000000000000        1.2305367670578524E-015   0.0000000000000000     
   16.600000000000001       -3.3660097410787721E-016   0.0000000000000000     
   16.699999999999999        4.3685005964658422E-015   0.0000000000000000     
   16.800000000000001       -9.6736995147986853E-016   0.0000000000000000     
   16.900000000000002        2.5007272636017717E-015   0.0000000000000000     
   17.000000000000000       -5.6147453352487839E-015   0.0000000000000000     
   17.100000000000001        2.5999185226928293E-015   0.0000000000000000     
   17.199999999999999       -7.0817619152559023E-015   0.0000000000000000     
   17.300000000000001        9.8834809959739845E-015   0.0000000000000000     
   17.400000000000002       -1.1043229869093657E-014   0.0000000000000000     
   17.500000000000000        1.2844951026391970E-014   0.0000000000000000     
   17.600000000000001       -1.5982910352315244E-014   0.0000000000000000     
   17.699999999999999        2.3477958127387067E-014   0.0000000000000000     
   17.800000000000001       -2.6242134593396503E-014   0.0000000000000000     
   17.900000000000002        3.5464141048436653E-014   0.0000000000000000     
   18.000000000000000       -4.8743323951429150E-014   0.0000000000000000     
   18.100000000000001        5.8794872129192143E-014   0.0000000000000000     
   18.199999999999999       -7.4344017330078428E-014   0.0000000000000000     
   18.300000000000001        9.3613410883546147E-014   0.0000000000000000     
   18.400000000000002       -1.2122564588905351E-013   0.0000000000000000     
   18.500000000000000        1.5344316091891980E-013   0.0000000000000000     
   18.600000000000001       -1.9461104335038269E-013   0.0000000000000000     
   18.699999999999999        2.4825133150735762E-013   0.0000000000000000     
   18.800000000000001       -3.1626665323427105E-013   0.0000000000000000     
   18.900000000000002        4.0099035970627715E-013   0.0000000000000000     
   19.000000000000000       -5.0415013204528711E-013   0.0000000000000000     
   19.100000000000001        6.4352926122282946E-013   0.0000000000000000     
   19.200000000000003       -8.1259753286105428E-013   0.0000000000000000     
   19.300000000000001        1.0273242899273354E-012   0.0000000000000000     
   19.400000000000002       -1.3015159680600173E-012   0.0000000000000000     
   19.500000000000000        1.6436299548457029E-012   0.0000000000000000     
   19.600000000000001       -2.0777432243178913E-012   0.0000000000000000     
   19.700000000000003        2.6172649195068201E-012   0.0000000000000000     
   19.800000000000001       -3.3025630979237975E-012   0.0000000000000000     
   19.900000000000002        4.1597069734896269E-012   0.0000000000000000     
   20.000000000000000       -5.2386080135371876E-012   0.0000000000000000     
   20.100000000000001        6.5924752392573261E-012   0.0000000000000000     
   20.200000000000003       -8.2829486906910908E-012   0.0000000000000000     
   20.300000000000001        1.0409940447513573E-011   0.0000000000000000     
   20.400000000000002       -1.3061156400690796E-011   0.0000000000000000     
   20.500000000000000        1.6382025695233697E-011   0.0000000000000000     
   20.600000000000001       -2.0532535185188952E-011   0.0000000000000000     
   20.700000000000003        2.5705730343583673E-011   0.0000000000000000     
   20.800000000000001       -3.2163514930216073E-011   0.0000000000000000     
   20.900000000000002        4.0203256087404569E-011   0.0000000000000000     
   21.000000000000000       -5.0216266154845178E-011   0.0000000000000000     
   21.100000000000001        6.2669330767844443E-011   0.0000000000000000     
   21.200000000000003       -7.8140261161430852E-011   0.0000000000000000     
   21.300000000000001        9.7348514807159456E-011   0.0000000000000000     
   21.400000000000002       -1.2116953570603790E-010   0.0000000000000000     
   21.500000000000000        1.5069132586722663E-010   0.0000000000000000     
   21.600000000000001       -1.8723272179701850E-010   0.0000000000000000     
   21.700000000000003        2.3243117286088625E-010   0.0000000000000000     
   21.800000000000001       -2.8827856121102045E-010   0.0000000000000000     
   21.900000000000002        3.5721036750597011E-010   0.0000000000000000     
   22.000000000000000       -4.4222352528644286E-010   0.0000000000000000     
   22.100000000000001        5.4695359416811888E-010   0.0000000000000000     
   22.200000000000003       -6.7585601593356391E-010   0.0000000000000000     
   22.300000000000001        8.3434263232790138E-010   0.0000000000000000     
   22.400000000000002       -1.0290050472592738E-009   0.0000000000000000     
   22.500000000000000        1.2678711994970811E-009   0.0000000000000000     
   22.600000000000001       -1.5606642402008787E-009   0.0000000000000000     
   22.700000000000003        1.9191968701382699E-009   0.0000000000000000     
   22.800000000000001       -2.3577674766594308E-009   0.0000000000000000     
   22.900000000000002        2.8936820733459603E-009   0.0000000000000000     
   23.000000000000000       -3.5478575491003003E-009   0.0000000000000000     
   23.100000000000001        4.3455373297093235E-009   0.0000000000000000     
   23.200000000000003       -5.3171645483424765E-009   0.0000000000000000     
   23.300000000000001        6.4993896604060116E-009   0.0000000000000000     
   23.400000000000002       -7.9362972612488262E-009   0.0000000000000000     
   23.500000000000000        9.6808363570275254E-009   0.0000000000000000     
   23.600000000000001       -1.1796537641451785E-008   0.0000000000000000     
   23.700000000000003        1.4359526003213160E-008   0.0000000000000000     
   23.800000000000001       -1.7460882655005501E-008   0.0000000000000000     
   23.900000000000002        2.1209478811185032E-008   0.0000000000000000     
   24.000000000000000       -2.5735258817875305E-008   0.0000000000000000     
   24.100000000000001        3.1193113144597093E-008   0.0000000000000000     
   24.200000000000003       -3.7767456915049186E-008   0.0000000000000000     
   24.300000000000001        4.5677525867178929E-008   0.0000000000000000     
   24.400000000000002       -5.5183640179474334E-008   0.0000000000000000     
   24.500000000000000        6.6594466928033110E-008   0.0000000000000000     
   24.600000000000001       -8.0275495880871429E-008   0.0000000000000000     
   24.700000000000003        9.6658947134768936E-008   0.0000000000000000     
   24.800000000000001       -1.1625521222665573E-007   0.0000000000000000     
   24.900000000000002        1.3966616976737223E-007   0.0000000000000000     
   25.000000000000000       -1.6760059622871190E-007   0.0000000000000000     
   25.100000000000001        2.0089196499965473E-007   0.0000000000000000     
   25.200000000000003       -2.4051899010211753E-007   0.0000000000000000     
   25.300000000000001        2.8762928863521055E-007   0.0000000000000000     
   25.400000000000002       -3.4356657480294246E-007   0.0000000000000000     
   25.500000000000000        4.0990186643009001E-007   0.0000000000000000     
   25.600000000000001       -4.8846922808598045E-007   0.0000000000000000     
   25.700000000000003        5.8140663275868103E-007   0.0000000000000000     
   25.800000000000001       -6.9120254225974737E-007   0.0000000000000000     
   25.900000000000002        8.2074901971043944E-007   0.0000000000000000     
   26.000000000000000       -9.7340199728833469E-007   0.0000000000000000     
   26.100000000000001        1.1530496665894237E-006   0.0000000000000000     
   26.200000000000003       -1.3641898665208631E-006   0.0000000000000000     
   26.300000000000001        1.6120174363248182E-006   0.0000000000000000     
   26.400000000000002       -1.9025226946618281E-006   0.0000000000000000     
   26.500000000000000        2.2426020683432819E-006   0.0000000000000000     
   26.600000000000001       -2.6401822648035071E-006   0.0000000000000000     
   26.700000000000003        3.1043591614031744E-006   0.0000000000000000     
   26.800000000000001       -3.6455528709545399E-006   0.0000000000000000     
   26.900000000000002        4.2756804247850231E-006   0.0000000000000000     
   27.000000000000000       -5.0083476002326366E-006   0.0000000000000000     
   27.100000000000001        5.8590614230550731E-006   0.0000000000000000     
   27.200000000000003       -6.8454649692547318E-006   0.0000000000000000     
   27.300000000000001        7.9875961203786084E-006   0.0000000000000000     
   27.400000000000002       -9.3081718313338242E-006   0.0000000000000000     
   27.500000000000000        1.0832899563583217E-005   0.0000000000000000     
   27.600000000000001       -1.2590817412617472E-005   0.0000000000000000     
   27.700000000000003        1.4614664360407898E-005   0.0000000000000000     
   27.800000000000001       -1.6941282019101996E-005   0.0000000000000000     
   27.900000000000002        1.9612048985861101E-005   0.0000000000000000     
   28.000000000000000       -2.2673348765676469E-005   0.0000000000000000     
   28.100000000000001        2.6177071871836546E-005   0.0000000000000000     
   28.200000000000003       -3.0181152455057057E-005   0.0000000000000000     
   28.300000000000001        3.4750139279380066E-005   0.0000000000000000     
   28.400000000000002       -3.9955800478165882E-005   0.0000000000000000     
   28.500000000000000        4.5877760907427576E-005   0.0000000000000000     
   28.600000000000001       -5.2604170204618506E-005   0.0000000000000000     
   28.700000000000003        6.0232398967510412E-005   0.0000000000000000     
   28.800000000000001       -6.8869759571025104E-005   0.0000000000000000     
   28.900000000000002        7.8634247253658607E-005   0.0000000000000000     
   29.000000000000000       -8.9655295859339423E-005   0.0000000000000000     
   29.100000000000001        1.0207454171890296E-004   0.0000000000000000     
   29.200000000000003       -1.1604658766081326E-004   0.0000000000000000     
   29.300000000000001        1.3173975790784268E-004   0.0000000000000000     
   29.400000000000002       -1.4933683308248095E-004   0.0000000000000000     
   29.500000000000000        1.6903575302522944E-004   0.0000000000000000     
   29.600000000000001       -1.9105027358008402E-004   0.0000000000000000     
   29.700000000000003        2.1561056166884618E-004   0.0000000000000000     
   29.800000000000001       -2.4296371146742183E-004   0.0000000000000000     
   29.900000000000002        2.7337416259851598E-004   0.0000000000000000     
   30.000000000000000       -3.0712399970892726E-004   0.0000000000000000     
   30.100000000000001        3.4451311098454335E-004   0.0000000000000000     
   30.200000000000003       -3.8585918172429247E-004   0.0000000000000000     
   30.300000000000001        4.3149749757623258E-004   0.0000000000000000     
   30.400000000000002       -4.8178053071676189E-004   0.0000000000000000     
   30.500000000000000        5.3707728139085198E-004   0.0000000000000000     
   30.600000000000001       -5.9777234615043307E-004   0.0000000000000000     
   30.700000000000003        6.6426468400797105E-004   0.0000000000000000     
   30.800000000000001       -7.3696605142839022E-004   0.0000000000000000     
   30.900000000000002        8.1629907761563184E-004   0.0000000000000000     
   31.000000000000000       -9.0269495242927531E-004   0.0000000000000000     
   31.100000000000001        9.9659070078089067E-004   0.0000000000000000     
   31.200000000000003       -1.0984260195023730E-003   0.0000000000000000     
   31.300000000000001        1.2086396555003776E-003   0.0000000000000000     
   31.400000000000002       -1.3276653076808359E-003   0.0000000000000000     
   31.500000000000000        1.4559270394000131E-003   0.0000000000000000     
   31.600000000000001       -1.5938341935703036E-003   0.0000000000000000     
   31.700000000000003        1.7417758085187063E-003   0.0000000000000000     
   31.800000000000001       -1.9001145396814866E-003   0.0000000000000000     
   31.900000000000002        2.0691801001662042E-003   0.0000000000000000     
   32.000000000000000       -2.2492622416868430E-003   0.0000000000000000     
   32.100000000000001        2.4406033070747467E-003   0.0000000000000000     
   32.200000000000003       -2.6433903956737960E-003   0.0000000000000000     
   32.300000000000004        2.8577471939213082E-003   0.0000000000000000     
   32.399999999999999       -3.0837255347922572E-003   0.0000000000000000     
   32.500000000000000        3.3212967618026427E-003   0.0000000000000000     
   32.600000000000001       -3.5703429852291658E-003   0.0000000000000000     
   32.700000000000003        3.8306483305486209E-003   0.0000000000000000     
   32.800000000000004       -4.1018902912027195E-003   0.0000000000000000     
   32.899999999999999        4.3836313092581623E-003   0.0000000000000000     
   33.000000000000000       -4.6753107188715129E-003   0.0000000000000000     
   33.100000000000001        4.9762371973162082E-003   0.0000000000000000     
   33.200000000000003       -5.2855818775073308E-003   0.0000000000000000     
   33.300000000000004        5.6023722830067556E-003   0.0000000000000000     
   33.399999999999999       -5.9254872523145218E-003   0.0000000000000000     
   33.500000000000000        6.2536530224536922E-003   0.0000000000000000     
   33.600000000000001       -6.5854406427693227E-003   0.0000000000000000     
   33.700000000000003        6.9192648880739855E-003   0.0000000000000000     
   33.800000000000004       -7.2533848352341300E-003   0.0000000000000000     
   33.899999999999999        7.5859062593298630E-003   0.0000000000000000     
   34.000000000000000       -7.9147859935928683E-003   0.0000000000000000     
   34.100000000000001        8.2378383822860890E-003   0.0000000000000000     
   34.200000000000003       -8.5527439365650233E-003   0.0000000000000000     
   34.300000000000004        8.8570602806142731E-003   0.0000000000000000     
   34.399999999999999       -9.1482354489391387E-003   0.0000000000000000     
   34.500000000000000        9.4236235655716198E-003   0.0000000000000000     
   34.600000000000001       -9.6805029026990654E-003   0.0000000000000000     
   34.700000000000003        9.9160962795731295E-003   0.0000000000000000     
   34.800000000000004       -1.0127593723659536E-002   0.0000000000000000     
   34.899999999999999        1.0312177274503818E-002   0.0000000000000000     
   35.000000000000000       -1.0467047768141561E-002   0.0000000000000000     
   35.100000000000001        1.0589453395899907E-002   0.0000000000000000     
   35.200000000000003       -1.0676719787740728E-002   0.0000000000000000     
   35.300000000000004        1.0726281326790731E-002   0.0000000000000000     
   35.399999999999999       -1.0735713360314657E-002   0.0000000000000000     
   35.500000000000000        1.0702764932907730E-002   0.0000000000000000     
   35.600000000000001       -1.0625391631992913E-002   0.0000000000000000     
   35.700000000000003        1.0501788104482015E-002   0.0000000000000000     
   35.800000000000004       -1.0330419777206170E-002   0.0000000000000000     
   35.899999999999999        1.0110053294187810E-002   0.0000000000000000     
   36.000000000000000       -9.8397851710397000E-003   0.0000000000000000     
   36.100000000000001        9.5190681621900707E-003   0.0000000000000000     
   36.200000000000003       -9.1477348403641023E-003   0.0000000000000000     
   36.300000000000004        8.7260179006188893E-003   0.0000000000000000     
   36.399999999999999       -8.2545667237319126E-003   0.0000000000000000     
   36.500000000000000        7.7344597654479879E-003   0.0000000000000000     
   36.600000000000001       -7.1672123800638789E-003   0.0000000000000000     
   36.700000000000003        6.5547797375002459E-003   0.0000000000000000     
   36.800000000000004       -5.8995545533574367E-003   0.0000000000000000     
   36.899999999999999        5.2043594197337794E-003   0.0000000000000000     
   37.000000000000000       -4.4724336004717717E-003   0.0000000000000000     
   37.100000000000001        3.7074142369023606E-003   0.0000000000000000     
   37.200000000000003       -2.9133119975086217E-003   0.0000000000000000     
   37.300000000000004        2.0944812960884290E-003   0.0000000000000000     
   37.399999999999999       -1.2555852960321704E-003   0.0000000000000000     
   37.500000000000000        4.0155601177624840E-004   0.0000000000000000     
   37.600000000000001        4.6245008982052888E-004   0.0000000000000000     
   37.700000000000003       -1.3311004971308352E-003   0.0000000000000000     
   37.800000000000004        2.1989384967057309E-003   0.0000000000000000     
   37.899999999999999       -3.0604378023029819E-003   0.0000000000000000     
   38.000000000000000        3.9100592546673510E-003   0.0000000000000000     
   38.100000000000001       -4.7423088212656863E-003   0.0000000000000000     
   38.200000000000003        5.5517960825251823E-003   0.0000000000000000     
   38.300000000000004       -6.3332923617650770E-003   0.0000000000000000     
   38.400000000000006        7.0817876417783726E-003   0.0000000000000000     
   38.500000000000000       -7.7925454122378182E-003   0.0000000000000000     
   38.600000000000001        8.4611546091771430E-003   0.0000000000000000     
   38.700000000000003       -9.0835778412793125E-003   0.0000000000000000     
   38.800000000000004        9.6561951466049983E-003   0.0000000000000000     
   38.900000000000006       -1.0175842587798134E-002   0.0000000000000000     
   39.000000000000000        1.0639845072178250E-002   0.0000000000000000     
   39.100000000000001       -1.1046042874500232E-002   0.0000000000000000     
   39.200000000000003        1.1392811442499505E-002   0.0000000000000000     
   39.300000000000004       -1.1679074177046641E-002   0.0000000000000000     
   39.400000000000006        1.1904307997339509E-002   0.0000000000000000     
   39.500000000000000       -1.2068541624722189E-002   0.0000000000000000     
   39.600000000000001        1.2172346643957594E-002   0.0000000000000000     
   39.700000000000003       -1.2216821525298642E-002   0.0000000000000000     
   39.800000000000004        1.2203568911986235E-002   0.0000000000000000     
   39.900000000000006       -1.2134666593209088E-002   0.0000000000000000     
   40.000000000000000        1.2012632689599024E-002   0.0000000000000000     
   40.100000000000001       -1.1840385674428201E-002   0.0000000000000000     
   40.200000000000003        1.1621199937545686E-002   0.0000000000000000     
   40.300000000000004       -1.1358657667657601E-002   0.0000000000000000     
   40.400000000000006        1.1056597882049069E-002   0.0000000000000000     
   40.500000000000000       -1.0719063468367835E-002   0.0000000000000000     
   40.600000000000001        1.0350247121812947E-002   0.0000000000000000     
   40.700000000000003       -9.9544370613303818E-003   0.0000000000000000     
   40.800000000000004        9.5359633912816891E-003   0.0000000000000000     
   40.900000000000006       -9.0991459408880614E-003   0.0000000000000000     
   41.000000000000000        8.6482443634729421E-003   0.0000000000000000     
   41.100000000000001       -8.1874112129442182E-003   0.0000000000000000     
   41.200000000000003        7.7206486371383812E-003   0.0000000000000000     
   41.300000000000004       -7.2517692396651869E-003   0.0000000000000000     
   41.400000000000006        6.7843615646515955E-003   0.0000000000000000     
   41.500000000000000       -6.3217605561127132E-003   0.0000000000000000     
   41.600000000000001        5.8670232368668862E-003   0.0000000000000000     
   41.700000000000003       -5.4229097443769152E-003   0.0000000000000000     
   41.800000000000004        4.9918697546596754E-003   0.0000000000000000     
   41.900000000000006       -4.5760342229076373E-003   0.0000000000000000     
   42.000000000000000        4.1772122731103811E-003   0.0000000000000000     
   42.100000000000001       -3.7968929805069149E-003   0.0000000000000000     
   42.200000000000003        3.4362517120103985E-003   0.0000000000000000     
   42.300000000000004       -3.0961606221204144E-003   0.0000000000000000     
   42.400000000000006        2.7772028464005762E-003   0.0000000000000000     
   42.500000000000000       -2.4796898920093351E-003   0.0000000000000000     
   42.600000000000001        2.2036816955064683E-003   0.0000000000000000     
   42.700000000000003       -1.9490088018997913E-003   0.0000000000000000     
   42.800000000000004        1.7152961156385066E-003   0.0000000000000000     
   42.900000000000006       -1.5019876831815645E-003   0.0000000000000000     
   43.000000000000000        1.3083719868868346E-003   0.0000000000000000     
   43.100000000000001       -1.1336072599686200E-003   0.0000000000000000     
   43.200000000000003        9.7674637136852286E-004   0.0000000000000000     
   43.300000000000004       -8.3676087499424370E-004   0.0000000000000000     
   43.400000000000006        7.1256386951897173E-004   0.0000000000000000     
   43.500000000000000       -6.0303136996719563E-004   0.0000000000000000     
   43.600000000000001        5.0702194995765212E-004   0.0000000000000000     
   43.700000000000003       -4.2339447135357494E-004   0.0000000000000000     
   43.800000000000004        3.5102377540215986E-004   0.0000000000000000     
   43.900000000000006       -2.8881426414335061E-004   0.0000000000000000     
   44.000000000000000        2.3571135235125220E-004   0.0000000000000000     
   44.100000000000001       -1.9071081726872540E-004   0.0000000000000000     
   44.200000000000003        1.5286611493885255E-004   0.0000000000000000     
   44.300000000000004       -1.2129376789891690E-004   0.0000000000000000     
   44.400000000000006        9.5176958594579336E-005   0.0000000000000000     
   44.500000000000000       -7.3767486094133939E-005   0.0000000000000000     
   44.600000000000001        5.6386260599442076E-005   0.0000000000000000     
   44.700000000000003       -4.2422521071786462E-005   0.0000000000000000     
   44.800000000000004        3.1331966251640530E-005   0.0000000000000000     
   44.900000000000006       -2.2633989200342964E-005   0.0000000000000000     
   45.000000000000000        1.5908200400752553E-005   0.0000000000000000     
   45.100000000000001       -1.0790415798214485E-005   0.0000000000000000     
   45.200000000000003        6.9682735507064414E-006   0.0000000000000000     
   45.300000000000004       -4.1766291414833455E-006   0.0000000000000000     
   45.400000000000006        2.1928610317982307E-006   0.0000000000000000     
   45.500000000000000       -8.3220223410747440E-007   0.0000000000000000     
   45.600000000000001       -5.6805764340587862E-008   0.0000000000000000     
   45.700000000000003        5.9665799571321543E-007   0.0000000000000000     
   45.800000000000004       -8.8496883506226584E-007   0.0000000000000000     
   45.900000000000006        9.9824830674214266E-007   0.0000000000000000     
   46.000000000000000       -9.9534200860267108E-007   0.0000000000000000     
   46.100000000000001        9.2051956960828629E-007   0.0000000000000000     
   46.200000000000003       -8.0620656001667224E-007   0.0000000000000000     
   46.300000000000004        6.7536685733656671E-007   0.0000000000000000     
   46.400000000000006       -5.4354858514762749E-007   0.0000000000000000     
   46.500000000000000        4.2061416409481165E-007   0.0000000000000000     
   46.600000000000001       -3.1217998145613668E-007   0.0000000000000000     
   46.700000000000003        2.2079155845988772E-007   0.0000000000000000     
   46.800000000000004       -1.4686734102323820E-007   0.0000000000000000     
   46.900000000000006        8.9435509927941256E-008   0.0000000000000000     
   47.000000000000000       -4.6700404645326316E-008   0.0000000000000000     
   47.100000000000001        1.6457929683272532E-008   0.0000000000000000     
   47.200000000000003        3.6050370974867235E-009   0.0000000000000000     
   47.300000000000004       -1.5711566241186596E-008   0.0000000000000000     
   47.400000000000006        2.1870415832225756E-008   0.0000000000000000     
   47.500000000000000       -2.3806765248636761E-008   0.0000000000000000     
   47.600000000000001        2.2943444019299948E-008   0.0000000000000000     
   47.700000000000003       -2.0396571133529440E-008   0.0000000000000000     
   47.800000000000004        1.7013343047791692E-008   0.0000000000000000     
   47.900000000000006       -1.3390051427725355E-008   0.0000000000000000     
   48.000000000000000        9.9324055969767883E-009   0.0000000000000000     
   48.100000000000001       -6.8760947130221111E-009   0.0000000000000000     
   48.200000000000003        4.3422683775939168E-009   0.0000000000000000     
   48.300000000000004       -2.3630150060462130E-009   0.0000000000000000     
   48.400000000000006        9.0414626300567347E-010   0.0000000000000000     
   48.500000000000000        8.3388078552128478E-011   0.0000000000000000     
   48.600000000000001       -7.0313343737100883E-010   0.0000000000000000     
   48.700000000000003        1.0067969980364039E-009   0.0000000000000000     
   48.800000000000004       -1.1180252878221271E-009   0.0000000000000000     
   48.900000000000006        1.0565230732926009E-009   0.0000000000000000     
   49.000000000000000       -9.3501426739450004E-010   0.0000000000000000     
   49.100000000000001        7.4850161452936960E-010   0.0000000000000000     
   49.200000000000003       -5.6434066917478004E-010   0.0000000000000000     
   49.300000000000004        4.0004104364002300E-010   0.0000000000000000     
   49.400000000000006       -2.2386970141749615E-010   0.0000000000000000     
   49.500000000000000        1.5155780163111858E-010   0.0000000000000000     
   49.600000000000001       -1.3446027724546852E-011   0.0000000000000000     
   49.700000000000003        2.6792590131874505E-011   0.0000000000000000     
   49.800000000000004        1.4363997561199469E-010   0.0000000000000000     
   49.900000000000006        5.0654071924799070E-054   0.0000000000000000     
