   0.0000000000000000       -1.4186006957909485E-015   0.0000000000000000     
  0.10000000000000001       -8.4294408933815112E-016   0.0000000000000000     
  0.20000000000000001        1.4349311946913031E-016   0.0000000000000000     
  0.30000000000000004        9.6783284616364011E-016   0.0000000000000000     
  0.40000000000000002        1.8130059841809354E-015   0.0000000000000000     
  0.50000000000000000        9.0450528485542274E-016   0.0000000000000000     
  0.60000000000000009       -7.2388183320467604E-016   0.0000000000000000     
  0.70000000000000007       -1.8049842258685130E-015   0.0000000000000000     
  0.80000000000000004        2.9366186605838567E-016   0.0000000000000000     
  0.90000000000000002        1.3008616199386210E-015   0.0000000000000000     
   1.0000000000000000       -1.4646544524604690E-015   0.0000000000000000     
   1.1000000000000001       -6.9110169596528296E-016   0.0000000000000000     
   1.2000000000000002        6.2843105071302785E-016   0.0000000000000000     
   1.3000000000000000       -8.8033027410510179E-016   0.0000000000000000     
   1.4000000000000001        1.0196850814908362E-015   0.0000000000000000     
   1.5000000000000000        2.4259469668901479E-015   0.0000000000000000     
   1.6000000000000001       -1.3154420746757488E-016   0.0000000000000000     
   1.7000000000000002       -1.1847928771950204E-015   0.0000000000000000     
   1.8000000000000000       -7.3474242534887180E-016   0.0000000000000000     
   1.9000000000000001       -3.6087850626361133E-016   0.0000000000000000     
   2.0000000000000000       -1.9727601789430712E-016   0.0000000000000000     
   2.1000000000000001       -9.1777345952328217E-016   0.0000000000000000     
   2.2000000000000002       -8.1771778231690253E-017   0.0000000000000000     
   2.3000000000000003        1.4817189298400515E-015   0.0000000000000000     
   2.4000000000000004        1.2772565618600096E-015   0.0000000000000000     
   2.5000000000000000        1.1002936578104593E-015   0.0000000000000000     
   2.6000000000000001        6.0576758167657907E-017   0.0000000000000000     
   2.7000000000000002       -1.8600244562338465E-015   0.0000000000000000     
   2.8000000000000003       -2.0021284906092053E-015   0.0000000000000000     
   2.9000000000000004       -8.8880392871377891E-016   0.0000000000000000     
   3.0000000000000000        8.5393838940035608E-016   0.0000000000000000     
   3.1000000000000001        1.2248079239699305E-015   0.0000000000000000     
   3.2000000000000002        5.9565413407967461E-016   0.0000000000000000     
   3.3000000000000003        1.7770278057044295E-015   0.0000000000000000     
   3.4000000000000004        7.8004951706017525E-016   0.0000000000000000     
   3.5000000000000000       -2.3203089512386779E-015   0.0000000000000000     
   3.6000000000000001       -2.2576357625295004E-015   0.0000000000000000     
   3.7000000000000002       -4.1625693551509210E-016   0.0000000000000000     
   3.8000000000000003        1.0313464273744768E-015   0.0000000000000000     
   3.9000000000000004        1.3703002503094799E-015   0.0000000000000000     
   4.0000000000000000        6.2356873672141127E-016   0.0000000000000000     
   4.1000000000000005        2.9237460853700318E-016   0.0000000000000000     
   4.2000000000000002        2.9624568641101658E-017   0.0000000000000000     
   4.2999999999999998       -6.7113659694247129E-016   0.0000000000000000     
   4.4000000000000004       -1.1442654760364415E-015   0.0000000000000000     
   4.5000000000000000       -4.5020265225092330E-016   0.0000000000000000     
   4.6000000000000005       -2.6678012390469012E-017   0.0000000000000000     
   4.7000000000000002       -1.5304812785249173E-016   0.0000000000000000     
   4.8000000000000007        1.7504960414655407E-015   0.0000000000000000     
   4.9000000000000004        1.8932998664583579E-015   0.0000000000000000     
   5.0000000000000000       -9.0406971989109299E-016   0.0000000000000000     
   5.1000000000000005       -1.3153756119616834E-015   0.0000000000000000     
   5.2000000000000002       -6.8754985384768941E-016   0.0000000000000000     
   5.3000000000000007       -4.8634447938819351E-016   0.0000000000000000     
   5.4000000000000004        3.6676219508693836E-016   0.0000000000000000     
   5.5000000000000000        5.5061651528765448E-016   0.0000000000000000     
   5.6000000000000005       -5.0098559646368488E-017   0.0000000000000000     
   5.7000000000000002       -5.4780086497774267E-016   0.0000000000000000     
   5.8000000000000007        5.8417484688553119E-016   0.0000000000000000     
   5.9000000000000004        1.9003349337252510E-015   0.0000000000000000     
   6.0000000000000000        7.5323025506840318E-016   0.0000000000000000     
   6.1000000000000005       -1.2774239966760620E-015   0.0000000000000000     
   6.2000000000000002       -2.7090382037649261E-015   0.0000000000000000     
   6.3000000000000007       -1.0703872792270892E-015   0.0000000000000000     
   6.4000000000000004        1.6052478184635252E-015   0.0000000000000000     
   6.5000000000000000        7.2567780374706198E-016   0.0000000000000000     
   6.6000000000000005        2.1526480466477395E-016   0.0000000000000000     
   6.7000000000000002        1.1464444884707799E-015   0.0000000000000000     
   6.8000000000000007       -3.5904440958298333E-016   0.0000000000000000     
   6.9000000000000004       -6.7344610189842487E-016   0.0000000000000000     
   7.0000000000000000        7.5154501480853031E-016   0.0000000000000000     
   7.1000000000000005        5.3588749558912416E-016   0.0000000000000000     
   7.2000000000000002       -2.1398029442677395E-015   0.0000000000000000     
   7.3000000000000007       -1.7863380866494944E-015   0.0000000000000000     
   7.4000000000000004        1.9507332759595455E-016   0.0000000000000000     
   7.5000000000000000        9.3871895682579153E-016   0.0000000000000000     
   7.6000000000000005        1.0412501310771510E-015   0.0000000000000000     
   7.7000000000000002        3.0873679646201369E-015   0.0000000000000000     
   7.8000000000000007       -3.2607656063156332E-016   0.0000000000000000     
   7.9000000000000004       -9.3187127022022873E-016   0.0000000000000000     
   8.0000000000000000       -2.4520539639941540E-015   0.0000000000000000     
   8.0999999999999996       -5.7415005799811030E-016   0.0000000000000000     
   8.2000000000000011       -2.3384129567790043E-015   0.0000000000000000     
   8.3000000000000007        3.6535250667835673E-015   0.0000000000000000     
   8.4000000000000004       -1.2301877558258896E-015   0.0000000000000000     
   8.5000000000000000        3.9747706356889118E-015   0.0000000000000000     
   8.5999999999999996       -3.5345177105905209E-015   0.0000000000000000     
   8.7000000000000011        5.3891699368458674E-015   0.0000000000000000     
   8.8000000000000007       -8.1678901587651560E-015   0.0000000000000000     
   8.9000000000000004        9.4422010022022221E-015   0.0000000000000000     
   9.0000000000000000       -1.3796675346090384E-014   0.0000000000000000     
   9.0999999999999996        1.3815401726579502E-014   0.0000000000000000     
   9.2000000000000011       -1.7709238063596672E-014   0.0000000000000000     
   9.3000000000000007        2.7263386450614614E-014   0.0000000000000000     
   9.4000000000000004       -3.1500846707123389E-014   0.0000000000000000     
   9.5000000000000000        3.9597046296615264E-014   0.0000000000000000     
   9.6000000000000014       -5.5360698849331389E-014   0.0000000000000000     
   9.7000000000000011        7.0337011039603665E-014   0.0000000000000000     
   9.8000000000000007       -8.5607743951162319E-014   0.0000000000000000     
   9.9000000000000004        1.0895123997074293E-013   0.0000000000000000     
   10.000000000000000       -1.3904418749917782E-013   0.0000000000000000     
   10.100000000000001        1.7887963040252552E-013   0.0000000000000000     
   10.200000000000001       -2.3373321674859879E-013   0.0000000000000000     
   10.300000000000001        2.9411199212307920E-013   0.0000000000000000     
   10.400000000000000       -3.7192471174958122E-013   0.0000000000000000     
   10.500000000000000        4.7659433145100970E-013   0.0000000000000000     
   10.600000000000001       -6.0177801914124457E-013   0.0000000000000000     
   10.700000000000001        7.6834606260724843E-013   0.0000000000000000     
   10.800000000000001       -9.7867372186756702E-013   0.0000000000000000     
   10.900000000000000        1.2377843092399664E-012   0.0000000000000000     
   11.000000000000000       -1.5760057344222732E-012   0.0000000000000000     
   11.100000000000001        1.9981989225117239E-012   0.0000000000000000     
   11.200000000000001       -2.5297464378760858E-012   0.0000000000000000     
   11.300000000000001        3.2046008539226161E-012   0.0000000000000000     
   11.400000000000000       -4.0521293174615731E-012   0.0000000000000000     
   11.500000000000000        5.1283862462572258E-012   0.0000000000000000     
   11.600000000000001       -6.4820389836257763E-012   0.0000000000000000     
   11.700000000000001        8.1819289237039702E-012   0.0000000000000000     
   11.800000000000001       -1.0324728903074266E-011   0.0000000000000000     
   11.900000000000000        1.3015952158546325E-011   0.0000000000000000     
   12.000000000000000       -1.6398775112900402E-011   0.0000000000000000     
   12.100000000000001        2.0641222117768354E-011   0.0000000000000000     
   12.200000000000001       -2.5959299619758685E-011   0.0000000000000000     
   12.300000000000001        3.2627386081450916E-011   0.0000000000000000     
   12.400000000000000       -4.0968858030522889E-011   0.0000000000000000     
   12.500000000000000        5.1397910108702958E-011   0.0000000000000000     
   12.600000000000001       -6.4429723598121808E-011   0.0000000000000000     
   12.700000000000001        8.0694885513906678E-011   0.0000000000000000     
   12.800000000000001       -1.0097880689454127E-010   0.0000000000000000     
   12.900000000000000        1.2624972344021278E-010   0.0000000000000000     
   13.000000000000000       -1.5770125669539080E-010   0.0000000000000000     
   13.100000000000001        1.9681033515910735E-010   0.0000000000000000     
   13.200000000000001       -2.4539487307637031E-010   0.0000000000000000     
   13.300000000000001        3.0568635156215559E-010   0.0000000000000000     
   13.400000000000000       -3.8043566162089358E-010   0.0000000000000000     
   13.500000000000000        4.7301677191436329E-010   0.0000000000000000     
   13.600000000000001       -5.8756588587129213E-010   0.0000000000000000     
   13.700000000000001        7.2915225399529704E-010   0.0000000000000000     
   13.800000000000001       -9.0397107470420845E-010   0.0000000000000000     
   13.900000000000000        1.1196008344398110E-009   0.0000000000000000     
   14.000000000000000       -1.3852897105402149E-009   0.0000000000000000     
   14.100000000000001        1.7123132187829209E-009   0.0000000000000000     
   14.200000000000001       -2.1143989933883848E-009   0.0000000000000000     
   14.300000000000001        2.6082317162453838E-009   0.0000000000000000     
   14.400000000000000       -3.2140963673277902E-009   0.0000000000000000     
   14.500000000000000        3.9565895604579222E-009   0.0000000000000000     
   14.600000000000001       -4.8655059570733174E-009   0.0000000000000000     
   14.700000000000001        5.9769139779225199E-009   0.0000000000000000     
   14.800000000000001       -7.3343851271656495E-009   0.0000000000000000     
   14.900000000000000        8.9905203323734853E-009   0.0000000000000000     
   15.000000000000000       -1.1008723070876300E-008   0.0000000000000000     
   15.100000000000001        1.3465296155883015E-008   0.0000000000000000     
   15.200000000000001       -1.6451989985460561E-008   0.0000000000000000     
   15.300000000000001        2.0078957472032192E-008   0.0000000000000000     
   15.400000000000000       -2.4478251844662740E-008   0.0000000000000000     
   15.500000000000000        2.9807989883522383E-008   0.0000000000000000     
   15.600000000000001       -3.6257229639650346E-008   0.0000000000000000     
   15.700000000000001        4.4051713323802757E-008   0.0000000000000000     
   15.800000000000001       -5.3460600420479546E-008   0.0000000000000000     
   15.900000000000000        6.4804369086791103E-008   0.0000000000000000     
   16.000000000000000       -7.8464074514562084E-008   0.0000000000000000     
   16.100000000000001        9.4892126571387655E-008   0.0000000000000000     
   16.199999999999999       -1.1462489257542099E-007   0.0000000000000000     
   16.300000000000001        1.3829735212167447E-007   0.0000000000000000     
   16.400000000000002       -1.6666009656001656E-007   0.0000000000000000     
   16.500000000000000        2.0059909613291587E-007   0.0000000000000000     
   16.600000000000001       -2.4115853849860765E-007   0.0000000000000000     
   16.699999999999999        2.8956721018131101E-007   0.0000000000000000     
   16.800000000000001       -3.4726894614338876E-007   0.0000000000000000     
   16.900000000000002        4.1595764479153853E-007   0.0000000000000000     
   17.000000000000000       -4.9761749470087238E-007   0.0000000000000000     
   17.100000000000001        5.9456908363900723E-007   0.0000000000000000     
   17.199999999999999       -7.0952212368827127E-007   0.0000000000000000     
   17.300000000000001        8.4563564273393659E-007   0.0000000000000000     
   17.400000000000002       -1.0065865601236376E-006   0.0000000000000000     
   17.500000000000000        1.1966476004512147E-006   0.0000000000000000     
   17.600000000000001       -1.4207756553456757E-006   0.0000000000000000     
   17.699999999999999        1.6847117728579473E-006   0.0000000000000000     
   17.800000000000001       -1.9950940087691309E-006   0.0000000000000000     
   17.900000000000002        2.3595845503733064E-006   0.0000000000000000     
   18.000000000000000       -2.7870125031280247E-006   0.0000000000000000     
   18.100000000000001        3.2875339186821579E-006   0.0000000000000000     
   18.199999999999999       -3.8728107019417594E-006   0.0000000000000000     
   18.300000000000001        4.5562100334991463E-006   0.0000000000000000     
   18.400000000000002       -5.3530261721080466E-006   0.0000000000000000     
   18.500000000000000        6.2807263444035872E-006   0.0000000000000000     
   18.600000000000001       -7.3592226480656008E-006   0.0000000000000000     
   18.699999999999999        8.6111718544972545E-006   0.0000000000000000     
   18.800000000000001       -1.0062304820665616E-005   0.0000000000000000     
   18.900000000000002        1.1741787476661063E-005   0.0000000000000000     
   19.000000000000000       -1.3682614989424549E-005   0.0000000000000000     
   19.100000000000001        1.5922040671437593E-005   0.0000000000000000     
   19.200000000000003       -1.8502041151367351E-005   0.0000000000000000     
   19.300000000000001        2.1469818776158121E-005   0.0000000000000000     
   19.400000000000002       -2.4878342217616995E-005   0.0000000000000000     
   19.500000000000000        2.8786925730109419E-005   0.0000000000000000     
   19.600000000000001       -3.3261846956636978E-005   0.0000000000000000     
   19.700000000000003        3.8377002878299550E-005   0.0000000000000000     
   19.800000000000001       -4.4214602565418793E-005   0.0000000000000000     
   19.900000000000002        5.0865894831479729E-005   0.0000000000000000     
   20.000000000000000       -5.8431928034995243E-005   0.0000000000000000     
   20.100000000000001        6.7024338075061707E-005   0.0000000000000000     
   20.200000000000003       -7.6766159858455673E-005   0.0000000000000000     
   20.300000000000001        8.7792656062355987E-005   0.0000000000000000     
   20.400000000000002       -1.0025215570457243E-004   0.0000000000000000     
   20.500000000000000        1.1430689376037407E-004   0.0000000000000000     
   20.600000000000001       -1.3013384121229204E-004   0.0000000000000000     
   20.700000000000003        1.4792551347287097E-004   0.0000000000000000     
   20.800000000000001       -1.6789074325266633E-004   0.0000000000000000     
   20.900000000000002        1.9025540205599975E-004   0.0000000000000000     
   21.000000000000000       -2.1526305266083388E-004   0.0000000000000000     
   21.100000000000001        2.4317551286324015E-004   0.0000000000000000     
   21.200000000000003       -2.7427330893351506E-004   0.0000000000000000     
   21.300000000000001        3.0885599517996320E-004   0.0000000000000000     
   21.400000000000002       -3.4724231418628218E-004   0.0000000000000000     
   21.500000000000000        3.8977017055015500E-004   0.0000000000000000     
   21.600000000000001       -4.3679638926243070E-004   0.0000000000000000     
   21.700000000000003        4.8869622856335991E-004   0.0000000000000000     
   21.800000000000001       -5.4586261594928131E-004   0.0000000000000000     
   21.900000000000002        6.0870507524038052E-004   0.0000000000000000     
   22.000000000000000       -6.7764831221073468E-004   0.0000000000000000     
   22.100000000000001        7.5313042651332582E-004   0.0000000000000000     
   22.200000000000003       -8.3560071818816241E-004   0.0000000000000000     
   22.300000000000001        9.2551705833100067E-004   0.0000000000000000     
   22.400000000000002       -1.0233427956494051E-003   0.0000000000000000     
   22.500000000000000        1.1295431731946086E-003   0.0000000000000000     
   22.600000000000001       -1.2445812332891118E-003   0.0000000000000000     
   22.700000000000003        1.3689131931247844E-003   0.0000000000000000     
   22.800000000000001       -1.5029832788936240E-003   0.0000000000000000     
   22.900000000000002        1.6472180127749703E-003   0.0000000000000000     
   23.000000000000000       -1.8020199544070167E-003   0.0000000000000000     
   23.100000000000001        1.9677609069526725E-003   0.0000000000000000     
   23.200000000000003       -2.1447746071275209E-003   0.0000000000000000     
   23.300000000000001        2.3333489289677589E-003   0.0000000000000000     
   23.400000000000002       -2.5337176422634143E-003   0.0000000000000000     
   23.500000000000000        2.7460517784553620E-003   0.0000000000000000     
   23.600000000000001       -2.9704506696623606E-003   0.0000000000000000     
   23.700000000000003        3.2069327394163259E-003   0.0000000000000000     
   23.800000000000001       -3.4554261373198549E-003   0.0000000000000000     
   23.900000000000002        3.7157593235225715E-003   0.0000000000000000     
   24.000000000000000       -3.9876517222282339E-003   0.0000000000000000     
   24.100000000000001        4.2707045768585984E-003   0.0000000000000000     
   24.200000000000003       -4.5643921517291601E-003   0.0000000000000000     
   24.300000000000001        4.8680534366550322E-003   0.0000000000000000     
   24.400000000000002       -5.1808845211870165E-003   0.0000000000000000     
   24.500000000000000        5.5019318133336338E-003   0.0000000000000000     
   24.600000000000001       -5.8300862843401998E-003   0.0000000000000000     
   24.700000000000003        6.1640789249912615E-003   0.0000000000000000     
   24.800000000000001       -6.5024776001076992E-003   0.0000000000000000     
   24.900000000000002        6.8436854863208416E-003   0.0000000000000000     
   25.000000000000000       -7.1859412727465870E-003   0.0000000000000000     
   25.100000000000001        7.5273212955021531E-003   0.0000000000000000     
   25.200000000000003       -7.8657437642904171E-003   0.0000000000000000     
   25.300000000000001        8.1989752223137740E-003   0.0000000000000000     
   25.400000000000002       -8.5246393600860813E-003   0.0000000000000000     
   25.500000000000000        8.8402282784821092E-003   0.0000000000000000     
   25.600000000000001       -9.1431162671521942E-003   0.0000000000000000     
   25.700000000000003        9.4305761315014603E-003   0.0000000000000000     
   25.800000000000001       -9.6997980643550620E-003   0.0000000000000000     
   25.900000000000002        9.9479110185388894E-003   0.0000000000000000     
   26.000000000000000       -1.0172006493613196E-002   0.0000000000000000     
   26.100000000000001        1.0369164604560459E-002   0.0000000000000000     
   26.200000000000003       -1.0536482253748538E-002   0.0000000000000000     
   26.300000000000001        1.0671103179547430E-002   0.0000000000000000     
   26.400000000000002       -1.0770249607486546E-002   0.0000000000000000     
   26.500000000000000        1.0831255183359693E-002   0.0000000000000000     
   26.600000000000001       -1.0851598822739058E-002   0.0000000000000000     
   26.700000000000003        1.0828939070039928E-002   0.0000000000000000     
   26.800000000000001       -1.0761148522619291E-002   0.0000000000000000     
   26.900000000000002        1.0646347842869650E-002   0.0000000000000000     
   27.000000000000000       -1.0482938855286833E-002   0.0000000000000000     
   27.100000000000001        1.0269636206242994E-002   0.0000000000000000     
   27.200000000000003       -1.0005497053161113E-002   0.0000000000000000     
   27.300000000000001        9.6899482477801110E-003   0.0000000000000000     
   27.400000000000002       -9.3228104853129226E-003   0.0000000000000000     
   27.500000000000000        8.9043189087612273E-003   0.0000000000000000     
   27.600000000000001       -8.4351396852637983E-003   0.0000000000000000     
   27.700000000000003        7.9163821092071429E-003   0.0000000000000000     
   27.800000000000001       -7.3496058354621998E-003   0.0000000000000000     
   27.900000000000002        6.7368229040547876E-003   0.0000000000000000     
   28.000000000000000       -6.0804942853263256E-003   0.0000000000000000     
   28.100000000000001        5.3835207508122719E-003   0.0000000000000000     
   28.200000000000003       -4.6492279583622252E-003   0.0000000000000000     
   28.300000000000001        3.8813457300251558E-003   0.0000000000000000     
   28.400000000000002       -3.0839815952305939E-003   0.0000000000000000     
   28.500000000000000        2.2615887691405092E-003   0.0000000000000000     
   28.600000000000001       -1.4189288344517101E-003   0.0000000000000000     
   28.700000000000003        5.6102949215496663E-004   0.0000000000000000     
   28.800000000000001        3.0686215852232231E-004   0.0000000000000000     
   28.900000000000002       -1.1793302613006815E-003   0.0000000000000000     
   29.000000000000000        2.0508441328885548E-003   0.0000000000000000     
   29.100000000000001       -2.9158147760364695E-003   0.0000000000000000     
   29.200000000000003        3.7686532070952180E-003   0.0000000000000000     
   29.300000000000001       -4.6038297792127692E-003   0.0000000000000000     
   29.400000000000002        5.4159336460803181E-003   0.0000000000000000     
   29.500000000000000       -6.1997314900165907E-003   0.0000000000000000     
   29.600000000000001        6.9502246329428627E-003   0.0000000000000000     
   29.700000000000003       -7.6627036601914457E-003   0.0000000000000000     
   29.800000000000001        8.3327997152507459E-003   0.0000000000000000     
   29.900000000000002       -8.9565316681085166E-003   0.0000000000000000     
   30.000000000000000        9.5303484203084054E-003   0.0000000000000000     
   30.100000000000001       -1.0051165685421980E-002   0.0000000000000000     
   30.200000000000003        1.0516396672558553E-002   0.0000000000000000     
   30.300000000000001       -1.0923976201589509E-002   0.0000000000000000     
   30.400000000000002        1.1272377889695661E-002   0.0000000000000000     
   30.500000000000000       -1.1560624167272059E-002   0.0000000000000000     
   30.600000000000001        1.1788289005274963E-002   0.0000000000000000     
   30.700000000000003       -1.1955493362325475E-002   0.0000000000000000     
   30.800000000000001        1.2062893486303634E-002   0.0000000000000000     
   30.900000000000002       -1.2111662328692893E-002   0.0000000000000000     
   31.000000000000000        1.2103464447942839E-002   0.0000000000000000     
   31.100000000000001       -1.2040424888267048E-002   0.0000000000000000     
   31.200000000000003        1.1925092619816970E-002   0.0000000000000000     
   31.300000000000001       -1.1760399213486799E-002   0.0000000000000000     
   31.400000000000002        1.1549613496327727E-002   0.0000000000000000     
   31.500000000000000       -1.1296292990740824E-002   0.0000000000000000     
   31.600000000000001        1.1004232980842034E-002   0.0000000000000000     
   31.700000000000003       -1.0677414072096398E-002   0.0000000000000000     
   31.800000000000001        1.0319949115340633E-002   0.0000000000000000     
   31.900000000000002       -9.9360303537483503E-003   0.0000000000000000     
   32.000000000000000        9.5298776219082809E-003   0.0000000000000000     
   32.100000000000001       -9.1056883805622196E-003   0.0000000000000000     
   32.200000000000003        8.6675903109561647E-003   0.0000000000000000     
   32.300000000000004       -8.2195971198449798E-003   0.0000000000000000     
   32.399999999999999        7.7655681226777963E-003   0.0000000000000000     
   32.500000000000000       -7.3091720804975245E-003   0.0000000000000000     
   32.600000000000001        6.8538556674963124E-003   0.0000000000000000     
   32.700000000000003       -6.4028168441865171E-003   0.0000000000000000     
   32.800000000000004        5.9589833073181702E-003   0.0000000000000000     
   32.899999999999999       -5.5249960854462238E-003   0.0000000000000000     
   33.000000000000000        5.1031982497706007E-003   0.0000000000000000     
   33.100000000000001       -4.6956286160681733E-003   0.0000000000000000     
   33.200000000000003        4.3040202276136115E-003   0.0000000000000000     
   33.300000000000004       -3.9298033313407464E-003   0.0000000000000000     
   33.399999999999999        3.5741124928516210E-003   0.0000000000000000     
   33.500000000000000       -3.2377974402954882E-003   0.0000000000000000     
   33.600000000000001        2.9214371835257144E-003   0.0000000000000000     
   33.700000000000003       -2.6253569240958551E-003   0.0000000000000000     
   33.800000000000004        2.3496472526036956E-003   0.0000000000000000     
   33.899999999999999       -2.0941851234697073E-003   0.0000000000000000     
   34.000000000000000        1.8586561017670778E-003   0.0000000000000000     
   34.100000000000001       -1.6425773920997770E-003   0.0000000000000000     
   34.200000000000003        1.4453211843909305E-003   0.0000000000000000     
   34.300000000000004       -1.2661378841041571E-003   0.0000000000000000     
   34.399999999999999        1.1041788345701395E-003   0.0000000000000000     
   34.500000000000000       -9.5851818384270441E-004   0.0000000000000000     
   34.600000000000001        8.2817359760716436E-004   0.0000000000000000     
   34.700000000000003       -7.1212557081826340E-004   0.0000000000000000     
   34.800000000000004        6.0933514277533780E-004   0.0000000000000000     
   34.899999999999999       -5.1875987203996079E-004   0.0000000000000000     
   35.000000000000000        4.3936797739655862E-004   0.0000000000000000     
   35.100000000000001       -3.7015059819831453E-004   0.0000000000000000     
   35.200000000000003        3.1013217079443634E-004   0.0000000000000000     
   35.300000000000004       -2.5837895678820723E-004   0.0000000000000000     
   35.399999999999999        2.1400579273209001E-004   0.0000000000000000     
   35.500000000000000       -1.7618115966401186E-004   0.0000000000000000     
   35.600000000000001        1.4413069411000023E-004   0.0000000000000000     
   35.700000000000003       -1.1713927971851427E-004   0.0000000000000000     
   35.800000000000004        9.4551871258516786E-005   0.0000000000000000     
   35.899999999999999       -7.5773209924834671E-005   0.0000000000000000     
   36.000000000000000        6.0266591487356417E-005   0.0000000000000000     
   36.100000000000001       -4.7551847544163072E-005   0.0000000000000000     
   36.200000000000003        3.7202694628419028E-005   0.0000000000000000     
   36.300000000000004       -2.8843598095205277E-005   0.0000000000000000     
   36.399999999999999        2.2146286796783300E-005   0.0000000000000000     
   36.500000000000000       -1.6826042297677528E-005   0.0000000000000000     
   36.600000000000001        1.2637872547959732E-005   0.0000000000000000     
   36.700000000000003       -9.3726653908203464E-006   0.0000000000000000     
   36.800000000000004        6.8534029573828537E-006   0.0000000000000000     
   36.899999999999999       -4.9315031025077282E-006   0.0000000000000000     
   37.000000000000000        3.4833404182166385E-006   0.0000000000000000     
   37.100000000000001       -2.4069863466824225E-006   0.0000000000000000     
   37.200000000000003        1.6191957915066462E-006   0.0000000000000000     
   37.300000000000004       -1.0526572300340733E-006   0.0000000000000000     
   37.399999999999999        6.5351387501862637E-007   0.0000000000000000     
   37.500000000000000       -3.7915556219295719E-007   0.0000000000000000     
   37.600000000000001        1.9627469733701155E-007   0.0000000000000000     
   37.700000000000003       -7.9174277297421938E-008   0.0000000000000000     
   37.800000000000004        8.3122940770052886E-009   0.0000000000000000     
   37.899999999999999        3.0935953577213813E-008   0.0000000000000000     
   38.000000000000000       -4.9317790900599097E-008   0.0000000000000000     
   38.100000000000001        5.4566229575898969E-008   0.0000000000000000     
   38.200000000000003       -5.2107174825078886E-008   0.0000000000000000     
   38.300000000000004        4.5631119563801933E-008   0.0000000000000000     
   38.400000000000006       -3.7548760375933482E-008   0.0000000000000000     
   38.500000000000000        2.9348551308462903E-008   0.0000000000000000     
   38.600000000000001       -2.1872514635767840E-008   0.0000000000000000     
   38.700000000000003        1.5525124250737762E-008   0.0000000000000000     
   38.800000000000004       -1.0428049014111292E-008   0.0000000000000000     
   38.900000000000006        6.5319981204627373E-009   0.0000000000000000     
   39.000000000000000       -3.6951068522844680E-009   0.0000000000000000     
   39.100000000000001        1.7357604317009520E-009   0.0000000000000000     
   39.200000000000003       -4.6641196589048807E-010   0.0000000000000000     
   39.300000000000004       -2.8647133766119383E-010   0.0000000000000000     
   39.400000000000006        6.7209593323471352E-010   0.0000000000000000     
   39.500000000000000       -8.1161852731547321E-010   0.0000000000000000     
   39.600000000000001        7.9850825106400896E-010   0.0000000000000000     
   39.700000000000003       -7.0129658026147253E-010   0.0000000000000000     
   39.800000000000004        5.6751687783059040E-010   0.0000000000000000     
   39.900000000000006       -4.2791434115836132E-010   0.0000000000000000     
   40.000000000000000        3.0055897902793203E-010   0.0000000000000000     
   40.100000000000001       -1.9436870301855718E-010   0.0000000000000000     
   40.200000000000003        1.1211522041769306E-010   0.0000000000000000     
   40.300000000000004       -5.2759384198343248E-011   0.0000000000000000     
   40.400000000000006        1.3171817643807345E-011   0.0000000000000000     
   40.500000000000000        1.0641111839605856E-011   0.0000000000000000     
   40.600000000000001       -2.2735855287954550E-011   0.0000000000000000     
   40.700000000000003        2.6758837235023691E-011   0.0000000000000000     
   40.800000000000004       -2.5724185648459961E-011   0.0000000000000000     
   40.900000000000006        2.1940373106692824E-011   0.0000000000000000     
   41.000000000000000       -1.7057056687479420E-011   0.0000000000000000     
   41.100000000000001        1.2143716090082941E-011   0.0000000000000000     
   41.200000000000003       -7.8165111730376578E-012   0.0000000000000000     
   41.300000000000004        4.3615231107388315E-012   0.0000000000000000     
   41.400000000000006       -1.8425683565768720E-012   0.0000000000000000     
   41.500000000000000        1.7088584523691424E-013   0.0000000000000000     
   41.600000000000001        8.0628661494097389E-013   0.0000000000000000     
   41.700000000000003       -1.2492985333063927E-012   0.0000000000000000     
   41.800000000000004        1.3378705183367006E-012   0.0000000000000000     
   41.900000000000006       -1.2106829647060212E-012   0.0000000000000000     
   42.000000000000000        9.7206072595700275E-013   0.0000000000000000     
   42.100000000000001       -7.0714703170286217E-013   0.0000000000000000     
   42.200000000000003        4.5735011511118274E-013   0.0000000000000000     
   42.300000000000004       -2.5315727564842564E-013   0.0000000000000000     
   42.400000000000006        9.7220907251968152E-014   0.0000000000000000     
   42.500000000000000       -2.7111754958510083E-016   0.0000000000000000     
   42.600000000000001       -6.0761663806050331E-014   0.0000000000000000     
   42.700000000000003        8.6433214133078430E-014   0.0000000000000000     
   42.800000000000004       -8.4278288317368689E-014   0.0000000000000000     
   42.900000000000006        7.4765286633344787E-014   0.0000000000000000     
   43.000000000000000       -5.9235840580609906E-014   0.0000000000000000     
   43.100000000000001        4.1852532106898899E-014   0.0000000000000000     
   43.200000000000003       -2.2142165937658262E-014   0.0000000000000000     
   43.300000000000004        1.0773537870626160E-014   0.0000000000000000     
   43.400000000000006       -1.3560506885475644E-015   0.0000000000000000     
   43.500000000000000       -4.4438397344641774E-015   0.0000000000000000     
   43.600000000000001        5.8454973435047375E-015   0.0000000000000000     
   43.700000000000003       -8.0201316107645941E-015   0.0000000000000000     
   43.800000000000004        5.9893258697477347E-015   0.0000000000000000     
   43.900000000000006       -7.4804713283236126E-015   0.0000000000000000     
   44.000000000000000        1.8446204834373564E-015   0.0000000000000000     
   44.100000000000001       -2.9754296630844552E-015   0.0000000000000000     
   44.200000000000003       -9.3648015829628108E-016   0.0000000000000000     
   44.300000000000004        5.8714619354214509E-016   0.0000000000000000     
   44.400000000000006       -3.0750579769434479E-015   0.0000000000000000     
   44.500000000000000        3.3486960397977720E-015   0.0000000000000000     
   44.600000000000001       -2.6215836694717235E-015   0.0000000000000000     
   44.700000000000003        2.6289099138958838E-015   0.0000000000000000     
   44.800000000000004       -3.9475411802924970E-015   0.0000000000000000     
   44.900000000000006        7.5855523651974195E-015   0.0000000000000000     
   45.000000000000000       -2.8007493402623571E-015   0.0000000000000000     
   45.100000000000001        1.8697744471703753E-015   0.0000000000000000     
   45.200000000000003       -3.6545985486761322E-015   0.0000000000000000     
   45.300000000000004        5.6457181538821621E-015   0.0000000000000000     
   45.400000000000006       -3.5380451991187809E-015   0.0000000000000000     
   45.500000000000000        1.2301488541001352E-015   0.0000000000000000     
   45.600000000000001       -3.2774532439682289E-015   0.0000000000000000     
   45.700000000000003        2.3743296730024284E-015   0.0000000000000000     
   45.800000000000004       -5.0176777953503753E-015   0.0000000000000000     
   45.900000000000006        3.2727637012980549E-015   0.0000000000000000     
   46.000000000000000       -4.9306586470537282E-015   0.0000000000000000     
   46.100000000000001        3.2609965819386448E-015   0.0000000000000000     
   46.200000000000003       -2.5692166742567555E-015   0.0000000000000000     
   46.300000000000004        3.8107710620160074E-015   0.0000000000000000     
   46.400000000000006       -3.9006134590784451E-015   0.0000000000000000     
   46.500000000000000        5.5449889531551427E-015   0.0000000000000000     
   46.600000000000001        9.9801889002518971E-016   0.0000000000000000     
   46.700000000000003       -1.7359198266483563E-015   0.0000000000000000     
   46.800000000000004       -5.0490545448801733E-016   0.0000000000000000     
   46.900000000000006        2.2039821958967920E-015   0.0000000000000000     
   47.000000000000000        3.6864630213710795E-015   0.0000000000000000     
   47.100000000000001       -1.4853329101540899E-015   0.0000000000000000     
   47.200000000000003       -1.9271167819607724E-015   0.0000000000000000     
   47.300000000000004        8.0212453051087409E-016   0.0000000000000000     
   47.400000000000006        3.2229088840519999E-016   0.0000000000000000     
   47.500000000000000       -6.4650697037479214E-016   0.0000000000000000     
   47.600000000000001       -1.1629430731312129E-015   0.0000000000000000     
   47.700000000000003       -7.5801010694572734E-016   0.0000000000000000     
   47.800000000000004        8.8595754655785282E-016   0.0000000000000000     
   47.900000000000006       -2.4634838105311949E-015   0.0000000000000000     
   48.000000000000000       -5.1575469735393224E-016   0.0000000000000000     
   48.100000000000001       -3.3261937325044679E-015   0.0000000000000000     
   48.200000000000003        5.2367024707063417E-015   0.0000000000000000     
   48.300000000000004       -2.5624212088648324E-015   0.0000000000000000     
   48.400000000000006        3.1931653806909430E-015   0.0000000000000000     
   48.500000000000000        1.0624442989398380E-015   0.0000000000000000     
   48.600000000000001        1.4226417170388353E-016   0.0000000000000000     
   48.700000000000003       -1.5691898202453192E-015   0.0000000000000000     
   48.800000000000004        3.4861563237787637E-015   0.0000000000000000     
   48.900000000000006        7.8690469183276998E-016   0.0000000000000000     
   49.000000000000000       -2.5439160143567743E-016   0.0000000000000000     
   49.100000000000001        2.9422960093451345E-016   0.0000000000000000     
   49.200000000000003       -1.6096026091816482E-015   0.0000000000000000     
   49.300000000000004        3.7560146838224263E-015   0.0000000000000000     
   49.400000000000006        1.0493891442394279E-016   0.0000000000000000     
   49.500000000000000        2.4871361718310691E-015   0.0000000000000000     
   49.600000000000001       -2.4324536278861696E-015   0.0000000000000000     
   49.700000000000003        4.7587360643300279E-015   0.0000000000000000     
   49.800000000000004        5.9773513526928000E-017   0.0000000000000000     
   49.900000000000006        5.0654071924799070E-054   0.0000000000000000     
