   0.0000000000000000       -4.8771014600406824E-016   0.0000000000000000     
  0.10000000000000001        2.4053132479364429E-016   0.0000000000000000     
  0.20000000000000001        5.4809768321112625E-016   0.0000000000000000     
  0.30000000000000004       -2.1625163792506393E-016   0.0000000000000000     
  0.40000000000000002       -1.6654312409574992E-017   0.0000000000000000     
  0.50000000000000000        2.3491692094225014E-015   0.0000000000000000     
  0.60000000000000009        1.4212977440544761E-015   0.0000000000000000     
  0.70000000000000007       -3.0580185139939288E-015   0.0000000000000000     
  0.80000000000000004       -2.5471017320909239E-015   0.0000000000000000     
  0.90000000000000002        1.9008906695523368E-016   0.0000000000000000     
   1.0000000000000000        3.1750751327292325E-017   0.0000000000000000     
   1.1000000000000001        1.2273945817503246E-015   0.0000000000000000     
   1.2000000000000002        2.0899472540329682E-015   0.0000000000000000     
   1.3000000000000000        1.4560228799617430E-016   0.0000000000000000     
   1.4000000000000001       -3.9414153664645758E-016   0.0000000000000000     
   1.5000000000000000        1.0192605653438725E-016   0.0000000000000000     
   1.6000000000000001       -5.4151130264887251E-016   0.0000000000000000     
   1.7000000000000002       -1.3647632877423439E-015   0.0000000000000000     
   1.8000000000000000       -1.7344130395148813E-015   0.0000000000000000     
   1.9000000000000001        3.7604867649115188E-016   0.0000000000000000     
   2.0000000000000000        2.6272453021380046E-015   0.0000000000000000     
   2.1000000000000001        8.3680728183584280E-016   0.0000000000000000     
   2.2000000000000002       -4.7583866344450514E-016   0.0000000000000000     
   2.3000000000000003        5.0826114539647056E-017   0.0000000000000000     
   2.4000000000000004       -1.1599170554738666E-015   0.0000000000000000     
   2.5000000000000000       -1.7061125622580210E-015   0.0000000000000000     
   2.6000000000000001        3.4740593334062507E-016   0.0000000000000000     
   2.7000000000000002        2.5454027483477018E-015   0.0000000000000000     
   2.8000000000000003        1.4503205111258798E-015   0.0000000000000000     
   2.9000000000000004       -1.2572913432248452E-015   0.0000000000000000     
   3.0000000000000000       -1.4443075122781187E-015   0.0000000000000000     
   3.1000000000000001       -1.0550214993753705E-015   0.0000000000000000     
   3.2000000000000002       -2.1451557806780476E-016   0.0000000000000000     
   3.3000000000000003        8.4487921756435476E-016   0.0000000000000000     
   3.4000000000000004        2.5380242869267817E-016   0.0000000000000000     
   3.5000000000000000        9.8940233378815034E-016   0.0000000000000000     
   3.6000000000000001        1.0914054923006641E-015   0.0000000000000000     
   3.7000000000000002       -1.4335032581436817E-016   0.0000000000000000     
   3.8000000000000003       -8.7266670006954271E-017   0.0000000000000000     
   3.9000000000000004       -1.3566218067033552E-015   0.0000000000000000     
   4.0000000000000000       -1.6283974193215572E-015   0.0000000000000000     
   4.1000000000000005       -4.0735798701184621E-016   0.0000000000000000     
   4.2000000000000002        2.9782467960600660E-016   0.0000000000000000     
   4.2999999999999998        2.0104691455081434E-015   0.0000000000000000     
   4.4000000000000004        9.0172851894688098E-016   0.0000000000000000     
   4.5000000000000000       -3.5734043646649156E-016   0.0000000000000000     
   4.6000000000000005        1.1256671707227969E-015   0.0000000000000000     
   4.7000000000000002       -9.4606311214559227E-016   0.0000000000000000     
   4.8000000000000007       -2.6976137293561871E-015   0.0000000000000000     
   4.9000000000000004       -6.8373133218944117E-016   0.0000000000000000     
   5.0000000000000000        4.6359555397623445E-016   0.0000000000000000     
   5.1000000000000005        1.0648515573914561E-015   0.0000000000000000     
   5.2000000000000002        1.6646432824709831E-015   0.0000000000000000     
   5.3000000000000007        1.0464733709687918E-015   0.0000000000000000     
   5.4000000000000004       -5.8122922204991928E-016   0.0000000000000000     
   5.5000000000000000       -1.1208225719566319E-015   0.0000000000000000     
   5.6000000000000005       -4.9601847698108592E-016   0.0000000000000000     
   5.7000000000000002       -7.3562219268099458E-016   0.0000000000000000     
   5.8000000000000007       -3.9150726380134417E-016   0.0000000000000000     
   5.9000000000000004       -2.0917567465680389E-016   0.0000000000000000     
   6.0000000000000000       -2.7312105973373918E-016   0.0000000000000000     
   6.1000000000000005        1.5208886183852435E-015   0.0000000000000000     
   6.2000000000000002        1.5531181844330652E-015   0.0000000000000000     
   6.3000000000000007       -5.3607959401949443E-017   0.0000000000000000     
   6.4000000000000004        3.2788270338968164E-016   0.0000000000000000     
   6.5000000000000000        1.9007560707874707E-016   0.0000000000000000     
   6.6000000000000005       -1.6653145842661799E-015   0.0000000000000000     
   6.7000000000000002       -1.9131338186603324E-015   0.0000000000000000     
   6.8000000000000007       -4.3082637185230117E-016   0.0000000000000000     
   6.9000000000000004        1.6186032866030062E-016   0.0000000000000000     
   7.0000000000000000        6.6924304146980322E-016   0.0000000000000000     
   7.1000000000000005        1.0345803956778507E-015   0.0000000000000000     
   7.2000000000000002        8.8801255575916457E-016   0.0000000000000000     
   7.3000000000000007        1.4776900312333727E-015   0.0000000000000000     
   7.4000000000000004        1.7830072398413322E-017   0.0000000000000000     
   7.5000000000000000       -1.6399900898477718E-015   0.0000000000000000     
   7.6000000000000005       -6.8232061658446992E-016   0.0000000000000000     
   7.7000000000000002       -1.1585120243298897E-015   0.0000000000000000     
   7.8000000000000007       -1.3270338621991110E-015   0.0000000000000000     
   7.9000000000000004        7.5187214534495885E-016   0.0000000000000000     
   8.0000000000000000        2.4676124504471290E-015   0.0000000000000000     
   8.0999999999999996        2.2149940061414729E-015   0.0000000000000000     
   8.2000000000000011       -9.4920439740366935E-016   0.0000000000000000     
   8.3000000000000007       -2.1247837391566204E-015   0.0000000000000000     
   8.4000000000000004       -8.3792511350124887E-016   0.0000000000000000     
   8.5000000000000000       -7.6616400042163529E-016   0.0000000000000000     
   8.5999999999999996        1.0544045104737115E-015   0.0000000000000000     
   8.7000000000000011        1.4127611890548970E-015   0.0000000000000000     
   8.8000000000000007       -1.9763955368428283E-016   0.0000000000000000     
   8.9000000000000004        9.9264173006128500E-016   0.0000000000000000     
   9.0000000000000000       -2.4645980433681021E-016   0.0000000000000000     
   9.0999999999999996       -2.0320464099450052E-015   0.0000000000000000     
   9.2000000000000011       -6.3895582246119756E-017   0.0000000000000000     
   9.3000000000000007        1.4042537246887455E-016   0.0000000000000000     
   9.4000000000000004        1.2407324286378360E-016   0.0000000000000000     
   9.5000000000000000        7.9399834154031342E-016   0.0000000000000000     
   9.6000000000000014       -2.4142224166052344E-016   0.0000000000000000     
   9.7000000000000011        7.0849993454840621E-016   0.0000000000000000     
   9.8000000000000007        1.6524383048618231E-015   0.0000000000000000     
   9.9000000000000004       -1.7267469547782927E-016   0.0000000000000000     
   10.000000000000000       -2.6418323872145733E-015   0.0000000000000000     
   10.100000000000001       -3.7527282655097068E-015   0.0000000000000000     
   10.200000000000001       -3.2785365033289241E-017   0.0000000000000000     
   10.300000000000001        3.9349270660204144E-015   0.0000000000000000     
   10.400000000000000        2.9138614940701950E-015   0.0000000000000000     
   10.500000000000000        1.8703585608656492E-015   0.0000000000000000     
   10.600000000000001        2.7185301184074728E-016   0.0000000000000000     
   10.700000000000001       -3.3204228229029512E-015   0.0000000000000000     
   10.800000000000001       -3.1965174147658943E-015   0.0000000000000000     
   10.900000000000000       -1.0582927865321128E-015   0.0000000000000000     
   11.000000000000000       -8.5548040828087406E-016   0.0000000000000000     
   11.100000000000001        7.3979398364052071E-016   0.0000000000000000     
   11.200000000000001        2.2407274928909300E-015   0.0000000000000000     
   11.300000000000001        1.1160899777790074E-015   0.0000000000000000     
   11.400000000000000        2.3345571782979990E-015   0.0000000000000000     
   11.500000000000000        2.2147321950647043E-015   0.0000000000000000     
   11.600000000000001       -2.7989878460416275E-015   0.0000000000000000     
   11.700000000000001       -3.2549373768231251E-015   0.0000000000000000     
   11.800000000000001       -6.3280928143588438E-016   0.0000000000000000     
   11.900000000000000       -3.2357937123675738E-016   0.0000000000000000     
   12.000000000000000        7.8505092932852647E-016   0.0000000000000000     
   12.100000000000001        6.2114073573343114E-016   0.0000000000000000     
   12.200000000000001        3.7103534225966944E-016   0.0000000000000000     
   12.300000000000001        1.1419725163554658E-015   0.0000000000000000     
   12.400000000000000       -2.0979444626422907E-016   0.0000000000000000     
   12.500000000000000       -6.6037350945600811E-016   0.0000000000000000     
   12.600000000000001       -9.0500646666695434E-016   0.0000000000000000     
   12.700000000000001       -4.8570938797710946E-016   0.0000000000000000     
   12.800000000000001        9.6789473372573323E-016   0.0000000000000000     
   12.900000000000000       -1.4083836598939673E-016   0.0000000000000000     
   13.000000000000000        8.5814880436023525E-016   0.0000000000000000     
   13.100000000000001        2.5790414389377652E-015   0.0000000000000000     
   13.200000000000001       -9.1929622504533392E-016   0.0000000000000000     
   13.300000000000001       -2.5880615103871136E-015   0.0000000000000000     
   13.400000000000000       -2.2750735399528706E-015   0.0000000000000000     
   13.500000000000000       -5.2002690044078230E-016   0.0000000000000000     
   13.600000000000001        2.7410217173271635E-015   0.0000000000000000     
   13.700000000000001        2.8114388077298346E-015   0.0000000000000000     
   13.800000000000001       -1.2112335287062239E-015   0.0000000000000000     
   13.900000000000000       -6.9984808547588554E-016   0.0000000000000000     
   14.000000000000000       -9.8487898323020303E-017   0.0000000000000000     
   14.100000000000001        6.3747293237402478E-016   0.0000000000000000     
   14.200000000000001       -1.3330570101222961E-015   0.0000000000000000     
   14.300000000000001        1.2295003727293742E-015   0.0000000000000000     
   14.400000000000000       -1.7522299534408816E-015   0.0000000000000000     
   14.500000000000000        8.6902637996663286E-016   0.0000000000000000     
   14.600000000000001       -1.8217418726690738E-015   0.0000000000000000     
   14.700000000000001        3.7227028231249618E-015   0.0000000000000000     
   14.800000000000001       -2.5323054595121806E-015   0.0000000000000000     
   14.900000000000000        5.4259133327805257E-015   0.0000000000000000     
   15.000000000000000       -7.7277198611193314E-015   0.0000000000000000     
   15.100000000000001        6.8229114215567515E-015   0.0000000000000000     
   15.200000000000001       -8.8050408701831583E-015   0.0000000000000000     
   15.300000000000001        1.2000126626365426E-014   0.0000000000000000     
   15.400000000000000       -1.6843401405181125E-014   0.0000000000000000     
   15.500000000000000        2.2251534584647982E-014   0.0000000000000000     
   15.600000000000001       -2.6386717189621117E-014   0.0000000000000000     
   15.700000000000001        3.3648707807214865E-014   0.0000000000000000     
   15.800000000000001       -4.3243885313233550E-014   0.0000000000000000     
   15.900000000000000        5.3432358092200312E-014   0.0000000000000000     
   16.000000000000000       -7.0410153470689956E-014   0.0000000000000000     
   16.100000000000001        9.2479125623181738E-014   0.0000000000000000     
   16.199999999999999       -1.1449149784423410E-013   0.0000000000000000     
   16.300000000000001        1.4331444434798079E-013   0.0000000000000000     
   16.400000000000002       -1.8562961206804831E-013   0.0000000000000000     
   16.500000000000000        2.3688896070258088E-013   0.0000000000000000     
   16.600000000000001       -2.9894608240583331E-013   0.0000000000000000     
   16.699999999999999        3.8049226643053288E-013   0.0000000000000000     
   16.800000000000001       -4.8273334147018140E-013   0.0000000000000000     
   16.900000000000002        6.1286047887257776E-013   0.0000000000000000     
   17.000000000000000       -7.7644062579209696E-013   0.0000000000000000     
   17.100000000000001        9.8313157367325013E-013   0.0000000000000000     
   17.199999999999999       -1.2468238610396501E-012   0.0000000000000000     
   17.300000000000001        1.5751717239581034E-012   0.0000000000000000     
   17.400000000000002       -1.9915641446803882E-012   0.0000000000000000     
   17.500000000000000        2.5167064265019278E-012   0.0000000000000000     
   17.600000000000001       -3.1777255461751260E-012   0.0000000000000000     
   17.699999999999999        4.0085968194651514E-012   0.0000000000000000     
   17.800000000000001       -5.0512796217393098E-012   0.0000000000000000     
   17.900000000000002        6.3644960040987513E-012   0.0000000000000000     
   18.000000000000000       -8.0089597398448641E-012   0.0000000000000000     
   18.100000000000001        1.0075084710950466E-011   0.0000000000000000     
   18.199999999999999       -1.2660724150604843E-011   0.0000000000000000     
   18.300000000000001        1.5896766575144401E-011   0.0000000000000000     
   18.400000000000002       -1.9950400406901544E-011   0.0000000000000000     
   18.500000000000000        2.5007324591297549E-011   0.0000000000000000     
   18.600000000000001       -3.1324298898910718E-011   0.0000000000000000     
   18.699999999999999        3.9207539055725336E-011   0.0000000000000000     
   18.800000000000001       -4.9032303251394414E-011   0.0000000000000000     
   18.900000000000002        6.1267190354749853E-011   0.0000000000000000     
   19.000000000000000       -7.6485839736594688E-011   0.0000000000000000     
   19.100000000000001        9.5406176969226884E-011   0.0000000000000000     
   19.200000000000003       -1.1889931577473852E-010   0.0000000000000000     
   19.300000000000001        1.4804479101836777E-010   0.0000000000000000     
   19.400000000000002       -1.8417339744046862E-010   0.0000000000000000     
   19.500000000000000        2.2891236748218042E-010   0.0000000000000000     
   19.600000000000001       -2.8425919808882909E-010   0.0000000000000000     
   19.700000000000003        3.5265959606360037E-010   0.0000000000000000     
   19.800000000000001       -4.3711277331564713E-010   0.0000000000000000     
   19.900000000000002        5.4128871253872250E-010   0.0000000000000000     
   20.000000000000000       -6.6965384512413564E-010   0.0000000000000000     
   20.100000000000001        8.2766692234161941E-010   0.0000000000000000     
   20.200000000000003       -1.0219906838024887E-009   0.0000000000000000     
   20.300000000000001        1.2607079591631429E-009   0.0000000000000000     
   20.400000000000002       -1.5536617214914536E-009   0.0000000000000000     
   20.500000000000000        1.9128107166285930E-009   0.0000000000000000     
   20.600000000000001       -2.3526390107297092E-009   0.0000000000000000     
   20.700000000000003        2.8907029679287920E-009   0.0000000000000000     
   20.800000000000001       -3.5482398148507053E-009   0.0000000000000000     
   20.900000000000002        4.3509195032648988E-009   0.0000000000000000     
   21.000000000000000       -5.3297202335337562E-009   0.0000000000000000     
   21.100000000000001        6.5219766237979337E-009   0.0000000000000000     
   21.200000000000003       -7.9726569163155663E-009   0.0000000000000000     
   21.300000000000001        9.7358079987375060E-009   0.0000000000000000     
   21.400000000000002       -1.1876355095486397E-008   0.0000000000000000     
   21.500000000000000        1.4472170808718234E-008   0.0000000000000000     
   21.600000000000001       -1.7616506317753329E-008   0.0000000000000000     
   21.700000000000003        2.1420959520776612E-008   0.0000000000000000     
   21.800000000000001       -2.6018833886875653E-008   0.0000000000000000     
   21.900000000000002        3.1569179739034397E-008   0.0000000000000000     
   22.000000000000000       -3.8261533463601609E-008   0.0000000000000000     
   22.100000000000001        4.6321432916141453E-008   0.0000000000000000     
   22.200000000000003       -5.6016910848932792E-008   0.0000000000000000     
   22.300000000000001        6.7666042652058018E-008   0.0000000000000000     
   22.400000000000002       -8.1645814831840037E-008   0.0000000000000000     
   22.500000000000000        9.8402368856630659E-008   0.0000000000000000     
   22.600000000000001       -1.1846298197512273E-007   0.0000000000000000     
   22.700000000000003        1.4244995340310999E-007   0.0000000000000000     
   22.800000000000001       -1.7109665189718483E-007   0.0000000000000000     
   22.900000000000002        2.0526613142216723E-007   0.0000000000000000     
   23.000000000000000       -2.4597258243610928E-007   0.0000000000000000     
   23.100000000000001        2.9440608360457006E-007   0.0000000000000000     
   23.200000000000003       -3.5196102093948281E-007   0.0000000000000000     
   23.300000000000001        4.2026877339314625E-007   0.0000000000000000     
   23.400000000000002       -5.0123511266786077E-007   0.0000000000000000     
   23.500000000000000        5.9708299552187554E-007   0.0000000000000000     
   23.600000000000001       -7.1040143003040711E-007   0.0000000000000000     
   23.700000000000003        8.4420105726015222E-007   0.0000000000000000     
   23.800000000000001       -1.0019774350578747E-006   0.0000000000000000     
   23.900000000000002        1.1877827289514267E-006   0.0000000000000000     
   24.000000000000000       -1.4063069098160336E-006   0.0000000000000000     
   24.100000000000001        1.6629694707293830E-006   0.0000000000000000     
   24.200000000000003       -1.9640227216656014E-006   0.0000000000000000     
   24.300000000000001        2.3166680328887246E-006   0.0000000000000000     
   24.400000000000002       -2.7291861371886703E-006   0.0000000000000000     
   24.500000000000000        3.2110830124544948E-006   0.0000000000000000     
   24.600000000000001       -3.7732527277722515E-006   0.0000000000000000     
   24.700000000000003        4.4281587647667843E-006   0.0000000000000000     
   24.800000000000001       -5.1900354831307441E-006   0.0000000000000000     
   24.900000000000002        6.0751112063483235E-006   0.0000000000000000     
   25.000000000000000       -7.1018547639841753E-006   0.0000000000000000     
   25.100000000000001        8.2912470600284641E-006   0.0000000000000000     
   25.200000000000003       -9.6670793685193005E-006   0.0000000000000000     
   25.300000000000001        1.1256280042939781E-005   0.0000000000000000     
   25.400000000000002       -1.3089271112424373E-005   0.0000000000000000     
   25.500000000000000        1.5200356397255316E-005   0.0000000000000000     
   25.600000000000001       -1.7628142288849121E-005   0.0000000000000000     
   25.700000000000003        2.0415992444345655E-005   0.0000000000000000     
   25.800000000000001       -2.3612517274920865E-005   0.0000000000000000     
   25.900000000000002        2.7272098711947395E-005   0.0000000000000000     
   26.000000000000000       -3.1455450538493926E-005   0.0000000000000000     
   26.100000000000001        3.6230213916085099E-005   0.0000000000000000     
   26.200000000000003       -4.1671587401122136E-005   0.0000000000000000     
   26.300000000000001        4.7862989917844287E-005   0.0000000000000000     
   26.400000000000002       -5.4896754569321500E-005   0.0000000000000000     
   26.500000000000000        6.2874850346159258E-005   0.0000000000000000     
   26.600000000000001       -7.1909627744228674E-005   0.0000000000000000     
   26.700000000000003        8.2124583424887559E-005   0.0000000000000000     
   26.800000000000001       -9.3655137810444910E-005   0.0000000000000000     
   26.900000000000002        1.0664941830890302E-004   0.0000000000000000     
   27.000000000000000       -1.2126903951385837E-004   0.0000000000000000     
   27.100000000000001        1.3768987019597946E-004   0.0000000000000000     
   27.200000000000003       -1.5610277548102654E-004   0.0000000000000000     
   27.300000000000001        1.7671432087950042E-004   0.0000000000000000     
   27.400000000000002       -1.9974742319442957E-004   0.0000000000000000     
   27.500000000000000        2.2544193155189777E-004   0.0000000000000000     
   27.600000000000001       -2.5405512000542497E-004   0.0000000000000000     
   27.700000000000003        2.8586207154103260E-004   0.0000000000000000     
   27.800000000000001       -3.2115593127434984E-004   0.0000000000000000     
   27.900000000000002        3.6024800524746102E-004   0.0000000000000000     
   28.000000000000000       -4.0346767951136782E-004   0.0000000000000000     
   28.100000000000001        4.5116213270274524E-004   0.0000000000000000     
   28.200000000000003       -5.0369581424980741E-004   0.0000000000000000     
   28.300000000000001        5.6144965927659588E-004   0.0000000000000000     
   28.400000000000002       -6.2482001059801205E-004   0.0000000000000000     
   28.500000000000000        6.9421721801389579E-004   0.0000000000000000     
   28.600000000000001       -7.7006388517299391E-004   0.0000000000000000     
   28.700000000000003        8.5279273498896834E-004   0.0000000000000000     
   28.800000000000001       -9.4284406579589225E-004   0.0000000000000000     
   28.900000000000002        1.0406627722973289E-003   0.0000000000000000     
   29.000000000000000       -1.1466949079400866E-003   0.0000000000000000     
   29.100000000000001        1.2613837685581677E-003   0.0000000000000000     
   29.200000000000003       -1.3851654814360098E-003   0.0000000000000000     
   29.300000000000001        1.5184640885908970E-003   0.0000000000000000     
   29.400000000000002       -1.6616861192612483E-003   0.0000000000000000     
   29.500000000000000        1.8152146530220356E-003   0.0000000000000000     
   29.600000000000001       -1.9794028827281930E-003   0.0000000000000000     
   29.700000000000003        2.1545671950575513E-003   0.0000000000000000     
   29.800000000000001       -2.3409797956061391E-003   0.0000000000000000     
   29.900000000000002        2.5388609159525790E-003   0.0000000000000000     
   30.000000000000000       -2.7483706508272909E-003   0.0000000000000000     
   30.100000000000001        2.9696004851253554E-003   0.0000000000000000     
   30.200000000000003       -3.2025645825943146E-003   0.0000000000000000     
   30.300000000000001        3.4471909203577858E-003   0.0000000000000000     
   30.400000000000002       -3.7033123660584100E-003   0.0000000000000000     
   30.500000000000000        3.9706578068013114E-003   0.0000000000000000     
   30.600000000000001       -4.2488434514036753E-003   0.0000000000000000     
   30.700000000000003        4.5373644390315883E-003   0.0000000000000000     
   30.800000000000001       -4.8355868982304859E-003   0.0000000000000000     
   30.900000000000002        5.1427406099793386E-003   0.0000000000000000     
   31.000000000000000       -5.4579124366789305E-003   0.0000000000000000     
   31.100000000000001        5.7800406855589865E-003   0.0000000000000000     
   31.200000000000003       -6.1079105792201695E-003   0.0000000000000000     
   31.300000000000001        6.4401510081787839E-003   0.0000000000000000     
   31.400000000000002       -6.7752327393900674E-003   0.0000000000000000     
   31.500000000000000        7.1114682510451986E-003   0.0000000000000000     
   31.600000000000001       -7.4470133568023582E-003   0.0000000000000000     
   31.700000000000003        7.7798707721512192E-003   0.0000000000000000     
   31.800000000000001       -8.1078957612666872E-003   0.0000000000000000     
   31.900000000000002        8.4288039847796002E-003   0.0000000000000000     
   32.000000000000000       -8.7401816469377166E-003   0.0000000000000000     
   32.100000000000001        9.0394980148728234E-003   0.0000000000000000     
   32.200000000000003       -9.3241203534409432E-003   0.0000000000000000     
   32.300000000000004        9.5913312858567946E-003   0.0000000000000000     
   32.399999999999999       -9.8383485543476236E-003   0.0000000000000000     
   32.500000000000000        1.0062347115806459E-002   0.0000000000000000     
   32.600000000000001       -1.0260483465989062E-002   0.0000000000000000     
   32.700000000000003        1.0429922042472652E-002   0.0000000000000000     
   32.800000000000004       -1.0567863512075112E-002   0.0000000000000000     
   32.899999999999999        1.0671574703592283E-002   0.0000000000000000     
   33.000000000000000       -1.0738419902144889E-002   0.0000000000000000     
   33.100000000000001        1.0765893178444555E-002   0.0000000000000000     
   33.200000000000003       -1.0751651385050505E-002   0.0000000000000000     
   33.300000000000004        1.0693547414344032E-002   0.0000000000000000     
   33.399999999999999       -1.0589663279216498E-002   0.0000000000000000     
   33.500000000000000        1.0438342549270301E-002   0.0000000000000000     
   33.600000000000001       -1.0238221653195361E-002   0.0000000000000000     
   33.700000000000003        9.9882595427952855E-003   0.0000000000000000     
   33.800000000000004       -9.6877652070058076E-003   0.0000000000000000     
   33.899999999999999        9.3364225254208930E-003   0.0000000000000000     
   34.000000000000000       -8.9343119613486191E-003   0.0000000000000000     
   34.100000000000001        8.4819286143164793E-003   0.0000000000000000     
   34.200000000000003       -7.9801961818106917E-003   0.0000000000000000     
   34.300000000000004        7.4304764195922846E-003   0.0000000000000000     
   34.399999999999999       -6.8345737391784624E-003   0.0000000000000000     
   34.500000000000000        6.1947346398316481E-003   0.0000000000000000     
   34.600000000000001       -5.5136417394789916E-003   0.0000000000000000     
   34.700000000000003        4.7944022443654121E-003   0.0000000000000000     
   34.800000000000004       -4.0405307790123595E-003   0.0000000000000000     
   34.899999999999999        3.2559265856755754E-003   0.0000000000000000     
   35.000000000000000       -2.4448451940343079E-003   0.0000000000000000     
   35.100000000000001        1.6118647558345809E-003   0.0000000000000000     
   35.200000000000003       -7.6184733401288187E-004   0.0000000000000000     
   35.300000000000004       -1.0010447081182806E-004   0.0000000000000000     
   35.399999999999999        9.6869508305023530E-004   0.0000000000000000     
   35.500000000000000       -1.8384871456183301E-003   0.0000000000000000     
   35.600000000000001        2.7039557072737913E-003   0.0000000000000000     
   35.700000000000003       -3.5595446979014901E-003   0.0000000000000000     
   35.800000000000004        4.3997249270788189E-003   0.0000000000000000     
   35.899999999999999       -5.2190527951429698E-003   0.0000000000000000     
   36.000000000000000        6.0122288731860336E-003   0.0000000000000000     
   36.100000000000001       -6.7741554906061204E-003   0.0000000000000000     
   36.200000000000003        7.4999924666759267E-003   0.0000000000000000     
   36.300000000000004       -8.1852101362467223E-003   0.0000000000000000     
   36.399999999999999        8.8256388500180822E-003   0.0000000000000000     
   36.500000000000000       -9.4175141757244264E-003   0.0000000000000000     
   36.600000000000001        9.9575170884281718E-003   0.0000000000000000     
   36.700000000000003       -1.0442808514067006E-002   0.0000000000000000     
   36.800000000000004        1.0871057679777514E-002   0.0000000000000000     
   36.899999999999999       -1.1240463825481677E-002   0.0000000000000000     
   37.000000000000000        1.1549770941605548E-002   0.0000000000000000     
   37.100000000000001       -1.1798275315992928E-002   0.0000000000000000     
   37.200000000000003        1.1985825795768301E-002   0.0000000000000000     
   37.300000000000004       -1.2112816795722160E-002   0.0000000000000000     
   37.399999999999999        1.2180174209683601E-002   0.0000000000000000     
   37.500000000000000       -1.2189334504133344E-002   0.0000000000000000     
   37.600000000000001        1.2142217390020731E-002   0.0000000000000000     
   37.700000000000003       -1.2041192577724343E-002   0.0000000000000000     
   37.800000000000004        1.1889041218679926E-002   0.0000000000000000     
   37.899999999999999       -1.1688912723301820E-002   0.0000000000000000     
   38.000000000000000        1.1444277716508149E-002   0.0000000000000000     
   38.100000000000001       -1.1158877948257767E-002   0.0000000000000000     
   38.200000000000003        1.0836674015615539E-002   0.0000000000000000     
   38.300000000000004       -1.0481791774297835E-002   0.0000000000000000     
   38.400000000000006        1.0098468321496164E-002   0.0000000000000000     
   38.500000000000000       -9.6909984176370388E-003   0.0000000000000000     
   38.600000000000001        9.2636821837315825E-003   0.0000000000000000     
   38.700000000000003       -8.8207748637190303E-003   0.0000000000000000     
   38.800000000000004        8.3664393792350893E-003   0.0000000000000000     
   38.900000000000006       -7.9047023293521874E-003   0.0000000000000000     
   39.000000000000000        7.4394140016447660E-003   0.0000000000000000     
   39.100000000000001       -6.9742128663032813E-003   0.0000000000000000     
   39.200000000000003        6.5124949234458265E-003   0.0000000000000000     
   39.300000000000004       -6.0573881688583027E-003   0.0000000000000000     
   39.400000000000006        5.6117323364419536E-003   0.0000000000000000     
   39.500000000000000       -5.1780639702354962E-003   0.0000000000000000     
   39.600000000000001        4.7586067765991715E-003   0.0000000000000000     
   39.700000000000003       -4.3552671104960649E-003   0.0000000000000000     
   39.800000000000004        3.9696343612327213E-003   0.0000000000000000     
   39.900000000000006       -3.6029859230464526E-003   0.0000000000000000     
   40.000000000000000        3.2562963674418132E-003   0.0000000000000000     
   40.100000000000001       -2.9302503771730165E-003   0.0000000000000000     
   40.200000000000003        2.6252589575371877E-003   0.0000000000000000     
   40.300000000000004       -2.3414784092479347E-003   0.0000000000000000     
   40.400000000000006        2.0788315289241980E-003   0.0000000000000000     
   40.500000000000000       -1.8370304976479841E-003   0.0000000000000000     
   40.600000000000001        1.6156009245230432E-003   0.0000000000000000     
   40.700000000000003       -1.4139065298290538E-003   0.0000000000000000     
   40.800000000000004        1.2311739801262923E-003   0.0000000000000000     
   40.900000000000006       -1.0665174240243218E-003   0.0000000000000000     
   41.000000000000000        9.1896232102711554E-004   0.0000000000000000     
   41.100000000000001       -7.8746820510638407E-004   0.0000000000000000     
   41.200000000000003        6.7095007789380720E-004   0.0000000000000000     
   41.300000000000004       -5.6829818223245229E-004   0.0000000000000000     
   41.400000000000006        4.7839596311053490E-004   0.0000000000000000     
   41.500000000000000       -4.0013607909644038E-004   0.0000000000000000     
   41.600000000000001        3.3243438111504241E-004   0.0000000000000000     
   41.700000000000003       -2.7424182624219271E-004   0.0000000000000000     
   41.800000000000004        2.2455434068762711E-004   0.0000000000000000     
   41.900000000000006       -1.8242068770393243E-004   0.0000000000000000     
   42.000000000000000        1.4694843228553995E-004   0.0000000000000000     
   42.100000000000001       -1.1730812442632883E-004   0.0000000000000000     
   42.200000000000003        9.2735846850120572E-005   0.0000000000000000     
   42.300000000000004       -7.2534290713463726E-005   0.0000000000000000     
   42.400000000000006        5.6072534870515095E-005   0.0000000000000000     
   42.500000000000000       -4.2784710347148706E-005   0.0000000000000000     
   42.600000000000001        3.2167732870856814E-005   0.0000000000000000     
   42.700000000000003       -2.3778282621519437E-005   0.0000000000000000     
   42.800000000000004        1.7229203140276123E-005   0.0000000000000000     
   42.900000000000006       -1.2185480149775683E-005   0.0000000000000000     
   43.000000000000000        8.3599479817856244E-006   0.0000000000000000     
   43.100000000000001       -5.5088557478706656E-006   0.0000000000000000     
   43.200000000000003        3.4274089884221887E-006   0.0000000000000000     
   43.300000000000004       -1.9453852756709501E-006   0.0000000000000000     
   43.400000000000006        9.2290500545289807E-007   0.0000000000000000     
   43.500000000000000       -2.4642197969285869E-007   0.0000000000000000     
   43.600000000000001       -1.7501785527014715E-007   0.0000000000000000     
   43.700000000000003        4.1321547149493742E-007   0.0000000000000000     
   43.800000000000004       -5.2393532085920109E-007   0.0000000000000000     
   43.900000000000006        5.4969038255850330E-007   0.0000000000000000     
   44.000000000000000       -5.2219697952943583E-007   0.0000000000000000     
   44.100000000000001        4.6450868185524001E-007   0.0000000000000000     
   44.200000000000003       -3.9284521128653427E-007   0.0000000000000000     
   44.300000000000004        3.1813725501715534E-007   0.0000000000000000     
   44.400000000000006       -2.4731138395624355E-007   0.0000000000000000     
   44.500000000000000        1.8434147265448649E-007   0.0000000000000000     
   44.600000000000001       -1.3109381093984372E-007   0.0000000000000000     
   44.700000000000003        8.7993136972827084E-008   0.0000000000000000     
   44.800000000000004       -5.4535769162012933E-008   0.0000000000000000     
   44.900000000000006        2.9674644072103579E-008   0.0000000000000000     
   45.000000000000000       -1.2099047149493581E-008   0.0000000000000000     
   45.100000000000001        4.2952208514932685E-010   0.0000000000000000     
   45.200000000000003        6.6539591825774552E-009   0.0000000000000000     
   45.300000000000004       -1.0334881349123457E-008   0.0000000000000000     
   45.400000000000006        1.1621026781876384E-008   0.0000000000000000     
   45.500000000000000       -1.1332270290531330E-008   0.0000000000000000     
   45.600000000000001        1.0106616229035726E-008   0.0000000000000000     
   45.700000000000003       -8.4175208394569296E-009   0.0000000000000000     
   45.800000000000004        6.5973385101296685E-009   0.0000000000000000     
   45.900000000000006       -4.8629202215275323E-009   0.0000000000000000     
   46.000000000000000        3.3409004498262896E-009   0.0000000000000000     
   46.100000000000001       -2.0908151469452279E-009   0.0000000000000000     
   46.200000000000003        1.1251301515395279E-009   0.0000000000000000     
   46.300000000000004       -4.2576627196815141E-010   0.0000000000000000     
   46.400000000000006       -4.2916074381150390E-011   0.0000000000000000     
   46.500000000000000        3.2439835235716001E-010   0.0000000000000000     
   46.600000000000001       -4.6320294681956977E-010   0.0000000000000000     
   46.700000000000003        5.0048094457275086E-010   0.0000000000000000     
   46.800000000000004       -4.7151875942236675E-010   0.0000000000000000     
   46.900000000000006        4.0463120458393153E-010   0.0000000000000000     
   47.000000000000000       -3.2114123857619028E-010   0.0000000000000000     
   47.100000000000001        2.3594692765327456E-010   0.0000000000000000     
   47.200000000000003       -1.5850153374109657E-010   0.0000000000000000     
   47.300000000000004        9.3906948565512402E-011   0.0000000000000000     
   47.400000000000006       -4.4055214151677237E-011   0.0000000000000000     
   47.500000000000000        8.5989202158647651E-012   0.0000000000000000     
   47.600000000000001        1.4138490319674430E-011   0.0000000000000000     
   47.700000000000003       -2.6560753173183692E-011   0.0000000000000000     
   47.800000000000004        3.1228385075067529E-011   0.0000000000000000     
   47.900000000000006       -3.0576706009189121E-011   0.0000000000000000     
   48.000000000000000        2.6694319913133980E-011   0.0000000000000000     
   48.100000000000001       -2.1234080774472764E-011   0.0000000000000000     
   48.200000000000003        1.5415234943068114E-011   0.0000000000000000     
   48.300000000000004       -1.0018793236668401E-011   0.0000000000000000     
   48.400000000000006        5.5113321190078743E-012   0.0000000000000000     
   48.500000000000000       -2.0736712273724549E-012   0.0000000000000000     
   48.600000000000001       -3.1165082561796734E-013   0.0000000000000000     
   48.700000000000003        1.7290400426172964E-012   0.0000000000000000     
   48.800000000000004       -2.4413639418633990E-012   0.0000000000000000     
   48.900000000000006        2.5232860135658307E-012   0.0000000000000000     
   49.000000000000000       -2.3461127714820772E-012   0.0000000000000000     
   49.100000000000001        1.8566479739487005E-012   0.0000000000000000     
   49.200000000000003       -1.4097095413118193E-012   0.0000000000000000     
   49.300000000000004        8.9009871126324187E-013   0.0000000000000000     
   49.400000000000006       -4.7009869143677946E-013   0.0000000000000000     
   49.500000000000000        2.0430169742884596E-013   0.0000000000000000     
   49.600000000000001        9.6293105318177430E-014   0.0000000000000000     
   49.700000000000003       -1.0084976581872084E-013   0.0000000000000000     
   49.800000000000004        3.7585877808082705E-013   0.0000000000000000     
   49.900000000000006        5.0654071924799070E-054   0.0000000000000000     
