   0.0000000000000000        2.3680069598418292E-015   0.0000000000000000     
  0.10000000000000001        1.9190734742383311E-015   0.0000000000000000     
  0.20000000000000001        3.5392490339538296E-016   0.0000000000000000     
  0.30000000000000004       -1.6484928853675636E-015   0.0000000000000000     
  0.40000000000000002       -2.0823848797870439E-015   0.0000000000000000     
  0.50000000000000000        7.6381160430474182E-017   0.0000000000000000     
  0.60000000000000009       -5.7199871441382296E-016   0.0000000000000000     
  0.70000000000000007       -3.3515069152529728E-016   0.0000000000000000     
  0.80000000000000004        1.1860249098281695E-015   0.0000000000000000     
  0.90000000000000002        5.2585687203822193E-016   0.0000000000000000     
   1.0000000000000000        7.8942263915141644E-016   0.0000000000000000     
   1.1000000000000001       -2.9896926764575456E-016   0.0000000000000000     
   1.2000000000000002       -1.0947165241373995E-015   0.0000000000000000     
   1.3000000000000000        9.6323587176203128E-016   0.0000000000000000     
   1.4000000000000001        2.5833050604205154E-016   0.0000000000000000     
   1.5000000000000000       -1.3189946669432455E-015   0.0000000000000000     
   1.6000000000000001       -6.7590340082490586E-017   0.0000000000000000     
   1.7000000000000002        4.2986095395992681E-016   0.0000000000000000     
   1.8000000000000000       -8.6124239560180367E-016   0.0000000000000000     
   1.9000000000000001       -3.7484696285646250E-016   0.0000000000000000     
   2.0000000000000000        1.7480622686615904E-015   0.0000000000000000     
   2.1000000000000001        9.9672862773868878E-016   0.0000000000000000     
   2.2000000000000002       -1.6511796051830988E-015   0.0000000000000000     
   2.3000000000000003       -1.7253900193349826E-015   0.0000000000000000     
   2.4000000000000004        9.1248301670647598E-016   0.0000000000000000     
   2.5000000000000000        2.1859697377814620E-015   0.0000000000000000     
   2.6000000000000001       -5.7083921402112120E-016   0.0000000000000000     
   2.7000000000000002       -1.1812324885073018E-015   0.0000000000000000     
   2.8000000000000003        1.6276939894314181E-015   0.0000000000000000     
   2.9000000000000004        4.6676828896438459E-016   0.0000000000000000     
   3.0000000000000000       -1.6867109333097318E-015   0.0000000000000000     
   3.1000000000000001       -1.2689887341661247E-015   0.0000000000000000     
   3.2000000000000002        2.1525930648378075E-016   0.0000000000000000     
   3.3000000000000003        1.1977484019499771E-015   0.0000000000000000     
   3.4000000000000004       -1.4497723090535161E-015   0.0000000000000000     
   3.5000000000000000       -1.2062461816182432E-015   0.0000000000000000     
   3.6000000000000001        2.7353790011258880E-015   0.0000000000000000     
   3.7000000000000002        1.3598781245154348E-015   0.0000000000000000     
   3.8000000000000003       -5.9598531533916256E-016   0.0000000000000000     
   3.9000000000000004        6.6804456929969846E-016   0.0000000000000000     
   4.0000000000000000       -1.8809761951462159E-017   0.0000000000000000     
   4.1000000000000005       -8.1852081354899922E-016   0.0000000000000000     
   4.2000000000000002       -3.2178623100311767E-017   0.0000000000000000     
   4.2999999999999998       -9.1630238022829465E-016   0.0000000000000000     
   4.4000000000000004       -1.0033561714362346E-015   0.0000000000000000     
   4.5000000000000000        9.6159846210598603E-016   0.0000000000000000     
   4.6000000000000005        8.1034962076158960E-016   0.0000000000000000     
   4.7000000000000002       -8.4765829418893470E-016   0.0000000000000000     
   4.8000000000000007       -1.5650315898184188E-015   0.0000000000000000     
   4.9000000000000004       -2.7514108996889913E-016   0.0000000000000000     
   5.0000000000000000        1.8090250877369512E-015   0.0000000000000000     
   5.1000000000000005        2.1809658316828742E-015   0.0000000000000000     
   5.2000000000000002        1.0553931295410995E-015   0.0000000000000000     
   5.3000000000000007       -8.7193589981080776E-016   0.0000000000000000     
   5.4000000000000004       -9.9148345610229453E-016   0.0000000000000000     
   5.5000000000000000        1.5143993413667831E-016   0.0000000000000000     
   5.6000000000000005       -9.4591249367521970E-016   0.0000000000000000     
   5.7000000000000002       -1.4099567833900646E-015   0.0000000000000000     
   5.8000000000000007        6.9073479496255180E-016   0.0000000000000000     
   5.9000000000000004        9.5369847412261468E-016   0.0000000000000000     
   6.0000000000000000       -1.8682682991658516E-015   0.0000000000000000     
   6.1000000000000005       -1.5689149877753811E-015   0.0000000000000000     
   6.2000000000000002        2.0838158603107157E-015   0.0000000000000000     
   6.3000000000000007        2.3910377500546258E-015   0.0000000000000000     
   6.4000000000000004        4.9512994900698133E-016   0.0000000000000000     
   6.5000000000000000       -1.1441917500994329E-016   0.0000000000000000     
   6.6000000000000005        2.4257329454875052E-016   0.0000000000000000     
   6.7000000000000002        4.9380191012118486E-017   0.0000000000000000     
   6.8000000000000007       -1.8973167319335565E-015   0.0000000000000000     
   6.9000000000000004       -2.6818498686858015E-015   0.0000000000000000     
   7.0000000000000000       -5.0522766109058330E-016   0.0000000000000000     
   7.1000000000000005        1.3591102009544571E-015   0.0000000000000000     
   7.2000000000000002        8.9694636999906281E-016   0.0000000000000000     
   7.3000000000000007       -1.2154160709414152E-016   0.0000000000000000     
   7.4000000000000004        3.6050029485440609E-016   0.0000000000000000     
   7.5000000000000000        2.0972557232081727E-015   0.0000000000000000     
   7.6000000000000005        1.9869678837198918E-015   0.0000000000000000     
   7.7000000000000002       -3.5252626727981316E-016   0.0000000000000000     
   7.8000000000000007       -8.7556225413614432E-016   0.0000000000000000     
   7.9000000000000004       -9.4214898264033532E-016   0.0000000000000000     
   8.0000000000000000       -2.3098356275102864E-015   0.0000000000000000     
   8.0999999999999996       -1.2682596428077109E-015   0.0000000000000000     
   8.2000000000000011       -2.0987105362404495E-016   0.0000000000000000     
   8.3000000000000007       -1.4158860422158797E-015   0.0000000000000000     
   8.4000000000000004       -5.4735232624610124E-016   0.0000000000000000     
   8.5000000000000000        2.4043036930436969E-015   0.0000000000000000     
   8.5999999999999996        3.4982534060192660E-015   0.0000000000000000     
   8.7000000000000011        1.5861249071994072E-015   0.0000000000000000     
   8.8000000000000007        3.5779920447187460E-016   0.0000000000000000     
   8.9000000000000004        7.9687599511585653E-016   0.0000000000000000     
   9.0000000000000000       -4.1729119798872152E-016   0.0000000000000000     
   9.0999999999999996       -1.6831851683532571E-015   0.0000000000000000     
   9.2000000000000011       -1.9514752932138221E-015   0.0000000000000000     
   9.3000000000000007       -2.1662635969776253E-015   0.0000000000000000     
   9.4000000000000004       -1.5345858521027290E-015   0.0000000000000000     
   9.5000000000000000       -7.0178581640708463E-018   0.0000000000000000     
   9.6000000000000014        1.9875603611375976E-015   0.0000000000000000     
   9.7000000000000011        1.5997571395445706E-015   0.0000000000000000     
   9.8000000000000007        4.1300878576248125E-016   0.0000000000000000     
   9.9000000000000004        4.2781431472686624E-016   0.0000000000000000     
   10.000000000000000       -1.6795407964061334E-016   0.0000000000000000     
   10.100000000000001        1.3636832206403088E-015   0.0000000000000000     
   10.200000000000001        9.6858322896164237E-016   0.0000000000000000     
   10.300000000000001       -2.5692602826838730E-015   0.0000000000000000     
   10.400000000000000       -1.4515208626526379E-015   0.0000000000000000     
   10.500000000000000        1.5779705694312993E-016   0.0000000000000000     
   10.600000000000001       -8.9551220498431235E-016   0.0000000000000000     
   10.700000000000001       -1.2316286291728512E-016   0.0000000000000000     
   10.800000000000001        2.2017774498155439E-015   0.0000000000000000     
   10.900000000000000        2.1084067814402128E-015   0.0000000000000000     
   11.000000000000000       -9.1417688561238953E-016   0.0000000000000000     
   11.100000000000001       -6.6441735588003670E-016   0.0000000000000000     
   11.200000000000001        3.9577042018176858E-016   0.0000000000000000     
   11.300000000000001       -1.6139636277479613E-015   0.0000000000000000     
   11.400000000000000       -6.7474682181384548E-016   0.0000000000000000     
   11.500000000000000        6.1179030641486204E-016   0.0000000000000000     
   11.600000000000001       -2.4464910074060023E-017   0.0000000000000000     
   11.700000000000001        5.8935967303917641E-016   0.0000000000000000     
   11.800000000000001       -6.5406370449961492E-016   0.0000000000000000     
   11.900000000000000       -9.7601910020291612E-016   0.0000000000000000     
   12.000000000000000        1.5535931341030088E-015   0.0000000000000000     
   12.100000000000001        1.1987677340294445E-015   0.0000000000000000     
   12.200000000000001       -5.5835518013423774E-016   0.0000000000000000     
   12.300000000000001       -8.2679653622184001E-016   0.0000000000000000     
   12.400000000000000       -2.2445981196395184E-016   0.0000000000000000     
   12.500000000000000        2.0256169311505414E-016   0.0000000000000000     
   12.600000000000001       -8.3255641009179523E-016   0.0000000000000000     
   12.700000000000001        8.3903406490527420E-017   0.0000000000000000     
   12.800000000000001        1.7881630110158482E-015   0.0000000000000000     
   12.900000000000000        2.6191506602682777E-016   0.0000000000000000     
   13.000000000000000       -4.4550512303916878E-016   0.0000000000000000     
   13.100000000000001       -1.6040217986517220E-017   0.0000000000000000     
   13.200000000000001       -2.7286357592967687E-017   0.0000000000000000     
   13.300000000000001        4.4007033209287383E-016   0.0000000000000000     
   13.400000000000000       -1.7404139343508065E-016   0.0000000000000000     
   13.500000000000000       -8.8520823242151915E-016   0.0000000000000000     
   13.600000000000001       -1.9777632760549613E-015   0.0000000000000000     
   13.700000000000001       -1.0069023279017389E-015   0.0000000000000000     
   13.800000000000001        2.9500373404953457E-015   0.0000000000000000     
   13.900000000000000        8.2089261408423212E-016   0.0000000000000000     
   14.000000000000000       -2.0276267660461435E-015   0.0000000000000000     
   14.100000000000001        1.0748782673348770E-015   0.0000000000000000     
   14.200000000000001        8.8243699895316949E-016   0.0000000000000000     
   14.300000000000001       -1.1802587688267428E-016   0.0000000000000000     
   14.400000000000000        7.0028079084622999E-016   0.0000000000000000     
   14.500000000000000       -3.1690109982978914E-016   0.0000000000000000     
   14.600000000000001        4.1646692599258019E-016   0.0000000000000000     
   14.700000000000001       -3.6180758132257831E-016   0.0000000000000000     
   14.800000000000001       -2.0797331053492435E-015   0.0000000000000000     
   14.900000000000000        8.4275704518807292E-018   0.0000000000000000     
   15.000000000000000        1.2069027015549544E-015   0.0000000000000000     
   15.100000000000001        1.0294944375326071E-015   0.0000000000000000     
   15.200000000000001       -1.1729818368787514E-016   0.0000000000000000     
   15.300000000000001       -1.0495422151843305E-015   0.0000000000000000     
   15.400000000000000        4.0413365111710228E-016   0.0000000000000000     
   15.500000000000000        5.5170760511047976E-016   0.0000000000000000     
   15.600000000000001        5.7833109287833263E-016   0.0000000000000000     
   15.700000000000001        9.8528421671247381E-017   0.0000000000000000     
   15.800000000000001       -6.2241500331208702E-016   0.0000000000000000     
   15.900000000000000        8.6264875476669621E-016   0.0000000000000000     
   16.000000000000000       -1.6448488813996594E-015   0.0000000000000000     
   16.100000000000001       -3.5393155236636745E-015   0.0000000000000000     
   16.199999999999999        2.6658409129435236E-016   0.0000000000000000     
   16.300000000000001        1.9962448058946371E-015   0.0000000000000000     
   16.400000000000002        1.3091118422264216E-015   0.0000000000000000     
   16.500000000000000       -1.1010202410597645E-015   0.0000000000000000     
   16.600000000000001       -2.5176037002875416E-015   0.0000000000000000     
   16.699999999999999        8.5379502118254914E-016   0.0000000000000000     
   16.800000000000001        1.8217326125674366E-015   0.0000000000000000     
   16.900000000000002        2.6478805478331393E-016   0.0000000000000000     
   17.000000000000000        1.2462561061368566E-015   0.0000000000000000     
   17.100000000000001        1.5906482895624400E-015   0.0000000000000000     
   17.199999999999999        3.1881998851382310E-016   0.0000000000000000     
   17.300000000000001       -3.2818750317852867E-016   0.0000000000000000     
   17.400000000000002       -2.0919042156890188E-016   0.0000000000000000     
   17.500000000000000       -1.5755056271271488E-016   0.0000000000000000     
   17.600000000000001        3.6713529189982801E-016   0.0000000000000000     
   17.699999999999999        1.3520074229281871E-015   0.0000000000000000     
   17.800000000000001        3.6481869366189397E-017   0.0000000000000000     
   17.900000000000002       -2.4444210494914665E-015   0.0000000000000000     
   18.000000000000000       -1.8367844799846017E-015   0.0000000000000000     
   18.100000000000001       -8.0247678141938886E-017   0.0000000000000000     
   18.199999999999999       -3.1587987548590508E-016   0.0000000000000000     
   18.300000000000001        1.4186275973705432E-016   0.0000000000000000     
   18.400000000000002        1.4444772537583288E-015   0.0000000000000000     
   18.500000000000000        4.6521175807997192E-016   0.0000000000000000     
   18.600000000000001       -7.7012507704130031E-016   0.0000000000000000     
   18.699999999999999        3.2205683235225358E-016   0.0000000000000000     
   18.800000000000001        1.7925928228992603E-015   0.0000000000000000     
   18.900000000000002        8.1660609058174605E-016   0.0000000000000000     
   19.000000000000000       -1.7595206019482947E-015   0.0000000000000000     
   19.100000000000001       -1.9974652246459377E-015   0.0000000000000000     
   19.200000000000003       -2.5021023884922764E-016   0.0000000000000000     
   19.300000000000001       -1.9383647281864055E-016   0.0000000000000000     
   19.400000000000002       -1.1635131461553488E-015   0.0000000000000000     
   19.500000000000000       -1.0956531056591136E-015   0.0000000000000000     
   19.600000000000001       -1.1393618669072155E-015   0.0000000000000000     
   19.700000000000003       -8.2660225846276248E-016   0.0000000000000000     
   19.800000000000001        1.4195104585741225E-015   0.0000000000000000     
   19.900000000000002        2.1820610723000064E-015   0.0000000000000000     
   20.000000000000000        5.1384405769497080E-017   0.0000000000000000     
   20.100000000000001       -7.9351239567470298E-016   0.0000000000000000     
   20.200000000000003        4.5387788220386475E-016   0.0000000000000000     
   20.300000000000001        1.3809449133418343E-015   0.0000000000000000     
   20.400000000000002        8.9598851560315443E-016   0.0000000000000000     
   20.500000000000000        3.6193716904737905E-016   0.0000000000000000     
   20.600000000000001        2.9597753348262144E-016   0.0000000000000000     
   20.700000000000003       -1.5955351058076483E-016   0.0000000000000000     
   20.800000000000001        5.6269158191580688E-016   0.0000000000000000     
   20.900000000000002        5.6332654318677565E-016   0.0000000000000000     
   21.000000000000000       -1.7702037738966100E-015   0.0000000000000000     
   21.100000000000001       -2.1336004067407602E-015   0.0000000000000000     
   21.200000000000003       -3.7029663377450423E-016   0.0000000000000000     
   21.300000000000001        1.7084885753893516E-016   0.0000000000000000     
   21.400000000000002       -1.7222898643696834E-015   0.0000000000000000     
   21.500000000000000       -1.7999282890324617E-015   0.0000000000000000     
   21.600000000000001        2.6699322897150251E-015   0.0000000000000000     
   21.700000000000003        3.1922971800327724E-015   0.0000000000000000     
   21.800000000000001        6.2711317398677124E-017   0.0000000000000000     
   21.900000000000002        1.8623632754770132E-016   0.0000000000000000     
   22.000000000000000       -6.9132773829389637E-017   0.0000000000000000     
   22.100000000000001        1.0189980557518410E-015   0.0000000000000000     
   22.200000000000003        2.0383718070462374E-015   0.0000000000000000     
   22.300000000000001       -1.7532762137912658E-015   0.0000000000000000     
   22.400000000000002       -1.7809580733156372E-015   0.0000000000000000     
   22.500000000000000        8.2364067983126274E-016   0.0000000000000000     
   22.600000000000001       -1.5458975896452461E-015   0.0000000000000000     
   22.700000000000003       -1.7569795522806486E-015   0.0000000000000000     
   22.800000000000001        6.4042732883100854E-016   0.0000000000000000     
   22.900000000000002        7.3607168832802286E-016   0.0000000000000000     
   23.000000000000000        5.5033182474572319E-016   0.0000000000000000     
   23.100000000000001        1.3642912720368900E-015   0.0000000000000000     
   23.200000000000003       -4.6597051091031224E-017   0.0000000000000000     
   23.300000000000001        4.2428053432382873E-016   0.0000000000000000     
   23.400000000000002        1.3269619462121522E-015   0.0000000000000000     
   23.500000000000000       -2.1155196830053519E-017   0.0000000000000000     
   23.600000000000001       -2.0644835506605181E-015   0.0000000000000000     
   23.700000000000003        2.4785890886500567E-015   0.0000000000000000     
   23.800000000000001        2.4310634768804628E-015   0.0000000000000000     
   23.900000000000002        1.7314817191551274E-015   0.0000000000000000     
   24.000000000000000       -9.1857232196787292E-016   0.0000000000000000     
   24.100000000000001        6.5541244711008547E-016   0.0000000000000000     
   24.200000000000003       -3.8777603944684798E-015   0.0000000000000000     
   24.300000000000001        3.1099364964202565E-015   0.0000000000000000     
   24.400000000000002       -3.6059294346967468E-015   0.0000000000000000     
   24.500000000000000        6.8839923880546308E-016   0.0000000000000000     
   24.600000000000001       -5.9296457916198813E-015   0.0000000000000000     
   24.700000000000003        6.0946583172590182E-015   0.0000000000000000     
   24.800000000000001       -1.0810256400354452E-014   0.0000000000000000     
   24.900000000000002        1.0545782464759167E-014   0.0000000000000000     
   25.000000000000000       -1.3455745614782868E-014   0.0000000000000000     
   25.100000000000001        1.9442321266613585E-014   0.0000000000000000     
   25.200000000000003       -1.9229549038203284E-014   0.0000000000000000     
   25.300000000000001        2.9108731693604831E-014   0.0000000000000000     
   25.400000000000002       -3.5543215403947089E-014   0.0000000000000000     
   25.500000000000000        4.6373370332284705E-014   0.0000000000000000     
   25.600000000000001       -5.9650520435518845E-014   0.0000000000000000     
   25.700000000000003        7.4029327439725510E-014   0.0000000000000000     
   25.800000000000001       -9.4406442258954745E-014   0.0000000000000000     
   25.900000000000002        1.2001728908982493E-013   0.0000000000000000     
   26.000000000000000       -1.5232098491252832E-013   0.0000000000000000     
   26.100000000000001        1.8976065319116096E-013   0.0000000000000000     
   26.200000000000003       -2.4340895116062413E-013   0.0000000000000000     
   26.300000000000001        3.0727954220151105E-013   0.0000000000000000     
   26.400000000000002       -3.9085735920198198E-013   0.0000000000000000     
   26.500000000000000        4.9174026338002024E-013   0.0000000000000000     
   26.600000000000001       -6.1990342678272343E-013   0.0000000000000000     
   26.700000000000003        7.8239641095065338E-013   0.0000000000000000     
   26.800000000000001       -9.8994116086158521E-013   0.0000000000000000     
   26.900000000000002        1.2441522466020872E-012   0.0000000000000000     
   27.000000000000000       -1.5664030455864795E-012   0.0000000000000000     
   27.100000000000001        1.9728718646452506E-012   0.0000000000000000     
   27.200000000000003       -2.4795046639367069E-012   0.0000000000000000     
   27.300000000000001        3.1156879142281952E-012   0.0000000000000000     
   27.400000000000002       -3.9127173852840207E-012   0.0000000000000000     
   27.500000000000000        4.9110193377982291E-012   0.0000000000000000     
   27.600000000000001       -6.1552230913440233E-012   0.0000000000000000     
   27.700000000000003        7.7076435162838663E-012   0.0000000000000000     
   27.800000000000001       -9.6495900207821757E-012   0.0000000000000000     
   27.900000000000002        1.2070251717369823E-011   0.0000000000000000     
   28.000000000000000       -1.5089625572290710E-011   0.0000000000000000     
   28.100000000000001        1.8839880774690973E-011   0.0000000000000000     
   28.200000000000003       -2.3507920585915079E-011   0.0000000000000000     
   28.300000000000001        2.9308726792188528E-011   0.0000000000000000     
   28.400000000000002       -3.6514131164713437E-011   0.0000000000000000     
   28.500000000000000        4.5448397252803747E-011   0.0000000000000000     
   28.600000000000001       -5.6524904420250709E-011   0.0000000000000000     
   28.700000000000003        7.0242343447941640E-011   0.0000000000000000     
   28.800000000000001       -8.7207107047106209E-011   0.0000000000000000     
   28.900000000000002        1.0818220755036133E-010   0.0000000000000000     
   29.000000000000000       -1.3409117919087915E-010   0.0000000000000000     
   29.100000000000001        1.6605262840720902E-010   0.0000000000000000     
   29.200000000000003       -2.0545033117471907E-010   0.0000000000000000     
   29.300000000000001        2.5397563610701295E-010   0.0000000000000000     
   29.400000000000002       -3.1368091885067675E-010   0.0000000000000000     
   29.500000000000000        3.8707291667671376E-010   0.0000000000000000     
   29.600000000000001       -4.7719890933108465E-010   0.0000000000000000     
   29.700000000000003        5.8777808169061442E-010   0.0000000000000000     
   29.800000000000001       -7.2331365647796672E-010   0.0000000000000000     
   29.900000000000002        8.8927702882118900E-010   0.0000000000000000     
   30.000000000000000       -1.0922960351596366E-009   0.0000000000000000     
   30.100000000000001        1.3404095567256976E-009   0.0000000000000000     
   30.200000000000003       -1.6433200736539744E-009   0.0000000000000000     
   30.300000000000001        2.0127607573092407E-009   0.0000000000000000     
   30.400000000000002       -2.4628951452655180E-009   0.0000000000000000     
   30.500000000000000        3.0107852265222549E-009   0.0000000000000000     
   30.600000000000001       -3.6769833487168560E-009   0.0000000000000000     
   30.700000000000003        4.4861846086308560E-009   0.0000000000000000     
   30.800000000000001       -5.4680877965110957E-009   0.0000000000000000     
   30.900000000000002        6.6582956982835555E-009   0.0000000000000000     
   31.000000000000000       -8.0994800499238401E-009   0.0000000000000000     
   31.100000000000001        9.8427175584037044E-009   0.0000000000000000     
   31.200000000000003       -1.1949076344279580E-008   0.0000000000000000     
   31.300000000000001        1.4491460144403829E-008   0.0000000000000000     
   31.400000000000002       -1.7556817447952045E-008   0.0000000000000000     
   31.500000000000000        2.1248725285902325E-008   0.0000000000000000     
   31.600000000000001       -2.5690371590312438E-008   0.0000000000000000     
   31.700000000000003        3.1028162126295852E-008   0.0000000000000000     
   31.800000000000001       -3.7435793296076914E-008   0.0000000000000000     
   31.900000000000002        4.5119139786253651E-008   0.0000000000000000     
   32.000000000000000       -5.4321868149827329E-008   0.0000000000000000     
   32.100000000000001        6.5332029912270411E-008   0.0000000000000000     
   32.200000000000003       -7.8489671113291776E-008   0.0000000000000000     
   32.300000000000004        9.4195731099490209E-008   0.0000000000000000     
   32.399999999999999       -1.1292229101025276E-007   0.0000000000000000     
   32.500000000000000        1.3522445777474783E-007   0.0000000000000000     
   32.600000000000001       -1.6175412354297687E-007   0.0000000000000000     
   32.700000000000003        1.9327577043295163E-007   0.0000000000000000     
   32.800000000000004       -2.3068470025588847E-007   0.0000000000000000     
   32.899999999999999        2.7502799056264720E-007   0.0000000000000000     
   33.000000000000000       -3.2752851637997648E-007   0.0000000000000000     
   33.100000000000001        3.8961246272905739E-007   0.0000000000000000     
   33.200000000000003       -4.6294078669311995E-007   0.0000000000000000     
   33.300000000000004        5.4944510230034656E-007   0.0000000000000000     
   33.399999999999999       -6.5136855818736284E-007   0.0000000000000000     
   33.500000000000000        7.7131229408590433E-007   0.0000000000000000     
   33.600000000000001       -9.1228817121554120E-007   0.0000000000000000     
   33.700000000000003        1.0777784508922021E-006   0.0000000000000000     
   33.800000000000004       -1.2718032792556921E-006   0.0000000000000000     
   33.899999999999999        1.4989967291828453E-006   0.0000000000000000     
   34.000000000000000       -1.7646924705008925E-006   0.0000000000000000     
   34.100000000000001        2.0750199061648322E-006   0.0000000000000000     
   34.200000000000003       -2.4370119373861946E-006   0.0000000000000000     
   34.300000000000004        2.8587254851274499E-006   0.0000000000000000     
   34.399999999999999       -3.3493758973641943E-006   0.0000000000000000     
   34.500000000000000        3.9194866018067730E-006   0.0000000000000000     
   34.600000000000001       -4.5810552259008498E-006   0.0000000000000000     
   34.700000000000003        5.3477376496231157E-006   0.0000000000000000     
   34.800000000000004       -6.2350513074096136E-006   0.0000000000000000     
   34.899999999999999        7.2605992800851534E-006   0.0000000000000000     
   35.000000000000000       -8.4443165082947242E-006   0.0000000000000000     
   35.100000000000001        9.8087397130048198E-006   0.0000000000000000     
   35.200000000000003       -1.1379302304326746E-005   0.0000000000000000     
   35.300000000000004        1.3184655701841686E-005   0.0000000000000000     
   35.399999999999999       -1.5257018390976875E-005   0.0000000000000000     
   35.500000000000000        1.7632553764898113E-005   0.0000000000000000     
   35.600000000000001       -2.0351777810450185E-005   0.0000000000000000     
   35.700000000000003        2.3459997402702388E-005   0.0000000000000000     
   35.800000000000004       -2.7007779727362237E-005   0.0000000000000000     
   35.899999999999999        3.1051453064657973E-005   0.0000000000000000     
   36.000000000000000       -3.5653638743256711E-005   0.0000000000000000     
   36.100000000000001        4.0883813655954192E-005   0.0000000000000000     
   36.200000000000003       -4.6818902171601935E-005   0.0000000000000000     
   36.300000000000004        5.3543895901775657E-005   0.0000000000000000     
   36.399999999999999       -6.1152498538774770E-005   0.0000000000000000     
   36.500000000000000        6.9747793139057315E-005   0.0000000000000000     
   36.600000000000001       -7.9442927247771420E-005   0.0000000000000000     
   36.700000000000003        9.0361811502721125E-005   0.0000000000000000     
   36.800000000000004       -1.0263982515651329E-004   0.0000000000000000     
   36.899999999999999        1.1642452186538751E-004   0.0000000000000000     
   37.000000000000000       -1.3187632726995401E-004   0.0000000000000000     
   37.100000000000001        1.4916921839736602E-004   0.0000000000000000     
   37.200000000000003       -1.6849137494648840E-004   0.0000000000000000     
   37.300000000000004        1.9004578816706217E-004   0.0000000000000000     
   37.399999999999999       -2.1405081623172471E-004   0.0000000000000000     
   37.500000000000000        2.4074066705462435E-004   0.0000000000000000     
   37.600000000000001       -2.7036579576258799E-004   0.0000000000000000     
   37.700000000000003        3.0319319419051962E-004   0.0000000000000000     
   37.800000000000004       -3.3950655586744934E-004   0.0000000000000000     
   37.899999999999999        3.7960629327016851E-004   0.0000000000000000     
   38.000000000000000       -4.2380938377185423E-004   0.0000000000000000     
   38.100000000000001        4.7244902498518851E-004   0.0000000000000000     
   38.200000000000003       -5.2587406533557003E-004   0.0000000000000000     
   38.300000000000004        5.8444819850179085E-004   0.0000000000000000     
   38.400000000000006       -6.4854887631974234E-004   0.0000000000000000     
   38.500000000000000        7.1856593669393097E-004   0.0000000000000000     
   38.600000000000001       -7.9489989616124716E-004   0.0000000000000000     
   38.700000000000003        8.7795990328596782E-004   0.0000000000000000     
   38.800000000000004       -9.6816131437509761E-004   0.0000000000000000     
   38.900000000000006        1.0659228694130469E-003   0.0000000000000000     
   39.000000000000000       -1.1716634671785733E-003   0.0000000000000000     
   39.100000000000001        1.2857984767445500E-003   0.0000000000000000     
   39.200000000000003       -1.4087356472492971E-003   0.0000000000000000     
   39.300000000000004        1.5408704988209866E-003   0.0000000000000000     
   39.400000000000006       -1.6825813265843967E-003   0.0000000000000000     
   39.500000000000000        1.8342236636440645E-003   0.0000000000000000     
   39.600000000000001       -1.9961243690099829E-003   0.0000000000000000     
   39.700000000000003        2.1685752213537867E-003   0.0000000000000000     
   39.800000000000004       -2.3518261206801677E-003   0.0000000000000000     
   39.900000000000006        2.5460779481627626E-003   0.0000000000000000     
   40.000000000000000       -2.7514749704409635E-003   0.0000000000000000     
   40.100000000000001        2.9680971750733259E-003   0.0000000000000000     
   40.200000000000003       -3.1959520564586157E-003   0.0000000000000000     
   40.300000000000004        3.4349666910428798E-003   0.0000000000000000     
   40.400000000000006       -3.6849792166440219E-003   0.0000000000000000     
   40.500000000000000        3.9457309309653609E-003   0.0000000000000000     
   40.600000000000001       -4.2168579529236272E-003   0.0000000000000000     
   40.700000000000003        4.4978836111172820E-003   0.0000000000000000     
   40.800000000000004       -4.7882109738266012E-003   0.0000000000000000     
   40.900000000000006        5.0871157665440129E-003   0.0000000000000000     
   41.000000000000000       -5.3937406195900539E-003   0.0000000000000000     
   41.100000000000001        5.7070887765475206E-003   0.0000000000000000     
   41.200000000000003       -6.0260209401960000E-003   0.0000000000000000     
   41.300000000000004        6.3492501979406169E-003   0.0000000000000000     
   41.400000000000006       -6.6753421334520358E-003   0.0000000000000000     
   41.500000000000000        7.0027117922769541E-003   0.0000000000000000     
   41.600000000000001       -7.3296271793830345E-003   0.0000000000000000     
   41.700000000000003        7.6542097508041432E-003   0.0000000000000000     
   41.800000000000004       -7.9744405472771483E-003   0.0000000000000000     
   41.900000000000006        8.2881665162121317E-003   0.0000000000000000     
   42.000000000000000       -8.5931075411039785E-003   0.0000000000000000     
   42.100000000000001        8.8868715342946547E-003   0.0000000000000000     
   42.200000000000003       -9.1669599767957421E-003   0.0000000000000000     
   42.300000000000004        9.4307945680718892E-003   0.0000000000000000     
   42.400000000000006       -9.6757193208094807E-003   0.0000000000000000     
   42.500000000000000        9.8990397935472679E-003   0.0000000000000000     
   42.600000000000001       -1.0098022145253679E-002   0.0000000000000000     
   42.700000000000003        1.0269941817784751E-002   0.0000000000000000     
   42.800000000000004       -1.0412084893107836E-002   0.0000000000000000     
   42.900000000000006        1.0521796211252489E-002   0.0000000000000000     
   43.000000000000000       -1.0596495779632967E-002   0.0000000000000000     
   43.100000000000001        1.0633707487669451E-002   0.0000000000000000     
   43.200000000000003       -1.0631111633801264E-002   0.0000000000000000     
   43.300000000000004        1.0586527220088331E-002   0.0000000000000000     
   43.400000000000006       -1.0498027219593486E-002   0.0000000000000000     
   43.500000000000000        1.0363844829659853E-002   0.0000000000000000     
   43.600000000000001       -1.0182574821872889E-002   0.0000000000000000     
   43.700000000000003        9.9529843230241645E-003   0.0000000000000000     
   43.800000000000004       -9.6743034806649180E-003   0.0000000000000000     
   43.900000000000006        9.3459527582457312E-003   0.0000000000000000     
   44.000000000000000       -8.9678810885714111E-003   0.0000000000000000     
   44.100000000000001        8.5402813684110276E-003   0.0000000000000000     
   44.200000000000003       -8.0638594632489319E-003   0.0000000000000000     
   44.300000000000004        7.5396988759017097E-003   0.0000000000000000     
   44.400000000000006       -6.9692431742944955E-003   0.0000000000000000     
   44.500000000000000        6.3545792394040035E-003   0.0000000000000000     
   44.600000000000001       -5.6978078300316355E-003   0.0000000000000000     
   44.700000000000003        5.0021132948309659E-003   0.0000000000000000     
   44.800000000000004       -4.2701229060295703E-003   0.0000000000000000     
   44.900000000000006        3.5061655587094085E-003   0.0000000000000000     
   45.000000000000000       -2.7132478601967856E-003   0.0000000000000000     
   45.100000000000001        1.8967935502502457E-003   0.0000000000000000     
   45.200000000000003       -1.0600876751784085E-003   0.0000000000000000     
   45.300000000000004        2.0942662813799948E-004   0.0000000000000000     
   45.400000000000006        6.5158584196712112E-004   0.0000000000000000     
   45.500000000000000       -1.5162766119199698E-003   0.0000000000000000     
   45.600000000000001        2.3804189747369036E-003   0.0000000000000000     
   45.700000000000003       -3.2378503831460661E-003   0.0000000000000000     
   45.800000000000004        4.0830175375758306E-003   0.0000000000000000     
   45.900000000000006       -4.9116591344725647E-003   0.0000000000000000     
   46.000000000000000        5.7156752182719499E-003   0.0000000000000000     
   46.100000000000001       -6.4946670322530266E-003   0.0000000000000000     
   46.200000000000003        7.2362026815309963E-003   0.0000000000000000     
   46.300000000000004       -7.9462415990047552E-003   0.0000000000000000     
   46.400000000000006        8.6057597243071309E-003   0.0000000000000000     
   46.500000000000000       -9.2298853934022936E-003   0.0000000000000000     
   46.600000000000001        9.7905873739578785E-003   0.0000000000000000     
   46.700000000000003       -1.0314788999262239E-002   0.0000000000000000     
   46.800000000000004        1.0763538364304803E-002   0.0000000000000000     
   46.900000000000006       -1.1177106234522203E-002   0.0000000000000000     
   47.000000000000000        1.1505313141336553E-002   0.0000000000000000     
   47.100000000000001       -1.1800868336049914E-002   0.0000000000000000     
   47.200000000000003        1.2005324075131035E-002   0.0000000000000000     
   47.300000000000004       -1.2178477084128529E-002   0.0000000000000000     
   47.400000000000006        1.2262131934845013E-002   0.0000000000000000     
   47.500000000000000       -1.2310745796424006E-002   0.0000000000000000     
   47.600000000000001        1.2283424446050788E-002   0.0000000000000000     
   47.700000000000003       -1.2206489577021961E-002   0.0000000000000000     
   47.800000000000004        1.2085535017540965E-002   0.0000000000000000     
   47.900000000000006       -1.1881699404389944E-002   0.0000000000000000     
   48.000000000000000        1.1692528383082941E-002   0.0000000000000000     
   48.100000000000001       -1.1358365612048451E-002   0.0000000000000000     
   48.200000000000003        1.1134906785606706E-002   0.0000000000000000     
   48.300000000000004       -1.0663042162665689E-002   0.0000000000000000     
   48.400000000000006        1.0448013417222306E-002   0.0000000000000000     
   48.500000000000000       -9.8252613338261786E-003   0.0000000000000000     
   48.600000000000001        9.6702274251159581E-003   0.0000000000000000     
   48.700000000000003       -8.8759171905832060E-003   0.0000000000000000     
   48.800000000000004        8.8410556858231886E-003   0.0000000000000000     
   48.900000000000006       -7.8457345873228831E-003   0.0000000000000000     
   49.000000000000000        7.9992301005887799E-003   0.0000000000000000     
   49.100000000000001       -6.7639285121338976E-003   0.0000000000000000     
   49.200000000000003        7.1809153987474018E-003   0.0000000000000000     
   49.300000000000004       -5.6571419581631132E-003   0.0000000000000000     
   49.400000000000006        6.4180348792456706E-003   0.0000000000000000     
   49.500000000000000       -4.5474883444434830E-003   0.0000000000000000     
   49.600000000000001        5.8459588878058792E-003   0.0000000000000000     
   49.700000000000003       -3.6515013076506529E-003   0.0000000000000000     
   49.800000000000004        2.1424794488755059E-003   0.0000000000000000     
   49.900000000000006        5.0654071924799070E-054   0.0000000000000000     
