   0.0000000000000000        3.8890936860126562E-014   0.0000000000000000     
  0.10000000000000001        3.2114845943489760E-014   0.0000000000000000     
  0.20000000000000001       -3.7322663959835290E-015   0.0000000000000000     
  0.30000000000000004        6.3355448478375155E-014   0.0000000000000000     
  0.40000000000000002       -2.8482932952467619E-014   0.0000000000000000     
  0.50000000000000000        7.8801098320987080E-014   0.0000000000000000     
  0.60000000000000009       -7.2788509400691025E-014   0.0000000000000000     
  0.70000000000000007        1.1012870237787773E-013   0.0000000000000000     
  0.80000000000000004       -1.2935865857314122E-013   0.0000000000000000     
  0.90000000000000002        1.7779077231520739E-013   0.0000000000000000     
   1.0000000000000000       -2.1541026587173210E-013   0.0000000000000000     
   1.1000000000000001        2.8345876776799649E-013   0.0000000000000000     
   1.2000000000000002       -3.6085546732025754E-013   0.0000000000000000     
   1.3000000000000000        4.6218243029718532E-013   0.0000000000000000     
   1.4000000000000001       -5.8631348725311996E-013   0.0000000000000000     
   1.5000000000000000        7.5355355463624796E-013   0.0000000000000000     
   1.6000000000000001       -9.6215201439743665E-013   0.0000000000000000     
   1.7000000000000002        1.2253157521984749E-012   0.0000000000000000     
   1.8000000000000000       -1.5610396302538491E-012   0.0000000000000000     
   1.9000000000000001        1.9905313077486891E-012   0.0000000000000000     
   2.0000000000000000       -2.5340934424407313E-012   0.0000000000000000     
   2.1000000000000001        3.2246235004783758E-012   0.0000000000000000     
   2.2000000000000002       -4.1003198151359216E-012   0.0000000000000000     
   2.3000000000000003        5.2111764183875880E-012   0.0000000000000000     
   2.4000000000000004       -6.6152459449612125E-012   0.0000000000000000     
   2.5000000000000000        8.3920380715897128E-012   0.0000000000000000     
   2.6000000000000001       -1.0643474734913437E-011   0.0000000000000000     
   2.7000000000000002        1.3484475983545467E-011   0.0000000000000000     
   2.8000000000000003       -1.7069897333976199E-011   0.0000000000000000     
   2.9000000000000004        2.1596242241592571E-011   0.0000000000000000     
   3.0000000000000000       -2.7294798263724916E-011   0.0000000000000000     
   3.1000000000000001        3.4470764670862838E-011   0.0000000000000000     
   3.2000000000000002       -4.3502547887109178E-011   0.0000000000000000     
   3.3000000000000003        5.4851346874796177E-011   0.0000000000000000     
   3.4000000000000004       -6.9104341891405711E-011   0.0000000000000000     
   3.5000000000000000        8.6981503940626354E-011   0.0000000000000000     
   3.6000000000000001       -1.0938479978535351E-010   0.0000000000000000     
   3.7000000000000002        1.3744590624865329E-010   0.0000000000000000     
   3.8000000000000003       -1.7254560526624246E-010   0.0000000000000000     
   3.9000000000000004        2.1640670593419823E-010   0.0000000000000000     
   4.0000000000000000       -2.7117049756198690E-010   0.0000000000000000     
   4.1000000000000005        3.3946818476278910E-010   0.0000000000000000     
   4.2000000000000002       -4.2456468857112721E-010   0.0000000000000000     
   4.2999999999999998        5.3048307991231005E-010   0.0000000000000000     
   4.4000000000000004       -6.6217210102522797E-010   0.0000000000000000     
   4.5000000000000000        8.2573714026699546E-010   0.0000000000000000     
   4.6000000000000005       -1.0286734123665584E-009   0.0000000000000000     
   4.7000000000000002        1.2801840051753645E-009   0.0000000000000000     
   4.8000000000000007       -1.5915601774211114E-009   0.0000000000000000     
   4.9000000000000004        1.9766186893113017E-009   0.0000000000000000     
   5.0000000000000000       -2.4522674772228596E-009   0.0000000000000000     
   5.1000000000000005        3.0391572767377655E-009   0.0000000000000000     
   5.2000000000000002       -3.7624748429445043E-009   0.0000000000000000     
   5.3000000000000007        4.6529130913384156E-009   0.0000000000000000     
   5.4000000000000004       -5.7478101616548039E-009   0.0000000000000000     
   5.5000000000000000        7.0925333509971906E-009   0.0000000000000000     
   5.6000000000000005       -8.7421310328246064E-009   0.0000000000000000     
   5.7000000000000002        1.0763305501381175E-008   0.0000000000000000     
   5.8000000000000007       -1.3236777536534190E-008   0.0000000000000000     
   5.9000000000000004        1.6260077057812321E-008   0.0000000000000000     
   6.0000000000000000       -1.9950888146138176E-008   0.0000000000000000     
   6.1000000000000005        2.4451021988251328E-008   0.0000000000000000     
   6.2000000000000002       -2.9931103283178998E-008   0.0000000000000000     
   6.3000000000000007        3.6596131335005089E-008   0.0000000000000000     
   6.4000000000000004       -4.4692041740243643E-008   0.0000000000000000     
   6.5000000000000000        5.4513450688582323E-008   0.0000000000000000     
   6.6000000000000005       -6.6412767155859517E-008   0.0000000000000000     
   6.7000000000000002        8.0810884207797574E-008   0.0000000000000000     
   6.8000000000000007       -9.8209738543509616E-008   0.0000000000000000     
   6.9000000000000004        1.1920698467987574E-007   0.0000000000000000     
   7.0000000000000000       -1.4451314903079402E-007   0.0000000000000000     
   7.1000000000000005        1.7497164466417928E-007   0.0000000000000000     
   7.2000000000000002       -2.1158201857173692E-007   0.0000000000000000     
   7.3000000000000007        2.5552698679351718E-007   0.0000000000000000     
   7.4000000000000004       -3.0820375507815275E-007   0.0000000000000000     
   7.5000000000000000        3.7126022057009214E-007   0.0000000000000000     
   7.6000000000000005       -4.4663679677838247E-007   0.0000000000000000     
   7.7000000000000002        5.3661452871559763E-007   0.0000000000000000     
   7.8000000000000007       -6.4387040990516557E-007   0.0000000000000000     
   7.9000000000000004        7.7154084357938628E-007   0.0000000000000000     
   8.0000000000000000       -9.2329417751684793E-007   0.0000000000000000     
   8.0999999999999996        1.1034135571047454E-006   0.0000000000000000     
   8.2000000000000011       -1.3168912614818565E-006   0.0000000000000000     
   8.3000000000000007        1.5695358369875717E-006   0.0000000000000000     
   8.4000000000000004       -1.8680936001760889E-006   0.0000000000000000     
   8.5000000000000000        2.2203859215144616E-006   0.0000000000000000     
   8.5999999999999996       -2.6354640344182676E-006   0.0000000000000000     
   8.7000000000000011        3.1237832230967183E-006   0.0000000000000000     
   8.8000000000000007       -3.6973981106389912E-006   0.0000000000000000     
   8.9000000000000004        4.3701811536777515E-006   0.0000000000000000     
   9.0000000000000000       -5.1580663929654819E-006   0.0000000000000000     
   9.0999999999999996        6.0793204710443183E-006   0.0000000000000000     
   9.2000000000000011       -7.1548432223429712E-006   0.0000000000000000     
   9.3000000000000007        8.4084999297731193E-006   0.0000000000000000     
   9.4000000000000004       -9.8674873885235498E-006   0.0000000000000000     
   9.5000000000000000        1.1562735961546065E-005   0.0000000000000000     
   9.6000000000000014       -1.3529349527429857E-005   0.0000000000000000     
   9.7000000000000011        1.5807085212717565E-005   0.0000000000000000     
   9.8000000000000007       -1.8440874523134003E-005   0.0000000000000000     
   9.9000000000000004        2.1481387113780833E-005   0.0000000000000000     
   10.000000000000000       -2.4985638218511130E-005   0.0000000000000000     
   10.100000000000001        2.9017640168612680E-005   0.0000000000000000     
   10.200000000000001       -3.3649097887138766E-005   0.0000000000000000     
   10.300000000000001        3.8960147606298745E-005   0.0000000000000000     
   10.400000000000000       -4.5040137185249925E-005   0.0000000000000000     
   10.500000000000000        5.1988445587229296E-005   0.0000000000000000     
   10.600000000000001       -5.9915337915336451E-005   0.0000000000000000     
   10.700000000000001        6.8942851250062144E-005   0.0000000000000000     
   10.800000000000001       -7.9205705249388265E-005   0.0000000000000000     
   10.900000000000000        9.0852229850537519E-005   0.0000000000000000     
   11.000000000000000       -1.0404530092390126E-004   0.0000000000000000     
   11.100000000000001        1.1896327289690980E-004   0.0000000000000000     
   11.200000000000001       -1.3580089540644899E-004   0.0000000000000000     
   11.300000000000001        1.5477019916904767E-004   0.0000000000000000     
   11.400000000000000       -1.7610133393933120E-004   0.0000000000000000     
   11.500000000000000        2.0004333931688084E-004   0.0000000000000000     
   11.600000000000001       -2.2686482696201144E-004   0.0000000000000000     
   11.700000000000001        2.5685455027905620E-004   0.0000000000000000     
   11.800000000000001       -2.9032183556233689E-004   0.0000000000000000     
   11.900000000000000        3.2759684629127202E-004   0.0000000000000000     
   12.000000000000000       -3.6903065009858045E-004   0.0000000000000000     
   12.100000000000001        4.1499505619460288E-004   0.0000000000000000     
   12.200000000000001       -4.6588218913297820E-004   0.0000000000000000     
   12.300000000000001        5.2210376357152946E-004   0.0000000000000000     
   12.400000000000000       -5.8409002372203497E-004   0.0000000000000000     
   12.500000000000000        6.5228831049682432E-004   0.0000000000000000     
   12.600000000000001       -7.2716121962701594E-004   0.0000000000000000     
   12.700000000000001        8.0918431458570266E-004   0.0000000000000000     
   12.800000000000001       -8.9884335956482689E-004   0.0000000000000000     
   12.900000000000000        9.9663104010250594E-004   0.0000000000000000     
   13.000000000000000       -1.1030431419431395E-003   0.0000000000000000     
   13.100000000000001        1.2185741629746360E-003   0.0000000000000000     
   13.200000000000001       -1.3437123381460144E-003   0.0000000000000000     
   13.300000000000001        1.4789340634952625E-003   0.0000000000000000     
   13.400000000000000       -1.6246977129611047E-003   0.0000000000000000     
   13.500000000000000        1.7814368499692295E-003   0.0000000000000000     
   13.600000000000001       -1.9495528456367941E-003   0.0000000000000000     
   13.700000000000001        2.1294069262518941E-003   0.0000000000000000     
   13.800000000000001       -2.3213116844603521E-003   0.0000000000000000     
   13.900000000000000        2.5255221016964500E-003   0.0000000000000000     
   14.000000000000000       -2.7422261429648682E-003   0.0000000000000000     
   14.100000000000001        2.9715349996723172E-003   0.0000000000000000     
   14.200000000000001       -3.2134730713324223E-003   0.0000000000000000     
   14.300000000000001        3.4679677921141843E-003   0.0000000000000000     
   14.400000000000000       -3.7348394238186735E-003   0.0000000000000000     
   14.500000000000000        4.0137909519591076E-003   0.0000000000000000     
   14.600000000000001       -4.3043982362002322E-003   0.0000000000000000     
   14.700000000000001        4.6061005801996914E-003   0.0000000000000000     
   14.800000000000001       -4.9181918981326270E-003   0.0000000000000000     
   14.900000000000000        5.2398126660502687E-003   0.0000000000000000     
   15.000000000000000       -5.5699428546724643E-003   0.0000000000000000     
   15.100000000000001        5.9073960462142508E-003   0.0000000000000000     
   15.200000000000001       -6.2508149411538098E-003   0.0000000000000000     
   15.300000000000001        6.5986684603878513E-003   0.0000000000000000     
   15.400000000000000       -6.9492506444560065E-003   0.0000000000000000     
   15.500000000000000        7.3006815435978879E-003   0.0000000000000000     
   15.600000000000001       -7.6509102800006324E-003   0.0000000000000000     
   15.700000000000001        7.9977204471151867E-003   0.0000000000000000     
   15.800000000000001       -8.3387379893893835E-003   0.0000000000000000     
   15.900000000000000        8.6714416796972969E-003   0.0000000000000000     
   16.000000000000000       -8.9931762812609905E-003   0.0000000000000000     
   16.100000000000001        9.3011684455131458E-003   0.0000000000000000     
   16.199999999999999       -9.5925453580673718E-003   0.0000000000000000     
   16.300000000000001        9.8643561018862611E-003   0.0000000000000000     
   16.400000000000002       -1.0113595660186683E-002   0.0000000000000000     
   16.500000000000000        1.0337231432544385E-002   0.0000000000000000     
   16.600000000000001       -1.0532232086663259E-002   0.0000000000000000     
   16.699999999999999        1.0695598516155194E-002   0.0000000000000000     
   16.800000000000001       -1.0824396622549814E-002   0.0000000000000000     
   16.900000000000002        1.0915791588555756E-002   0.0000000000000000     
   17.000000000000000       -1.0967083260357193E-002   0.0000000000000000     
   17.100000000000001        1.0975742210954435E-002   0.0000000000000000     
   17.199999999999999       -1.0939446015028128E-002   0.0000000000000000     
   17.300000000000001        1.0856115229731924E-002   0.0000000000000000     
   17.400000000000002       -1.0723948546915808E-002   0.0000000000000000     
   17.500000000000000        1.0541456560759851E-002   0.0000000000000000     
   17.600000000000001       -1.0307493582137282E-002   0.0000000000000000     
   17.699999999999999        1.0021286928413923E-002   0.0000000000000000     
   17.800000000000001       -9.6824631246091222E-003   0.0000000000000000     
   17.900000000000002        9.2910704702265159E-003   0.0000000000000000     
   18.000000000000000       -8.8475974557365895E-003   0.0000000000000000     
   18.100000000000001        8.3529865532713868E-003   0.0000000000000000     
   18.199999999999999       -7.8086429581338398E-003   0.0000000000000000     
   18.300000000000001        7.2164379202305350E-003   0.0000000000000000     
   18.400000000000002       -6.5787063768999992E-003   0.0000000000000000     
   18.500000000000000        5.8982386802314841E-003   0.0000000000000000     
   18.600000000000001       -5.1782663010928702E-003   0.0000000000000000     
   18.699999999999999        4.4224414875670666E-003   0.0000000000000000     
   18.800000000000001       -3.6348109556830236E-003   0.0000000000000000     
   18.900000000000002        2.8197837930910960E-003   0.0000000000000000     
   19.000000000000000       -1.9820938599179995E-003   0.0000000000000000     
   19.100000000000001        1.1267570731743849E-003   0.0000000000000000     
   19.200000000000003       -2.5902405949791295E-004   0.0000000000000000     
   19.300000000000001       -6.1567124618094687E-004   0.0000000000000000     
   19.400000000000002        1.4917663937408698E-003   0.0000000000000000     
   19.500000000000000       -2.3636278658582615E-003   0.0000000000000000     
   19.600000000000001        3.2256103809937000E-003   0.0000000000000000     
   19.700000000000003       -4.0721172023476396E-003   0.0000000000000000     
   19.800000000000001        4.8976605696194643E-003   0.0000000000000000     
   19.900000000000002       -5.6969213520686787E-003   0.0000000000000000     
   20.000000000000000        6.4648070203204558E-003   0.0000000000000000     
   20.100000000000001       -7.1965070503272549E-003   0.0000000000000000     
   20.200000000000003        7.8875449061039573E-003   0.0000000000000000     
   20.300000000000001       -8.5338257982380764E-003   0.0000000000000000     
   20.400000000000002        9.1316794811864815E-003   0.0000000000000000     
   20.500000000000000       -9.6778974335673274E-003   0.0000000000000000     
   20.600000000000001        1.0169763860200003E-002   0.0000000000000000     
   20.700000000000003       -1.0605080060231321E-002   0.0000000000000000     
   20.800000000000001        1.0982181820895196E-002   0.0000000000000000     
   20.900000000000002       -1.1299949618329815E-002   0.0000000000000000     
   21.000000000000000        1.1557811532781195E-002   0.0000000000000000     
   21.100000000000001       -1.1755738913111564E-002   0.0000000000000000     
   21.200000000000003        1.1894234951784807E-002   0.0000000000000000     
   21.300000000000001       -1.1974316453659621E-002   0.0000000000000000     
   21.400000000000002        1.1997489197419000E-002   0.0000000000000000     
   21.500000000000000       -1.1965717394975550E-002   0.0000000000000000     
   21.600000000000001        1.1881387849141127E-002   0.0000000000000000     
   21.700000000000003       -1.1747269491555053E-002   0.0000000000000000     
   21.800000000000001        1.1566469049777990E-002   0.0000000000000000     
   21.900000000000002       -1.1342383642853535E-002   0.0000000000000000     
   22.000000000000000        1.1078651138367170E-002   0.0000000000000000     
   22.100000000000001       -1.0779099120313131E-002   0.0000000000000000     
   22.200000000000003        1.0447693315645776E-002   0.0000000000000000     
   22.300000000000001       -1.0088486309484826E-002   0.0000000000000000     
   22.400000000000002        9.7055673446750246E-003   0.0000000000000000     
   22.500000000000000       -9.3030139521778996E-003   0.0000000000000000     
   22.600000000000001        8.8848460965442466E-003   0.0000000000000000     
   22.700000000000003       -8.4549834466469340E-003   0.0000000000000000     
   22.800000000000001        8.0172062985486604E-003   0.0000000000000000     
   22.900000000000002       -7.5751205869114806E-003   0.0000000000000000     
   23.000000000000000        7.1321273256878251E-003   0.0000000000000000     
   23.100000000000001       -6.6913967210149427E-003   0.0000000000000000     
   23.200000000000003        6.2558471010390332E-003   0.0000000000000000     
   23.300000000000001       -5.8281287110427647E-003   0.0000000000000000     
   23.400000000000002        5.4106123303673224E-003   0.0000000000000000     
   23.500000000000000       -5.0053825814962757E-003   0.0000000000000000     
   23.600000000000001        4.6142357231981034E-003   0.0000000000000000     
   23.700000000000003       -4.2386816503123797E-003   0.0000000000000000     
   23.800000000000001        3.8799497633632456E-003   0.0000000000000000     
   23.900000000000002       -3.5389983228080709E-003   0.0000000000000000     
   24.000000000000000        3.2165268655013303E-003   0.0000000000000000     
   24.100000000000001       -2.9129912351753559E-003   0.0000000000000000     
   24.200000000000003        2.6286207643760372E-003   0.0000000000000000     
   24.300000000000001       -2.3634371414301284E-003   0.0000000000000000     
   24.400000000000002        2.1172745025366518E-003   0.0000000000000000     
   24.500000000000000       -1.8898003047779814E-003   0.0000000000000000     
   24.600000000000001        1.6805365595022785E-003   0.0000000000000000     
   24.700000000000003       -1.4888810364016688E-003   0.0000000000000000     
   24.800000000000001        1.3141280849082509E-003   0.0000000000000000     
   24.900000000000002       -1.1554887602741278E-003   0.0000000000000000     
   25.000000000000000        1.0121099854444723E-003   0.0000000000000000     
   25.100000000000001       -8.8309252506883567E-004   0.0000000000000000     
   25.200000000000003        7.6750759396644543E-004   0.0000000000000000     
   25.300000000000001       -6.6441196734929198E-004   0.0000000000000000     
   25.400000000000002        5.7286150353273637E-004   0.0000000000000000     
   25.500000000000000       -4.9192303080142436E-004   0.0000000000000000     
   25.600000000000001        4.2068458737032078E-004   0.0000000000000000     
   25.700000000000003       -3.5826403721889589E-004   0.0000000000000000     
   25.800000000000001        3.0381611388172598E-004   0.0000000000000000     
   25.900000000000002       -2.5653796894993807E-004   0.0000000000000000     
   26.000000000000000        2.1567332245843319E-004   0.0000000000000000     
   26.100000000000001       -1.8051532778156024E-004   0.0000000000000000     
   26.200000000000003        1.5040827485321586E-004   0.0000000000000000     
   26.300000000000001       -1.2474826254159531E-004   0.0000000000000000     
   26.400000000000002        1.0298297405679006E-004   0.0000000000000000     
   26.500000000000000       -8.4610689094380561E-005   0.0000000000000000     
   26.600000000000001        6.9178662966022365E-005   0.0000000000000000     
   26.700000000000003       -5.6280997255506442E-005   0.0000000000000000     
   26.800000000000001        4.5556118716131654E-005   0.0000000000000000     
   26.900000000000002       -3.6683973559849939E-005   0.0000000000000000     
   27.000000000000000        2.9383034010719560E-005   0.0000000000000000     
   27.100000000000001       -2.3407202628924244E-005   0.0000000000000000     
   27.200000000000003        1.8542688480766074E-005   0.0000000000000000     
   27.300000000000001       -1.4604917953026589E-005   0.0000000000000000     
   27.400000000000002        1.1435531639844313E-005   0.0000000000000000     
   27.500000000000000       -8.8995084859664293E-006   0.0000000000000000     
   27.600000000000001        6.8824484932700925E-006   0.0000000000000000     
   27.700000000000003       -5.2880362905753998E-006   0.0000000000000000     
   27.800000000000001        4.0357002982045290E-006   0.0000000000000000     
   27.900000000000002       -3.0584750281065886E-006   0.0000000000000000     
   28.000000000000000        2.3010683533702052E-006   0.0000000000000000     
   28.100000000000001       -1.7181308591126500E-006   0.0000000000000000     
   28.200000000000003        1.2727202658295646E-006   0.0000000000000000     
   28.300000000000001       -9.3495121593830213E-007   0.0000000000000000     
   28.400000000000002        6.8081838807261942E-007   0.0000000000000000     
   28.500000000000000       -4.9117945051828172E-007   0.0000000000000000     
   28.600000000000001        3.5088369545005506E-007   0.0000000000000000     
   28.700000000000003       -2.4803172092057878E-007   0.0000000000000000     
   28.800000000000001        1.7335177518159884E-007   0.0000000000000000     
   28.900000000000002       -1.1967879413574708E-007   0.0000000000000000     
   29.000000000000000        8.1522926508520602E-008   0.0000000000000000     
   29.100000000000001       -5.4715254080076455E-008   0.0000000000000000     
   29.200000000000003        3.6119376587910072E-008   0.0000000000000000     
   29.300000000000001       -2.3398751186341097E-008   0.0000000000000000     
   29.400000000000002        1.4830661362076960E-008   0.0000000000000000     
   29.500000000000000       -9.1588751560358346E-009   0.0000000000000000     
   29.600000000000001        5.4780589562714014E-009   0.0000000000000000     
   29.700000000000003       -3.1439585743330339E-009   0.0000000000000000     
   29.800000000000001        1.7043996411074187E-009   0.0000000000000000     
   29.900000000000002       -8.4677865929757929E-010   0.0000000000000000     
   30.000000000000000        3.5857628651796562E-010   0.0000000000000000     
   30.100000000000001       -9.8041261766205125E-011   0.0000000000000000     
   30.200000000000003       -2.7345807539293387E-011   0.0000000000000000     
   30.300000000000001        7.6414882848227136E-011   0.0000000000000000     
   30.400000000000002       -8.5418496714004480E-011   0.0000000000000000     
   30.500000000000000        7.5829089519790147E-011   0.0000000000000000     
   30.600000000000001       -5.9665262455362479E-011   0.0000000000000000     
   30.700000000000003        4.3133850357256686E-011   0.0000000000000000     
   30.800000000000001       -2.9011522021956312E-011   0.0000000000000000     
   30.900000000000002        1.8144514645808846E-011   0.0000000000000000     
   31.000000000000000       -1.0417828842288715E-011   0.0000000000000000     
   31.100000000000001        5.3060139497245498E-012   0.0000000000000000     
   31.200000000000003       -2.1664099765645922E-012   0.0000000000000000     
   31.300000000000001        4.1049947797788279E-013   0.0000000000000000     
   31.400000000000002        4.4255918442650746E-013   0.0000000000000000     
   31.500000000000000       -7.5215948314748265E-013   0.0000000000000000     
   31.600000000000001        7.6387818094376842E-013   0.0000000000000000     
   31.700000000000003       -6.4104648963944366E-013   0.0000000000000000     
   31.800000000000001        4.7857735499615278E-013   0.0000000000000000     
   31.900000000000002       -3.2255750027977558E-013   0.0000000000000000     
   32.000000000000000        1.9359540854286461E-013   0.0000000000000000     
   32.100000000000001       -1.0201417242252338E-013   0.0000000000000000     
   32.200000000000003        4.3761532133356472E-014   0.0000000000000000     
   32.300000000000004       -8.4582769160272354E-015   0.0000000000000000     
   32.399999999999999       -1.0358716181757884E-014   0.0000000000000000     
   32.500000000000000        1.9201542143467548E-014   0.0000000000000000     
   32.600000000000001       -1.7584214698414119E-014   0.0000000000000000     
   32.700000000000003        1.3624924561101890E-014   0.0000000000000000     
   32.800000000000004       -1.1232608036224419E-014   0.0000000000000000     
   32.899999999999999        5.9457867056774403E-015   0.0000000000000000     
   33.000000000000000       -2.2410966633316336E-015   0.0000000000000000     
   33.100000000000001       -6.4894611382681438E-016   0.0000000000000000     
   33.200000000000003        1.0024313322859404E-015   0.0000000000000000     
   33.300000000000004       -1.6580030036469834E-015   0.0000000000000000     
   33.399999999999999        4.3719729333316185E-015   0.0000000000000000     
   33.500000000000000       -2.3525235133252092E-015   0.0000000000000000     
   33.600000000000001       -5.6968624053177309E-016   0.0000000000000000     
   33.700000000000003        3.1134416070721334E-016   0.0000000000000000     
   33.800000000000004        1.0884787097765858E-015   0.0000000000000000     
   33.899999999999999       -5.3277364798885317E-016   0.0000000000000000     
   34.000000000000000       -4.1703946222513001E-016   0.0000000000000000     
   34.100000000000001        1.1337847009252124E-015   0.0000000000000000     
   34.200000000000003       -3.5530040210023271E-016   0.0000000000000000     
   34.300000000000004       -1.1891310087806221E-015   0.0000000000000000     
   34.399999999999999       -1.2428409341313726E-015   0.0000000000000000     
   34.500000000000000        5.9603039252621510E-016   0.0000000000000000     
   34.600000000000001        9.2054378634105316E-016   0.0000000000000000     
   34.700000000000003        1.9674460601775225E-015   0.0000000000000000     
   34.800000000000004       -2.2835626073812215E-015   0.0000000000000000     
   34.899999999999999        2.2880281101844043E-015   0.0000000000000000     
   35.000000000000000       -2.4160923494085020E-015   0.0000000000000000     
   35.100000000000001        9.0700587448668098E-016   0.0000000000000000     
   35.200000000000003       -3.4109153817724693E-015   0.0000000000000000     
   35.300000000000004        3.9689225973452505E-015   0.0000000000000000     
   35.399999999999999       -2.8417531956433140E-015   0.0000000000000000     
   35.500000000000000        4.6659459611421775E-015   0.0000000000000000     
   35.600000000000001       -2.3999685655711405E-015   0.0000000000000000     
   35.700000000000003        5.5204863798499458E-015   0.0000000000000000     
   35.800000000000004       -6.9812391151799557E-015   0.0000000000000000     
   35.899999999999999        1.5479369738731144E-015   0.0000000000000000     
   36.000000000000000       -5.5144409118227282E-015   0.0000000000000000     
   36.100000000000001        4.8063354065779316E-015   0.0000000000000000     
   36.200000000000003       -2.5334314846252480E-015   0.0000000000000000     
   36.300000000000004        3.6385278068028627E-015   0.0000000000000000     
   36.399999999999999        1.5599715137088179E-017   0.0000000000000000     
   36.500000000000000        3.0778501383446441E-015   0.0000000000000000     
   36.600000000000001       -3.1117860095329915E-015   0.0000000000000000     
   36.700000000000003        4.1408577341788809E-016   0.0000000000000000     
   36.800000000000004       -2.4398714642941127E-015   0.0000000000000000     
   36.899999999999999        1.6731387409906086E-015   0.0000000000000000     
   37.000000000000000       -3.6479083597324871E-015   0.0000000000000000     
   37.100000000000001        4.1065735180556797E-015   0.0000000000000000     
   37.200000000000003       -8.0812098361416902E-016   0.0000000000000000     
   37.300000000000004        4.7786045365675650E-016   0.0000000000000000     
   37.399999999999999       -2.4630847130399091E-015   0.0000000000000000     
   37.500000000000000        2.5184063320183911E-015   0.0000000000000000     
   37.600000000000001        1.0905679198795453E-015   0.0000000000000000     
   37.700000000000003       -7.9267097165068863E-016   0.0000000000000000     
   37.800000000000004        6.1975235111463594E-016   0.0000000000000000     
   37.899999999999999       -2.0493390703188777E-015   0.0000000000000000     
   38.000000000000000        3.2845320628141455E-015   0.0000000000000000     
   38.100000000000001       -3.2003053279433266E-015   0.0000000000000000     
   38.200000000000003       -1.8840625185782628E-015   0.0000000000000000     
   38.300000000000004       -4.0377950061410601E-015   0.0000000000000000     
   38.400000000000006        5.6983539268545245E-015   0.0000000000000000     
   38.500000000000000        1.3996859771224213E-016   0.0000000000000000     
   38.600000000000001        3.6155476969516543E-015   0.0000000000000000     
   38.700000000000003        6.8644726420687021E-016   0.0000000000000000     
   38.800000000000004        5.4805549046243598E-016   0.0000000000000000     
   38.900000000000006       -4.1489269118442510E-015   0.0000000000000000     
   39.000000000000000       -2.1683269034917536E-015   0.0000000000000000     
   39.100000000000001        5.5124847339287933E-016   0.0000000000000000     
   39.200000000000003        1.0444028730998112E-015   0.0000000000000000     
   39.300000000000004        7.8593911007113590E-016   0.0000000000000000     
   39.400000000000006       -1.8844439144288856E-015   0.0000000000000000     
   39.500000000000000        2.4071963125420053E-015   0.0000000000000000     
   39.600000000000001       -5.1824009844947081E-016   0.0000000000000000     
   39.700000000000003        5.8424124499002365E-016   0.0000000000000000     
   39.800000000000004       -3.3023782067654330E-015   0.0000000000000000     
   39.900000000000006        2.2285487226392017E-015   0.0000000000000000     
   40.000000000000000       -9.3077609479949840E-016   0.0000000000000000     
   40.100000000000001        8.5990646826966087E-016   0.0000000000000000     
   40.200000000000003       -5.7315069709396819E-017   0.0000000000000000     
   40.300000000000004        1.7093654951818761E-015   0.0000000000000000     
   40.400000000000006        1.5929075694107975E-016   0.0000000000000000     
   40.500000000000000       -9.8745651772947935E-016   0.0000000000000000     
   40.600000000000001        8.9453558530072615E-016   0.0000000000000000     
   40.700000000000003       -1.2022387606280942E-015   0.0000000000000000     
   40.800000000000004        6.7674790636245576E-016   0.0000000000000000     
   40.900000000000006       -4.3824480213318485E-015   0.0000000000000000     
   41.000000000000000        3.8255317160799570E-015   0.0000000000000000     
   41.100000000000001       -1.2689664293689859E-015   0.0000000000000000     
   41.200000000000003        3.3530767713657421E-015   0.0000000000000000     
   41.300000000000004       -2.4747600378528007E-015   0.0000000000000000     
   41.400000000000006       -6.7071984326257025E-016   0.0000000000000000     
   41.500000000000000       -1.9132362723653124E-016   0.0000000000000000     
   41.600000000000001       -1.2019026807218217E-015   0.0000000000000000     
   41.700000000000003       -2.6678037974202035E-016   0.0000000000000000     
   41.800000000000004        1.7246340603878218E-015   0.0000000000000000     
   41.900000000000006        3.8505681222395171E-015   0.0000000000000000     
   42.000000000000000       -1.2982913617587841E-015   0.0000000000000000     
   42.100000000000001        3.6673672811528593E-016   0.0000000000000000     
   42.200000000000003       -1.7467728381779832E-015   0.0000000000000000     
   42.300000000000004       -1.9946620142566911E-015   0.0000000000000000     
   42.400000000000006       -2.2598367798642172E-015   0.0000000000000000     
   42.500000000000000        1.2905596755192161E-015   0.0000000000000000     
   42.600000000000001        3.3601950779520758E-015   0.0000000000000000     
   42.700000000000003        5.5488161784979854E-017   0.0000000000000000     
   42.800000000000004        2.6228888761052006E-015   0.0000000000000000     
   42.900000000000006       -2.3593681887751825E-015   0.0000000000000000     
   43.000000000000000        1.5176947952728174E-015   0.0000000000000000     
   43.100000000000001       -4.3108253500739935E-015   0.0000000000000000     
   43.200000000000003       -1.6199163152417995E-015   0.0000000000000000     
   43.300000000000004       -6.7038490370919140E-016   0.0000000000000000     
   43.400000000000006        2.2016120336913968E-015   0.0000000000000000     
   43.500000000000000        5.3758507235207381E-016   0.0000000000000000     
   43.600000000000001       -1.1508055700178540E-015   0.0000000000000000     
   43.700000000000003        4.2373291665922439E-015   0.0000000000000000     
   43.800000000000004       -1.2296299238958206E-015   0.0000000000000000     
   43.900000000000006        1.2812309806451329E-015   0.0000000000000000     
   44.000000000000000       -1.8642352378184393E-015   0.0000000000000000     
   44.100000000000001        5.1648787548632784E-016   0.0000000000000000     
   44.200000000000003        2.3869254329170802E-015   0.0000000000000000     
   44.300000000000004       -2.4386645187374668E-015   0.0000000000000000     
   44.400000000000006        1.3014738143893336E-015   0.0000000000000000     
   44.500000000000000       -3.1863919179543360E-016   0.0000000000000000     
   44.600000000000001        2.1532737506777815E-015   0.0000000000000000     
   44.700000000000003       -4.0770167059156663E-015   0.0000000000000000     
   44.800000000000004       -1.4852251806347103E-015   0.0000000000000000     
   44.900000000000006        7.1885739669437579E-016   0.0000000000000000     
   45.000000000000000        1.1455837273153351E-016   0.0000000000000000     
   45.100000000000001        3.3984854998114179E-016   0.0000000000000000     
   45.200000000000003        1.2946388910668321E-015   0.0000000000000000     
   45.300000000000004        2.4016264234623470E-015   0.0000000000000000     
   45.400000000000006       -1.0243398859419307E-015   0.0000000000000000     
   45.500000000000000        1.0311719165582133E-015   0.0000000000000000     
   45.600000000000001       -5.1330096357424580E-015   0.0000000000000000     
   45.700000000000003        8.2674053498033478E-016   0.0000000000000000     
   45.800000000000004       -3.9145171901951564E-015   0.0000000000000000     
   45.900000000000006        7.9621537239131636E-016   0.0000000000000000     
   46.000000000000000       -1.9121034639170216E-015   0.0000000000000000     
   46.100000000000001        3.5353607954991076E-016   0.0000000000000000     
   46.200000000000003        2.7609857156844212E-015   0.0000000000000000     
   46.300000000000004        7.7833667674275866E-016   0.0000000000000000     
   46.400000000000006        2.8043218013969589E-015   0.0000000000000000     
   46.500000000000000       -2.0082551185933400E-015   0.0000000000000000     
   46.600000000000001       -4.3843435291161792E-016   0.0000000000000000     
   46.700000000000003        2.2598847057568078E-015   0.0000000000000000     
   46.800000000000004       -2.3179446750061810E-015   0.0000000000000000     
   46.900000000000006        1.6995912718549301E-015   0.0000000000000000     
   47.000000000000000       -2.9898772121482214E-015   0.0000000000000000     
   47.100000000000001        1.9059446815841813E-015   0.0000000000000000     
   47.200000000000003        8.2621730632228474E-016   0.0000000000000000     
   47.300000000000004        2.1237304630164706E-015   0.0000000000000000     
   47.400000000000006       -2.1170219438852140E-015   0.0000000000000000     
   47.500000000000000       -2.4163573376437259E-015   0.0000000000000000     
   47.600000000000001        5.0131014531529965E-016   0.0000000000000000     
   47.700000000000003       -4.4902799623136760E-017   0.0000000000000000     
   47.800000000000004        1.1312313133353794E-015   0.0000000000000000     
   47.900000000000006        4.7508193849401044E-015   0.0000000000000000     
   48.000000000000000        2.1912457195957205E-015   0.0000000000000000     
   48.100000000000001       -3.0291003026640908E-015   0.0000000000000000     
   48.200000000000003       -2.7598884801300065E-015   0.0000000000000000     
   48.300000000000004        1.0311205428718412E-015   0.0000000000000000     
   48.400000000000006       -4.5610999618057514E-015   0.0000000000000000     
   48.500000000000000       -8.9893193676837750E-016   0.0000000000000000     
   48.600000000000001       -6.8117856281945585E-016   0.0000000000000000     
   48.700000000000003        2.7653117780218110E-015   0.0000000000000000     
   48.800000000000004        3.6460003609545466E-015   0.0000000000000000     
   48.900000000000006        3.7064656414469473E-015   0.0000000000000000     
   49.000000000000000       -1.1434000338737608E-015   0.0000000000000000     
   49.100000000000001        5.4207907302073792E-016   0.0000000000000000     
   49.200000000000003       -2.0242679124507069E-015   0.0000000000000000     
   49.300000000000004       -2.1334604819470291E-015   0.0000000000000000     
   49.400000000000006       -1.3769937295014234E-015   0.0000000000000000     
   49.500000000000000       -7.4844387105589538E-017   0.0000000000000000     
   49.600000000000001        3.8139121606073236E-015   0.0000000000000000     
   49.700000000000003       -3.8997838831124686E-015   0.0000000000000000     
   49.800000000000004       -9.9056819616913522E-016   0.0000000000000000     
   49.900000000000006        5.0654071924799070E-054   0.0000000000000000     
