   0.0000000000000000       -5.9998986606013621E-016   0.0000000000000000     
  0.10000000000000001       -8.9441325055239874E-016   0.0000000000000000     
  0.20000000000000001       -5.5431980842395919E-016   0.0000000000000000     
  0.30000000000000004        4.0761325517809263E-016   0.0000000000000000     
  0.40000000000000002       -2.9817755361605989E-016   0.0000000000000000     
  0.50000000000000000       -1.5526478017716937E-015   0.0000000000000000     
  0.60000000000000009       -8.6348989746356022E-017   0.0000000000000000     
  0.70000000000000007        7.9605769698874564E-016   0.0000000000000000     
  0.80000000000000004       -4.1623942078533903E-016   0.0000000000000000     
  0.90000000000000002        6.5262306823403831E-016   0.0000000000000000     
   1.0000000000000000        5.7876344948165215E-016   0.0000000000000000     
   1.1000000000000001       -1.1270626718381638E-015   0.0000000000000000     
   1.2000000000000002        9.4454675504476207E-016   0.0000000000000000     
   1.3000000000000000        1.9858688626349771E-015   0.0000000000000000     
   1.4000000000000001       -8.6674222467863774E-016   0.0000000000000000     
   1.5000000000000000       -2.1219830138626942E-015   0.0000000000000000     
   1.6000000000000001        1.5878477657946888E-016   0.0000000000000000     
   1.7000000000000002        1.3882531917207088E-015   0.0000000000000000     
   1.8000000000000000       -6.7170410947802839E-016   0.0000000000000000     
   1.9000000000000001       -1.5867486574156393E-015   0.0000000000000000     
   2.0000000000000000        8.4660188286628448E-017   0.0000000000000000     
   2.1000000000000001        1.3826902236614862E-015   0.0000000000000000     
   2.2000000000000002        7.4976437591674914E-016   0.0000000000000000     
   2.3000000000000003        1.1789912802041594E-016   0.0000000000000000     
   2.4000000000000004        7.1721116732877583E-016   0.0000000000000000     
   2.5000000000000000       -1.0162008000839135E-016   0.0000000000000000     
   2.6000000000000001       -1.9480527451181860E-015   0.0000000000000000     
   2.7000000000000002       -1.8498169414520053E-015   0.0000000000000000     
   2.8000000000000003        3.5612784454486115E-016   0.0000000000000000     
   2.9000000000000004        2.0908993079338351E-015   0.0000000000000000     
   3.0000000000000000        1.2572708643550743E-015   0.0000000000000000     
   3.1000000000000001       -4.5139152805356189E-016   0.0000000000000000     
   3.2000000000000002        1.6141942699220417E-016   0.0000000000000000     
   3.3000000000000003        1.3665057586253759E-015   0.0000000000000000     
   3.4000000000000004       -1.5132206127666224E-015   0.0000000000000000     
   3.5000000000000000       -3.7928952570000573E-015   0.0000000000000000     
   3.6000000000000001       -4.2603912433231905E-016   0.0000000000000000     
   3.7000000000000002        2.1354116246135570E-015   0.0000000000000000     
   3.8000000000000003        1.2077280081766699E-015   0.0000000000000000     
   3.9000000000000004        5.8351749778919623E-016   0.0000000000000000     
   4.0000000000000000        6.5616725399095625E-016   0.0000000000000000     
   4.1000000000000005        3.8150619459011450E-017   0.0000000000000000     
   4.2000000000000002       -5.8433721694036231E-016   0.0000000000000000     
   4.2999999999999998       -5.8064336861615317E-016   0.0000000000000000     
   4.4000000000000004       -1.1206573248621121E-015   0.0000000000000000     
   4.5000000000000000       -7.4521871574515559E-016   0.0000000000000000     
   4.6000000000000005        1.8044969387672085E-016   0.0000000000000000     
   4.7000000000000002        8.7604664461670478E-017   0.0000000000000000     
   4.8000000000000007        9.3409729596568016E-016   0.0000000000000000     
   4.9000000000000004        4.6636048428538300E-016   0.0000000000000000     
   5.0000000000000000        1.3517166048500715E-016   0.0000000000000000     
   5.1000000000000005        2.0281414148541873E-015   0.0000000000000000     
   5.2000000000000002       -1.2265723346668811E-016   0.0000000000000000     
   5.3000000000000007       -2.3974028020464150E-015   0.0000000000000000     
   5.4000000000000004       -7.0326706924707893E-016   0.0000000000000000     
   5.5000000000000000       -2.5043495889028289E-016   0.0000000000000000     
   5.6000000000000005       -5.1864306509476194E-016   0.0000000000000000     
   5.7000000000000002        8.2566011927466246E-017   0.0000000000000000     
   5.8000000000000007        2.1487818200363541E-015   0.0000000000000000     
   5.9000000000000004        2.2200970031078730E-015   0.0000000000000000     
   6.0000000000000000       -1.8622137495242085E-015   0.0000000000000000     
   6.1000000000000005       -2.9419827237359857E-015   0.0000000000000000     
   6.2000000000000002       -1.7170253145738763E-016   0.0000000000000000     
   6.3000000000000007        2.3848198478755570E-015   0.0000000000000000     
   6.4000000000000004        1.2863037416027592E-015   0.0000000000000000     
   6.5000000000000000       -1.1892812554742336E-015   0.0000000000000000     
   6.6000000000000005        1.2092585570389346E-015   0.0000000000000000     
   6.7000000000000002        1.0932102840941895E-015   0.0000000000000000     
   6.8000000000000007       -1.9545160313315112E-015   0.0000000000000000     
   6.9000000000000004       -4.6560870657832383E-016   0.0000000000000000     
   7.0000000000000000       -5.9860557757396704E-016   0.0000000000000000     
   7.1000000000000005       -1.3353840773674225E-015   0.0000000000000000     
   7.2000000000000002        7.5227723457989456E-016   0.0000000000000000     
   7.3000000000000007        4.6850310645964191E-016   0.0000000000000000     
   7.4000000000000004        4.5548908570776535E-017   0.0000000000000000     
   7.5000000000000000        4.3992037728007272E-016   0.0000000000000000     
   7.6000000000000005       -5.5773583035176443E-018   0.0000000000000000     
   7.7000000000000002        8.6233274749280416E-016   0.0000000000000000     
   7.8000000000000007        1.0615202307275736E-015   0.0000000000000000     
   7.9000000000000004        5.7274577951456484E-016   0.0000000000000000     
   8.0000000000000000        9.3199860528433087E-017   0.0000000000000000     
   8.0999999999999996       -1.9683086258932265E-015   0.0000000000000000     
   8.2000000000000011       -1.7323268411390138E-015   0.0000000000000000     
   8.3000000000000007        2.4167703186079435E-016   0.0000000000000000     
   8.4000000000000004        4.5710716716510958E-016   0.0000000000000000     
   8.5000000000000000        9.8086498893452134E-017   0.0000000000000000     
   8.5999999999999996       -5.6207855942774059E-016   0.0000000000000000     
   8.7000000000000011        5.3126325268651885E-016   0.0000000000000000     
   8.8000000000000007        7.1460857794869289E-016   0.0000000000000000     
   8.9000000000000004       -1.3119646476782345E-015   0.0000000000000000     
   9.0000000000000000        8.9089251250643366E-016   0.0000000000000000     
   9.0999999999999996        2.1795623176912974E-015   0.0000000000000000     
   9.2000000000000011       -2.1847154752389301E-016   0.0000000000000000     
   9.3000000000000007       -2.9530265502519361E-016   0.0000000000000000     
   9.4000000000000004       -6.1403245368786053E-016   0.0000000000000000     
   9.5000000000000000       -9.3873736282940665E-016   0.0000000000000000     
   9.6000000000000014       -6.7158496457499779E-016   0.0000000000000000     
   9.7000000000000011       -9.0362450908469047E-016   0.0000000000000000     
   9.8000000000000007        2.5382577200476126E-016   0.0000000000000000     
   9.9000000000000004       -2.1844715832369247E-016   0.0000000000000000     
   10.000000000000000        6.9294296235464886E-016   0.0000000000000000     
   10.100000000000001        2.8951573085771036E-015   0.0000000000000000     
   10.200000000000001       -9.8019820852317637E-017   0.0000000000000000     
   10.300000000000001       -8.0898310420535962E-016   0.0000000000000000     
   10.400000000000000        1.4819619888745246E-015   0.0000000000000000     
   10.500000000000000       -1.9039445442097239E-017   0.0000000000000000     
   10.600000000000001       -1.9525367982000101E-015   0.0000000000000000     
   10.700000000000001       -2.6962679968386536E-015   0.0000000000000000     
   10.800000000000001       -7.0718720033359860E-016   0.0000000000000000     
   10.900000000000000        1.1763210160565054E-015   0.0000000000000000     
   11.000000000000000       -5.6108797536375114E-016   0.0000000000000000     
   11.100000000000001        1.7460054608012326E-016   0.0000000000000000     
   11.200000000000001        1.8383486996947347E-015   0.0000000000000000     
   11.300000000000001        1.9549140996300839E-015   0.0000000000000000     
   11.400000000000000        1.9092351412432463E-015   0.0000000000000000     
   11.500000000000000       -2.5716361243419989E-016   0.0000000000000000     
   11.600000000000001       -1.7048712760582395E-016   0.0000000000000000     
   11.700000000000001        9.9567949872769923E-016   0.0000000000000000     
   11.800000000000001       -1.7929556152469934E-015   0.0000000000000000     
   11.900000000000000       -3.6082750408304438E-015   0.0000000000000000     
   12.000000000000000       -2.5993763918008352E-015   0.0000000000000000     
   12.100000000000001       -8.9006069054415624E-016   0.0000000000000000     
   12.200000000000001        1.2669485792657459E-015   0.0000000000000000     
   12.300000000000001        2.3348887380294611E-015   0.0000000000000000     
   12.400000000000000        9.4512050679976088E-016   0.0000000000000000     
   12.500000000000000        2.0180745880163559E-016   0.0000000000000000     
   12.600000000000001        2.1942672283645073E-015   0.0000000000000000     
   12.700000000000001        1.2818430569960255E-015   0.0000000000000000     
   12.800000000000001       -1.2613938817470142E-015   0.0000000000000000     
   12.900000000000000        2.3492319660961590E-016   0.0000000000000000     
   13.000000000000000        1.4711503626791631E-016   0.0000000000000000     
   13.100000000000001       -2.5532355868129219E-015   0.0000000000000000     
   13.200000000000001       -2.0114575665338448E-015   0.0000000000000000     
   13.300000000000001       -7.9166041986390814E-016   0.0000000000000000     
   13.400000000000000       -3.1963898584405887E-016   0.0000000000000000     
   13.500000000000000        2.1367476559335809E-015   0.0000000000000000     
   13.600000000000001        2.4270623664453723E-015   0.0000000000000000     
   13.700000000000001        2.0747087625524649E-017   0.0000000000000000     
   13.800000000000001        7.9237077606035543E-016   0.0000000000000000     
   13.900000000000000        5.2598499873673906E-016   0.0000000000000000     
   14.000000000000000       -2.6418797665675912E-015   0.0000000000000000     
   14.100000000000001       -1.4025249530464349E-015   0.0000000000000000     
   14.200000000000001        4.5565395411999302E-016   0.0000000000000000     
   14.300000000000001       -5.3432757849828305E-016   0.0000000000000000     
   14.400000000000000        6.2334271420357263E-016   0.0000000000000000     
   14.500000000000000        3.7035223080462046E-016   0.0000000000000000     
   14.600000000000001       -1.4669489828144984E-015   0.0000000000000000     
   14.700000000000001        1.2142564799651994E-015   0.0000000000000000     
   14.800000000000001        2.4125361840388075E-015   0.0000000000000000     
   14.900000000000000       -3.4753240334869325E-016   0.0000000000000000     
   15.000000000000000       -1.6437129472532831E-016   0.0000000000000000     
   15.100000000000001       -1.4503416461405444E-016   0.0000000000000000     
   15.200000000000001       -1.6718340432104949E-015   0.0000000000000000     
   15.300000000000001       -1.8030564110214026E-016   0.0000000000000000     
   15.400000000000000        7.1519739847037488E-016   0.0000000000000000     
   15.500000000000000       -1.1804977989042259E-016   0.0000000000000000     
   15.600000000000001        1.3032517299461588E-016   0.0000000000000000     
   15.700000000000001        3.2279330664661699E-016   0.0000000000000000     
   15.800000000000001        1.4328934711729138E-016   0.0000000000000000     
   15.900000000000000        7.3506439826229927E-017   0.0000000000000000     
   16.000000000000000        5.7817480478660219E-016   0.0000000000000000     
   16.100000000000001       -2.4799041521195700E-016   0.0000000000000000     
   16.199999999999999       -2.0004379449902944E-015   0.0000000000000000     
   16.300000000000001       -4.3560348340558972E-016   0.0000000000000000     
   16.400000000000002        6.1600350156365564E-016   0.0000000000000000     
   16.500000000000000       -4.0229024785996983E-016   0.0000000000000000     
   16.600000000000001        8.1108914743849625E-016   0.0000000000000000     
   16.699999999999999        1.5678908311646310E-015   0.0000000000000000     
   16.800000000000001        4.0930626971903064E-016   0.0000000000000000     
   16.900000000000002       -4.7927281248545388E-016   0.0000000000000000     
   17.000000000000000        2.7337801530906030E-016   0.0000000000000000     
   17.100000000000001        8.1544667910501765E-016   0.0000000000000000     
   17.199999999999999       -1.3062343160549965E-015   0.0000000000000000     
   17.300000000000001       -5.6845750854712029E-016   0.0000000000000000     
   17.400000000000002        1.1589564369648149E-015   0.0000000000000000     
   17.500000000000000       -1.0769060077239577E-015   0.0000000000000000     
   17.600000000000001       -3.3177674470782814E-016   0.0000000000000000     
   17.699999999999999        2.6767246517692949E-016   0.0000000000000000     
   17.800000000000001       -1.9002080450937420E-015   0.0000000000000000     
   17.900000000000002        1.6468746486279157E-015   0.0000000000000000     
   18.000000000000000        3.1890876175032031E-015   0.0000000000000000     
   18.100000000000001       -1.5592067888186868E-015   0.0000000000000000     
   18.199999999999999       -1.3755945360443027E-015   0.0000000000000000     
   18.300000000000001        7.8212281184201749E-016   0.0000000000000000     
   18.400000000000002       -6.7437912182456633E-016   0.0000000000000000     
   18.500000000000000       -9.5515492667292278E-016   0.0000000000000000     
   18.600000000000001       -5.7020378621399519E-016   0.0000000000000000     
   18.699999999999999       -5.7977732651818373E-016   0.0000000000000000     
   18.800000000000001        4.7322615344922785E-016   0.0000000000000000     
   18.900000000000002        3.2003921847485134E-016   0.0000000000000000     
   19.000000000000000       -5.0318126213361680E-016   0.0000000000000000     
   19.100000000000001       -6.9850785508253149E-016   0.0000000000000000     
   19.200000000000003        8.8014484609307767E-017   0.0000000000000000     
   19.300000000000001        2.5008041944949219E-015   0.0000000000000000     
   19.400000000000002        2.2219571904217945E-015   0.0000000000000000     
   19.500000000000000       -3.3606244632783226E-016   0.0000000000000000     
   19.600000000000001       -5.1198331314259987E-016   0.0000000000000000     
   19.700000000000003        5.2788279765801693E-016   0.0000000000000000     
   19.800000000000001        8.8492221785108105E-016   0.0000000000000000     
   19.900000000000002       -1.3328475964945923E-016   0.0000000000000000     
   20.000000000000000        9.6843815763218627E-017   0.0000000000000000     
   20.100000000000001        9.6530811836537553E-016   0.0000000000000000     
   20.200000000000003       -2.0685529868138495E-015   0.0000000000000000     
   20.300000000000001       -2.0995926069471389E-015   0.0000000000000000     
   20.400000000000002        9.4986758996181542E-016   0.0000000000000000     
   20.500000000000000        5.6851119983480111E-016   0.0000000000000000     
   20.600000000000001       -3.5697118262921442E-016   0.0000000000000000     
   20.700000000000003       -1.5540774032235236E-015   0.0000000000000000     
   20.800000000000001       -1.4288037557289858E-015   0.0000000000000000     
   20.900000000000002        1.9229311488786031E-015   0.0000000000000000     
   21.000000000000000        7.8448528677041461E-016   0.0000000000000000     
   21.100000000000001       -5.2100748680737955E-016   0.0000000000000000     
   21.200000000000003       -5.1633240209191063E-016   0.0000000000000000     
   21.300000000000001        1.1514962315138822E-015   0.0000000000000000     
   21.400000000000002        1.5251335004007683E-015   0.0000000000000000     
   21.500000000000000       -7.3081800438381076E-016   0.0000000000000000     
   21.600000000000001       -3.3469131455133749E-015   0.0000000000000000     
   21.700000000000003        1.5825819452641239E-015   0.0000000000000000     
   21.800000000000001       -8.7551808042641110E-016   0.0000000000000000     
   21.900000000000002       -6.3488983368643731E-016   0.0000000000000000     
   22.000000000000000       -3.4904745473564006E-015   0.0000000000000000     
   22.100000000000001        1.8420667414302594E-015   0.0000000000000000     
   22.200000000000003       -2.5955073408317449E-015   0.0000000000000000     
   22.300000000000001        4.4983639554596630E-015   0.0000000000000000     
   22.400000000000002       -4.1178376852596255E-015   0.0000000000000000     
   22.500000000000000        6.7912926439714676E-015   0.0000000000000000     
   22.600000000000001       -7.1699385531796989E-015   0.0000000000000000     
   22.700000000000003        1.1676550570787502E-014   0.0000000000000000     
   22.800000000000001       -1.1908714394157874E-014   0.0000000000000000     
   22.900000000000002        1.7296427782288645E-014   0.0000000000000000     
   23.000000000000000       -2.0879236685008153E-014   0.0000000000000000     
   23.100000000000001        2.6626655422208532E-014   0.0000000000000000     
   23.200000000000003       -3.5165214492801376E-014   0.0000000000000000     
   23.300000000000001        4.1353930517328729E-014   0.0000000000000000     
   23.400000000000002       -5.6228552872320552E-014   0.0000000000000000     
   23.500000000000000        7.3233594827513061E-014   0.0000000000000000     
   23.600000000000001       -8.9175552300082295E-014   0.0000000000000000     
   23.700000000000003        1.1107566695352492E-013   0.0000000000000000     
   23.800000000000001       -1.4574379054008632E-013   0.0000000000000000     
   23.900000000000002        1.8308457080590069E-013   0.0000000000000000     
   24.000000000000000       -2.3310540387486611E-013   0.0000000000000000     
   24.100000000000001        2.9566078163373443E-013   0.0000000000000000     
   24.200000000000003       -3.6989320205186486E-013   0.0000000000000000     
   24.300000000000001        4.7130866232951029E-013   0.0000000000000000     
   24.400000000000002       -5.9566933528827348E-013   0.0000000000000000     
   24.500000000000000        7.5322254936712459E-013   0.0000000000000000     
   24.600000000000001       -9.5024249612394012E-013   0.0000000000000000     
   24.700000000000003        1.1993674983817194E-012   0.0000000000000000     
   24.800000000000001       -1.5081158397652295E-012   0.0000000000000000     
   24.900000000000002        1.9024685965525496E-012   0.0000000000000000     
   25.000000000000000       -2.3988200721646217E-012   0.0000000000000000     
   25.100000000000001        3.0135654595455264E-012   0.0000000000000000     
   25.200000000000003       -3.7901715721412633E-012   0.0000000000000000     
   25.300000000000001        4.7568395495566905E-012   0.0000000000000000     
   25.400000000000002       -5.9720001875053069E-012   0.0000000000000000     
   25.500000000000000        7.4941866124474297E-012   0.0000000000000000     
   25.600000000000001       -9.3891170129719225E-012   0.0000000000000000     
   25.700000000000003        1.1758952731665708E-011   0.0000000000000000     
   25.800000000000001       -1.4710234049475843E-011   0.0000000000000000     
   25.900000000000002        1.8393278870876069E-011   0.0000000000000000     
   26.000000000000000       -2.2976645220313362E-011   0.0000000000000000     
   26.100000000000001        2.8682887980926948E-011   0.0000000000000000     
   26.200000000000003       -3.5772814488252584E-011   0.0000000000000000     
   26.300000000000001        4.4579957222981220E-011   0.0000000000000000     
   26.400000000000002       -5.5507996076373583E-011   0.0000000000000000     
   26.500000000000000        6.9053074562066539E-011   0.0000000000000000     
   26.600000000000001       -8.5835176822598567E-011   0.0000000000000000     
   26.700000000000003        1.0660531436124306E-010   0.0000000000000000     
   26.800000000000001       -1.3228354535290426E-010   0.0000000000000000     
   26.900000000000002        1.6399845027585059E-010   0.0000000000000000     
   27.000000000000000       -2.0314571755152662E-010   0.0000000000000000     
   27.100000000000001        2.5140844476566114E-010   0.0000000000000000     
   27.200000000000003       -3.1086092295725471E-010   0.0000000000000000     
   27.300000000000001        3.8402102198600474E-010   0.0000000000000000     
   27.400000000000002       -4.7396992210309887E-010   0.0000000000000000     
   27.500000000000000        5.8444470329176571E-010   0.0000000000000000     
   27.600000000000001       -7.2000231303591999E-010   0.0000000000000000     
   27.700000000000003        8.8617968726575666E-010   0.0000000000000000     
   27.800000000000001       -1.0896796603917633E-009   0.0000000000000000     
   27.900000000000002        1.3386452906239347E-009   0.0000000000000000     
   28.000000000000000       -1.6429156661012050E-009   0.0000000000000000     
   28.100000000000001        2.0144186229667505E-009   0.0000000000000000     
   28.200000000000003       -2.4675337733363603E-009   0.0000000000000000     
   28.300000000000001        3.0196198120022835E-009   0.0000000000000000     
   28.400000000000002       -3.6916123456283519E-009   0.0000000000000000     
   28.500000000000000        4.5086903140814957E-009   0.0000000000000000     
   28.600000000000001       -5.5011481896144348E-009   0.0000000000000000     
   28.700000000000003        6.7053420260673431E-009   0.0000000000000000     
   28.800000000000001       -8.1649082765037721E-009   0.0000000000000000     
   28.900000000000002        9.9321039998289747E-009   0.0000000000000000     
   29.000000000000000       -1.2069467522724970E-008   0.0000000000000000     
   29.100000000000001        1.4651734424826535E-008   0.0000000000000000     
   29.200000000000003       -1.7768116133052099E-008   0.0000000000000000     
   29.300000000000001        2.1524961963151777E-008   0.0000000000000000     
   29.400000000000002       -2.6048895250188367E-008   0.0000000000000000     
   29.500000000000000        3.1490486080226979E-008   0.0000000000000000     
   29.600000000000001       -3.8028562959258065E-008   0.0000000000000000     
   29.700000000000003        4.5875235161079883E-008   0.0000000000000000     
   29.800000000000001       -5.5281745660124969E-008   0.0000000000000000     
   29.900000000000002        6.6545324017842129E-008   0.0000000000000000     
   30.000000000000000       -8.0017152570742040E-008   0.0000000000000000     
   30.100000000000001        9.6111571888953746E-008   0.0000000000000000     
   30.200000000000003       -1.1531680280922117E-007   0.0000000000000000     
   30.300000000000001        1.3820736663070750E-007   0.0000000000000000     
   30.400000000000002       -1.6545839441980221E-007   0.0000000000000000     
   30.500000000000000        1.9786215286013421E-007   0.0000000000000000     
   30.600000000000001       -2.3634712413755854E-007   0.0000000000000000     
   30.700000000000003        2.8199985560398347E-007   0.0000000000000000     
   30.800000000000001       -3.3609012442865930E-007   0.0000000000000000     
   30.900000000000002        4.0009970251501035E-007   0.0000000000000000     
   31.000000000000000       -4.7575530151920464E-007   0.0000000000000000     
   31.100000000000001        5.6506613582609416E-007   0.0000000000000000     
   31.200000000000003       -6.7036673946756083E-007   0.0000000000000000     
   31.300000000000001        7.9436566554550958E-007   0.0000000000000000     
   31.400000000000002       -9.4020072900745623E-007   0.0000000000000000     
   31.500000000000000        1.1115015938683064E-006   0.0000000000000000     
   31.600000000000001       -1.3124605092145038E-006   0.0000000000000000     
   31.700000000000003        1.5479121266556799E-006   0.0000000000000000     
   31.800000000000001       -1.8234233014838109E-006   0.0000000000000000     
   31.900000000000002        2.1453940086290368E-006   0.0000000000000000     
   32.000000000000000       -2.5211704126971207E-006   0.0000000000000000     
   32.100000000000001        2.9591713142393257E-006   0.0000000000000000     
   32.200000000000003       -3.4690292258921965E-006   0.0000000000000000     
   32.300000000000004        4.0617473939692648E-006   0.0000000000000000     
   32.399999999999999       -4.7498741236011650E-006   0.0000000000000000     
   32.500000000000000        5.5476958824352686E-006   0.0000000000000000     
   32.600000000000001       -6.4714505721878597E-006   0.0000000000000000     
   32.700000000000003        7.5395625637222231E-006   0.0000000000000000     
   32.800000000000004       -8.7729009021371859E-006   0.0000000000000000     
   32.899999999999999        1.0195062185062338E-005   0.0000000000000000     
   33.000000000000000       -1.1832679637100760E-005   0.0000000000000000     
   33.100000000000001        1.3715759661653569E-005   0.0000000000000000     
   33.200000000000003       -1.5878047236190172E-005   0.0000000000000000     
   33.300000000000004        1.8357421222669758E-005   0.0000000000000000     
   33.399999999999999       -2.1196320666353386E-005   0.0000000000000000     
   33.500000000000000        2.4442202668888180E-005   0.0000000000000000     
   33.600000000000001       -2.8148032439284212E-005   0.0000000000000000     
   33.700000000000003        3.2372805510762436E-005   0.0000000000000000     
   33.800000000000004       -3.7182101853318644E-005   0.0000000000000000     
   33.899999999999999        4.2648671144668604E-005   0.0000000000000000     
   34.000000000000000       -4.8853047714133874E-005   0.0000000000000000     
   34.100000000000001        5.5884193319048184E-005   0.0000000000000000     
   34.200000000000003       -6.3840164873815703E-005   0.0000000000000000     
   34.300000000000004        7.2828803740619091E-005   0.0000000000000000     
   34.399999999999999       -8.2968441919385237E-005   0.0000000000000000     
   34.500000000000000        9.4388619900385965E-005   0.0000000000000000     
   34.600000000000001       -1.0723080940196032E-004   0.0000000000000000     
   34.700000000000003        1.2164913335295533E-004   0.0000000000000000     
   34.800000000000004       -1.3781107399050819E-004   0.0000000000000000     
   34.899999999999999        1.5589815869748112E-004   0.0000000000000000     
   35.000000000000000       -1.7610661173853329E-004   0.0000000000000000     
   35.100000000000001        1.9864795844408824E-004   0.0000000000000000     
   35.200000000000003       -2.2374956702394703E-004   0.0000000000000000     
   35.300000000000004        2.5165511147363202E-004   0.0000000000000000     
   35.399999999999999       -2.8262493751806875E-004   0.0000000000000000     
   35.500000000000000        3.1693631189950208E-004   0.0000000000000000     
   35.600000000000001       -3.5488353393269879E-004   0.0000000000000000     
   35.700000000000003        3.9677788666823689E-004   0.0000000000000000     
   35.800000000000004       -4.4294740377681175E-004   0.0000000000000000     
   35.899999999999999        4.9373642709714936E-004   0.0000000000000000     
   36.000000000000000       -5.4950492886225385E-004   0.0000000000000000     
   36.100000000000001        6.1062757191321718E-004   0.0000000000000000     
   36.200000000000003       -6.7749248086692985E-004   0.0000000000000000     
   36.300000000000004        7.5049969713260984E-004   0.0000000000000000     
   36.399999999999999       -8.3005929123695151E-004   0.0000000000000000     
   36.500000000000000        9.1658910660372172E-004   0.0000000000000000     
   36.600000000000001       -1.0105121105688194E-003   0.0000000000000000     
   36.700000000000003        1.1122533302913998E-003   0.0000000000000000     
   36.800000000000004       -1.2222363539516471E-003   0.0000000000000000     
   36.899999999999999        1.3408793810354631E-003   0.0000000000000000     
   37.000000000000000       -1.4685908094241170E-003   0.0000000000000000     
   37.100000000000001        1.6057643521229889E-003   0.0000000000000000     
   37.200000000000003       -1.7527736818840427E-003   0.0000000000000000     
   37.300000000000004        1.9099666086388085E-003   0.0000000000000000     
   37.399999999999999       -2.0776588016906896E-003   0.0000000000000000     
   37.500000000000000        2.2561270769706084E-003   0.0000000000000000     
   37.600000000000001       -2.4456022781597091E-003   0.0000000000000000     
   37.700000000000003        2.6462617902055750E-003   0.0000000000000000     
   37.800000000000004       -2.8582217338204577E-003   0.0000000000000000     
   37.899999999999999        3.0815289001314651E-003   0.0000000000000000     
   38.000000000000000       -3.3161524958606253E-003   0.0000000000000000     
   38.100000000000001        3.5619757806348742E-003   0.0000000000000000     
   38.200000000000003       -3.8187876894624235E-003   0.0000000000000000     
   38.300000000000004        4.0862745448056407E-003   0.0000000000000000     
   38.400000000000006       -4.3640119735588239E-003   0.0000000000000000     
   38.500000000000000        4.6514571548771332E-003   0.0000000000000000     
   38.600000000000001       -4.9479415342337119E-003   0.0000000000000000     
   38.700000000000003        5.2526641480003158E-003   0.0000000000000000     
   38.800000000000004       -5.5646857095871588E-003   0.0000000000000000     
   38.900000000000006        5.8829236143428578E-003   0.0000000000000000     
   39.000000000000000       -6.2061480234812385E-003   0.0000000000000000     
   39.100000000000001        6.5329791891633598E-003   0.0000000000000000     
   39.200000000000003       -6.8618861815146429E-003   0.0000000000000000     
   39.300000000000004        7.1911871744621972E-003   0.0000000000000000     
   39.400000000000006       -7.5190514409111935E-003   0.0000000000000000     
   39.500000000000000        7.8435031965823476E-003   0.0000000000000000     
   39.600000000000001       -8.1624274203053251E-003   0.0000000000000000     
   39.700000000000003        8.4735777590989169E-003   0.0000000000000000     
   39.800000000000004       -8.7745866091914846E-003   0.0000000000000000     
   39.900000000000006        9.0629774365646541E-003   0.0000000000000000     
   40.000000000000000       -9.3361793770777891E-003   0.0000000000000000     
   40.100000000000001        9.5915441225736409E-003   0.0000000000000000     
   40.200000000000003       -9.8263650673802577E-003   0.0000000000000000     
   40.300000000000004        1.0037898654398173E-002   0.0000000000000000     
   40.400000000000006       -1.0223387817229805E-002   0.0000000000000000     
   40.500000000000000        1.0380087383041126E-002   0.0000000000000000     
   40.600000000000001       -1.0505291246664427E-002   0.0000000000000000     
   40.700000000000003        1.0596361101908432E-002   0.0000000000000000     
   40.800000000000004       -1.0650756454200966E-002   0.0000000000000000     
   40.900000000000006        1.0666065619452339E-002   0.0000000000000000     
   41.000000000000000       -1.0640037357303882E-002   0.0000000000000000     
   41.100000000000001        1.0570612761691921E-002   0.0000000000000000     
   41.200000000000003       -1.0455957003068426E-002   0.0000000000000000     
   41.300000000000004        1.0294490466170860E-002   0.0000000000000000     
   41.400000000000006       -1.0084918853900849E-002   0.0000000000000000     
   41.500000000000000        9.8262617349925904E-003   0.0000000000000000     
   41.600000000000001       -9.5178791119878720E-003   0.0000000000000000     
   41.700000000000003        9.1594954529359302E-003   0.0000000000000000     
   41.800000000000004       -8.7512207853468107E-003   0.0000000000000000     
   41.900000000000006        8.2935683246262853E-003   0.0000000000000000     
   42.000000000000000       -7.7874682466441501E-003   0.0000000000000000     
   42.100000000000001        7.2342772039120590E-003   0.0000000000000000     
   42.200000000000003       -6.6357831671205693E-003   0.0000000000000000     
   42.300000000000004        5.9942054384225117E-003   0.0000000000000000     
   42.400000000000006       -5.3121893447181500E-003   0.0000000000000000     
   42.500000000000000        4.5927958018328200E-003   0.0000000000000000     
   42.600000000000001       -3.8394851856211457E-003   0.0000000000000000     
   42.700000000000003        3.0560960454349847E-003   0.0000000000000000     
   42.800000000000004       -2.2468181525000883E-003   0.0000000000000000     
   42.900000000000006        1.4161605742536430E-003   0.0000000000000000     
   43.000000000000000       -5.6891465781653433E-004   0.0000000000000000     
   43.100000000000001       -2.8988766910657625E-004   0.0000000000000000     
   43.200000000000003        1.1550194528910079E-003   0.0000000000000000     
   43.300000000000004       -2.0211086415888838E-003   0.0000000000000000     
   43.400000000000006        2.8826899753169994E-003   0.0000000000000000     
   43.500000000000000       -3.7342608936371817E-003   0.0000000000000000     
   43.600000000000001        4.5703370975561921E-003   0.0000000000000000     
   43.700000000000003       -5.3855114569997141E-003   0.0000000000000000     
   43.800000000000004        6.1745104397213915E-003   0.0000000000000000     
   43.900000000000006       -6.9322523029821245E-003   0.0000000000000000     
   44.000000000000000        7.6539018093039809E-003   0.0000000000000000     
   44.100000000000001       -8.3349233397373573E-003   0.0000000000000000     
   44.200000000000003        8.9711318233653119E-003   0.0000000000000000     
   44.300000000000004       -9.5587360712798327E-003   0.0000000000000000     
   44.400000000000006        1.0094384372891403E-002   0.0000000000000000     
   44.500000000000000       -1.0575193693561975E-002   0.0000000000000000     
   44.600000000000001        1.0998788480470879E-002   0.0000000000000000     
   44.700000000000003       -1.1363312889931899E-002   0.0000000000000000     
   44.800000000000004        1.1667460429346698E-002   0.0000000000000000     
   44.900000000000006       -1.1910469562376076E-002   0.0000000000000000     
   45.000000000000000        1.2092139420833795E-002   0.0000000000000000     
   45.100000000000001       -1.2212814153924528E-002   0.0000000000000000     
   45.200000000000003        1.2273376070379970E-002   0.0000000000000000     
   45.300000000000004       -1.2275230400014872E-002   0.0000000000000000     
   45.400000000000006        1.2220262819077532E-002   0.0000000000000000     
   45.500000000000000       -1.2110842103614856E-002   0.0000000000000000     
   45.600000000000001        1.1949726434813464E-002   0.0000000000000000     
   45.700000000000003       -1.1740103353485401E-002   0.0000000000000000     
   45.800000000000004        1.1485432620116386E-002   0.0000000000000000     
   45.900000000000006       -1.1189535908310736E-002   0.0000000000000000     
   46.000000000000000        1.0856378794354435E-002   0.0000000000000000     
   46.100000000000001       -1.0490200833767758E-002   0.0000000000000000     
   46.200000000000003        1.0095271142340764E-002   0.0000000000000000     
   46.300000000000004       -9.6760079050764482E-003   0.0000000000000000     
   46.400000000000006        9.2367943241977481E-003   0.0000000000000000     
   46.500000000000000       -8.7819743986751291E-003   0.0000000000000000     
   46.600000000000001        8.3158858459221312E-003   0.0000000000000000     
   46.700000000000003       -7.8425440884435042E-003   0.0000000000000000     
   46.800000000000004        7.3661218469682601E-003   0.0000000000000000     
   46.900000000000006       -6.8900677642977307E-003   0.0000000000000000     
   47.000000000000000        6.4183076628969793E-003   0.0000000000000000     
   47.100000000000001       -5.9535294442234470E-003   0.0000000000000000     
   47.200000000000003        5.4993464268540283E-003   0.0000000000000000     
   47.300000000000004       -5.0575793921840530E-003   0.0000000000000000     
   47.400000000000006        4.6314342426326234E-003   0.0000000000000000     
   47.500000000000000       -4.2219083328692061E-003   0.0000000000000000     
   47.600000000000001        3.8316035259036243E-003   0.0000000000000000     
   47.700000000000003       -3.4609693889622660E-003   0.0000000000000000     
   47.800000000000004        3.1116094970583576E-003   0.0000000000000000     
   47.900000000000006       -2.7840277865713889E-003   0.0000000000000000     
   48.000000000000000        2.4781308720747508E-003   0.0000000000000000     
   48.100000000000001       -2.1954955587710004E-003   0.0000000000000000     
   48.200000000000003        1.9332364631130280E-003   0.0000000000000000     
   48.300000000000004       -1.6954911380045183E-003   0.0000000000000000     
   48.400000000000006        1.4750559805657318E-003   0.0000000000000000     
   48.500000000000000       -1.2805530480977099E-003   0.0000000000000000     
   48.600000000000001        1.0985864156174709E-003   0.0000000000000000     
   48.700000000000003       -9.4443335684188346E-004   0.0000000000000000     
   48.800000000000004        7.9656483638126875E-004   0.0000000000000000     
   48.900000000000006       -6.7889988349035374E-004   0.0000000000000000     
   49.000000000000000        5.6034345674262249E-004   0.0000000000000000     
   49.100000000000001       -4.7448548698083589E-004   0.0000000000000000     
   49.200000000000003        3.8071210612883717E-004   0.0000000000000000     
   49.300000000000004       -3.2113583948721180E-004   0.0000000000000000     
   49.400000000000006        2.4866200114615297E-004   0.0000000000000000     
   49.500000000000000       -2.0796440689017646E-004   0.0000000000000000     
   49.600000000000001        1.6713232891938133E-004   0.0000000000000000     
   49.700000000000003       -1.3498068121678766E-004   0.0000000000000000     
   49.800000000000004       -9.3274699757919170E-007   0.0000000000000000     
   49.900000000000006        5.0654071924799070E-054   0.0000000000000000     
