   0.0000000000000000        1.0066395529383375E-015   0.0000000000000000     
  0.10000000000000001        8.2906480206376291E-016   0.0000000000000000     
  0.20000000000000001        1.1461461332003194E-016   0.0000000000000000     
  0.30000000000000004       -8.5459469946071722E-016   0.0000000000000000     
  0.40000000000000002       -7.1396729345207183E-016   0.0000000000000000     
  0.50000000000000000        4.7132012729613784E-016   0.0000000000000000     
  0.60000000000000009        5.5472868484309958E-017   0.0000000000000000     
  0.70000000000000007        6.5691821696761174E-017   0.0000000000000000     
  0.80000000000000004        6.9641378777898659E-016   0.0000000000000000     
  0.90000000000000002        3.2792371454244883E-016   0.0000000000000000     
   1.0000000000000000        1.8121005998809959E-016   0.0000000000000000     
   1.1000000000000001       -1.3123643411858722E-015   0.0000000000000000     
   1.2000000000000002       -2.0753271708550284E-015   0.0000000000000000     
   1.3000000000000000        8.3988085376124373E-016   0.0000000000000000     
   1.4000000000000001        1.8685043191973888E-015   0.0000000000000000     
   1.5000000000000000        3.8736708494695788E-016   0.0000000000000000     
   1.6000000000000001        5.7305367945962135E-016   0.0000000000000000     
   1.7000000000000002        6.6023515788293107E-016   0.0000000000000000     
   1.8000000000000000       -1.0288197607013495E-015   0.0000000000000000     
   1.9000000000000001       -2.2104434907830011E-015   0.0000000000000000     
   2.0000000000000000       -1.0325819777100852E-015   0.0000000000000000     
   2.1000000000000001        6.1389018327175028E-016   0.0000000000000000     
   2.2000000000000002        1.3788516130914589E-015   0.0000000000000000     
   2.3000000000000003        1.4068510753722066E-015   0.0000000000000000     
   2.4000000000000004       -2.8051818530533189E-017   0.0000000000000000     
   2.5000000000000000       -5.2413615380595891E-016   0.0000000000000000     
   2.6000000000000001        2.6020531529651750E-017   0.0000000000000000     
   2.7000000000000002       -3.1516546268209684E-016   0.0000000000000000     
   2.8000000000000003        1.3619996499247548E-016   0.0000000000000000     
   2.9000000000000004       -3.0205740533447253E-016   0.0000000000000000     
   3.0000000000000000       -1.6303272441304423E-015   0.0000000000000000     
   3.1000000000000001       -1.0571615751758475E-016   0.0000000000000000     
   3.2000000000000002        1.8124639133172153E-015   0.0000000000000000     
   3.3000000000000003        5.8300845918472790E-016   0.0000000000000000     
   3.4000000000000004       -1.0411500819601740E-015   0.0000000000000000     
   3.5000000000000000        8.0473367296391943E-016   0.0000000000000000     
   3.6000000000000001        1.7989323812174622E-015   0.0000000000000000     
   3.7000000000000002       -1.1749687173655981E-015   0.0000000000000000     
   3.8000000000000003       -1.7565545240010967E-015   0.0000000000000000     
   3.9000000000000004       -7.5740160653978435E-016   0.0000000000000000     
   4.0000000000000000       -1.1984316776155943E-015   0.0000000000000000     
   4.1000000000000005        7.9313250776510526E-016   0.0000000000000000     
   4.2000000000000002        2.6143069143572131E-015   0.0000000000000000     
   4.2999999999999998        1.1533500435551183E-015   0.0000000000000000     
   4.4000000000000004       -4.9843005832306945E-016   0.0000000000000000     
   4.5000000000000000       -7.2347579876010071E-016   0.0000000000000000     
   4.6000000000000005       -6.2375980969441278E-016   0.0000000000000000     
   4.7000000000000002       -9.8500687965563951E-016   0.0000000000000000     
   4.8000000000000007       -4.7670115312605976E-016   0.0000000000000000     
   4.9000000000000004       -1.5573478054588400E-016   0.0000000000000000     
   5.0000000000000000        2.3336868117611893E-017   0.0000000000000000     
   5.1000000000000005        2.1193110962898143E-015   0.0000000000000000     
   5.2000000000000002        1.8506916328037128E-015   0.0000000000000000     
   5.3000000000000007       -5.5885466735773697E-016   0.0000000000000000     
   5.4000000000000004       -1.2732055844809712E-015   0.0000000000000000     
   5.5000000000000000       -2.1344618523511885E-015   0.0000000000000000     
   5.6000000000000005       -1.4179005414283979E-015   0.0000000000000000     
   5.7000000000000002        1.4397041949870936E-015   0.0000000000000000     
   5.8000000000000007        2.1075764968127890E-015   0.0000000000000000     
   5.9000000000000004        1.0836580064032963E-015   0.0000000000000000     
   6.0000000000000000       -5.0571308367247403E-016   0.0000000000000000     
   6.1000000000000005       -6.8653210671471870E-016   0.0000000000000000     
   6.2000000000000002        2.3729935969874437E-016   0.0000000000000000     
   6.3000000000000007       -1.1605069679586413E-015   0.0000000000000000     
   6.4000000000000004       -2.5128179761951220E-015   0.0000000000000000     
   6.5000000000000000        1.4519736952220179E-015   0.0000000000000000     
   6.6000000000000005        2.3236965586650427E-015   0.0000000000000000     
   6.7000000000000002       -6.1772525661406586E-016   0.0000000000000000     
   6.8000000000000007        3.1991589719045052E-016   0.0000000000000000     
   6.9000000000000004        1.9835546292663049E-015   0.0000000000000000     
   7.0000000000000000       -2.7739710174081342E-015   0.0000000000000000     
   7.1000000000000005       -2.2899632022528833E-017   0.0000000000000000     
   7.2000000000000002        1.9620283346841395E-016   0.0000000000000000     
   7.3000000000000007       -9.1235568108499425E-016   0.0000000000000000     
   7.4000000000000004       -1.6060810170767147E-015   0.0000000000000000     
   7.5000000000000000        2.7831337734139471E-015   0.0000000000000000     
   7.6000000000000005       -1.3822175022835520E-015   0.0000000000000000     
   7.7000000000000002        4.4165750773787593E-015   0.0000000000000000     
   7.8000000000000007       -4.9163773112286178E-015   0.0000000000000000     
   7.9000000000000004        4.3526699297166268E-015   0.0000000000000000     
   8.0000000000000000       -4.4666584502223493E-015   0.0000000000000000     
   8.0999999999999996        5.4349994148303131E-015   0.0000000000000000     
   8.2000000000000011       -1.0847210021190621E-014   0.0000000000000000     
   8.3000000000000007        1.3506119018358425E-014   0.0000000000000000     
   8.4000000000000004       -1.7908564034999656E-014   0.0000000000000000     
   8.5000000000000000        2.1812746880442502E-014   0.0000000000000000     
   8.5999999999999996       -2.4565557250274653E-014   0.0000000000000000     
   8.7000000000000011        3.5533947363587774E-014   0.0000000000000000     
   8.8000000000000007       -4.3361902925947698E-014   0.0000000000000000     
   8.9000000000000004        5.3627706804055815E-014   0.0000000000000000     
   9.0000000000000000       -7.3660513816605876E-014   0.0000000000000000     
   9.0999999999999996        9.3308238928442645E-014   0.0000000000000000     
   9.2000000000000011       -1.1811886761573243E-013   0.0000000000000000     
   9.3000000000000007        1.4955705657664868E-013   0.0000000000000000     
   9.4000000000000004       -1.9122316652944248E-013   0.0000000000000000     
   9.5000000000000000        2.4465217946356515E-013   0.0000000000000000     
   9.6000000000000014       -3.0988467126267557E-013   0.0000000000000000     
   9.7000000000000011        3.9880430901945410E-013   0.0000000000000000     
   9.8000000000000007       -5.0567477903391603E-013   0.0000000000000000     
   9.9000000000000004        6.4191129680048940E-013   0.0000000000000000     
   10.000000000000000       -8.2175016691073150E-013   0.0000000000000000     
   10.100000000000001        1.0387131533827062E-012   0.0000000000000000     
   10.200000000000001       -1.3188085049785344E-012   0.0000000000000000     
   10.300000000000001        1.6787392026788661E-012   0.0000000000000000     
   10.400000000000000       -2.1262804522031147E-012   0.0000000000000000     
   10.500000000000000        2.6973598997445378E-012   0.0000000000000000     
   10.600000000000001       -3.4160528318437743E-012   0.0000000000000000     
   10.700000000000001        4.3202831051419231E-012   0.0000000000000000     
   10.800000000000001       -5.4668679810124412E-012   0.0000000000000000     
   10.900000000000000        6.9106496693754114E-012   0.0000000000000000     
   11.000000000000000       -8.7279354743878458E-012   0.0000000000000000     
   11.100000000000001        1.1013104886307382E-011   0.0000000000000000     
   11.200000000000001       -1.3886721433250867E-011   0.0000000000000000     
   11.300000000000001        1.7498737655717993E-011   0.0000000000000000     
   11.400000000000000       -2.2029523239875795E-011   0.0000000000000000     
   11.500000000000000        2.7710644155449633E-011   0.0000000000000000     
   11.600000000000001       -3.4830435671472292E-011   0.0000000000000000     
   11.700000000000001        4.3745523407755153E-011   0.0000000000000000     
   11.800000000000001       -5.4892101379409997E-011   0.0000000000000000     
   11.900000000000000        6.8816840725551470E-011   0.0000000000000000     
   12.000000000000000       -8.6203054894171426E-011   0.0000000000000000     
   12.100000000000001        1.0788695729734686E-010   0.0000000000000000     
   12.200000000000001       -1.3490709576343581E-010   0.0000000000000000     
   12.300000000000001        1.6853657595534973E-010   0.0000000000000000     
   12.400000000000000       -2.1035984479505113E-010   0.0000000000000000     
   12.500000000000000        2.6232890320129684E-010   0.0000000000000000     
   12.600000000000001       -3.2681954524585375E-010   0.0000000000000000     
   12.700000000000001        4.0678614120450186E-010   0.0000000000000000     
   12.800000000000001       -5.0584259222085663E-010   0.0000000000000000     
   12.900000000000000        6.2840457575278526E-010   0.0000000000000000     
   13.000000000000000       -7.7991830394179211E-010   0.0000000000000000     
   13.100000000000001        9.6701266302067750E-010   0.0000000000000000     
   13.200000000000001       -1.1977940614602084E-009   0.0000000000000000     
   13.300000000000001        1.4821815570152927E-009   0.0000000000000000     
   13.400000000000000       -1.8322389508265900E-009   0.0000000000000000     
   13.500000000000000        2.2626698332150702E-009   0.0000000000000000     
   13.600000000000001       -2.7913528886371250E-009   0.0000000000000000     
   13.700000000000001        3.4399967672676016E-009   0.0000000000000000     
   13.800000000000001       -4.2349528323390498E-009   0.0000000000000000     
   13.900000000000000        5.2081346017923715E-009   0.0000000000000000     
   14.000000000000000       -6.3981546829662279E-009   0.0000000000000000     
   14.100000000000001        7.8516780587086474E-009   0.0000000000000000     
   14.200000000000001       -9.6250258661991884E-009   0.0000000000000000     
   14.300000000000001        1.1786081786655856E-008   0.0000000000000000     
   14.400000000000000       -1.4416549517703230E-008   0.0000000000000000     
   14.500000000000000        1.7614646257456712E-008   0.0000000000000000     
   14.600000000000001       -2.1498283322752027E-008   0.0000000000000000     
   14.700000000000001        2.6208812499861938E-008   0.0000000000000000     
   14.800000000000001       -3.1915454901218278E-008   0.0000000000000000     
   14.900000000000000        3.8820524990657020E-008   0.0000000000000000     
   15.000000000000000       -4.7165558455489921E-008   0.0000000000000000     
   15.100000000000001        5.7238515485139690E-008   0.0000000000000000     
   15.200000000000001       -6.9382210779388949E-008   0.0000000000000000     
   15.300000000000001        8.4004171082892802E-008   0.0000000000000000     
   15.400000000000000       -1.0158817946623925E-007   0.0000000000000000     
   15.500000000000000        1.2270768475752582E-007   0.0000000000000000     
   15.600000000000001       -1.4804142260310876E-007   0.0000000000000000     
   15.700000000000001        1.7839157469448696E-007   0.0000000000000000     
   15.800000000000001       -2.1470477524547456E-007   0.0000000000000000     
   15.900000000000000        2.5809646099328513E-007   0.0000000000000000     
   16.000000000000000       -3.0987896531328056E-007   0.0000000000000000     
   16.100000000000001        3.7159389299089524E-007   0.0000000000000000     
   16.199999999999999       -4.4504938087487000E-007   0.0000000000000000     
   16.300000000000001        5.3236284110457561E-007   0.0000000000000000     
   16.400000000000002       -6.3600995973673724E-007   0.0000000000000000     
   16.500000000000000        7.5888068908171855E-007   0.0000000000000000     
   16.600000000000001       -9.0434312248225790E-007   0.0000000000000000     
   16.699999999999999        1.0763162364700974E-006   0.0000000000000000     
   16.800000000000001       -1.2793524738164447E-006   0.0000000000000000     
   16.900000000000002        1.5187313597207222E-006   0.0000000000000000     
   17.000000000000000       -1.8005653537582579E-006   0.0000000000000000     
   17.100000000000001        2.1319192241969607E-006   0.0000000000000000     
   17.199999999999999       -2.5209444441242290E-006   0.0000000000000000     
   17.300000000000001        2.9770300296535156E-006   0.0000000000000000     
   17.400000000000002       -3.5109714212337886E-006   0.0000000000000000     
   17.500000000000000        4.1351591677343213E-006   0.0000000000000000     
   17.600000000000001       -4.8637890616327471E-006   0.0000000000000000     
   17.699999999999999        5.7130955913437558E-006   0.0000000000000000     
   17.800000000000001       -6.7016105718057730E-006   0.0000000000000000     
   17.900000000000002        7.8504487799266704E-006   0.0000000000000000     
   18.000000000000000       -9.1836225521797142E-006   0.0000000000000000     
   18.100000000000001        1.0728387142360377E-005   0.0000000000000000     
   18.199999999999999       -1.2515618626662158E-005   0.0000000000000000     
   18.300000000000001        1.4580226061252189E-005   0.0000000000000000     
   18.400000000000002       -1.6961599394611519E-005   0.0000000000000000     
   18.500000000000000        1.9704094458705875E-005   0.0000000000000000     
   18.600000000000001       -2.2857556055314473E-005   0.0000000000000000     
   18.699999999999999        2.6477879860119327E-005   0.0000000000000000     
   18.800000000000001       -3.0627613403659934E-005   0.0000000000000000     
   18.900000000000002        3.5376595877149735E-005   0.0000000000000000     
   19.000000000000000       -4.0802635953087331E-005   0.0000000000000000     
   19.100000000000001        4.6992226076361801E-005   0.0000000000000000     
   19.200000000000003       -5.4041290855856997E-005   0.0000000000000000     
   19.300000000000001        6.2055966285783079E-005   0.0000000000000000     
   19.400000000000002       -7.1153405542002176E-005   0.0000000000000000     
   19.500000000000000        8.1462605776303455E-005   0.0000000000000000     
   19.600000000000001       -9.3125249210704970E-005   0.0000000000000000     
   19.700000000000003        1.0629655039613371E-004   0.0000000000000000     
   19.800000000000001       -1.2114609981533592E-004   0.0000000000000000     
   19.900000000000002        1.3785869261263232E-004   0.0000000000000000     
   20.000000000000000       -1.5663512929795507E-004   0.0000000000000000     
   20.100000000000001        1.7769297348742855E-004   0.0000000000000000     
   20.200000000000003       -2.0126724992487947E-004   0.0000000000000000     
   20.300000000000001        2.2761106386951613E-004   0.0000000000000000     
   20.400000000000002       -2.5699612116347449E-004   0.0000000000000000     
   20.500000000000000        2.8971312615689291E-004   0.0000000000000000     
   20.600000000000001       -3.2607203276098734E-004   0.0000000000000000     
   20.700000000000003        3.6640212217480954E-004   0.0000000000000000     
   20.800000000000001       -4.1105187886157700E-004   0.0000000000000000     
   20.900000000000002        4.6038863507604828E-004   0.0000000000000000     
   21.000000000000000       -5.1479795285765421E-004   0.0000000000000000     
   21.100000000000001        5.7468271132203727E-004   0.0000000000000000     
   21.200000000000003       -6.4046186677449120E-004   0.0000000000000000     
   21.300000000000001        7.1256885271971148E-004   0.0000000000000000     
   21.400000000000002       -7.9144958737780661E-004   0.0000000000000000     
   21.500000000000000        8.7756005740182591E-004   0.0000000000000000     
   21.600000000000001       -9.7136344781993266E-004   0.0000000000000000     
   21.700000000000003        1.0733267909841871E-003   0.0000000000000000     
   21.800000000000001       -1.1839171102922149E-003   0.0000000000000000     
   21.900000000000002        1.3035970384962948E-003   0.0000000000000000     
   22.000000000000000       -1.4328198956571711E-003   0.0000000000000000     
   22.100000000000001        1.5720242174597492E-003   0.0000000000000000     
   22.200000000000003       -1.7216277318104034E-003   0.0000000000000000     
   22.300000000000001        1.8820207895271621E-003   0.0000000000000000     
   22.400000000000002       -2.0535592638371461E-003   0.0000000000000000     
   22.500000000000000        2.2365569435246926E-003   0.0000000000000000     
   22.600000000000001       -2.4312774552595292E-003   0.0000000000000000     
   22.700000000000003        2.6379257624812576E-003   0.0000000000000000     
   22.800000000000001       -2.8566393006267993E-003   0.0000000000000000     
   22.900000000000002        3.0874788215253129E-003   0.0000000000000000     
   23.000000000000000       -3.3304190333212982E-003   0.0000000000000000     
   23.100000000000001        3.5853391359875358E-003   0.0000000000000000     
   23.200000000000003       -3.8520133662272508E-003   0.0000000000000000     
   23.300000000000001        4.1301016790371552E-003   0.0000000000000000     
   23.400000000000002       -4.4191407062231843E-003   0.0000000000000000     
   23.500000000000000        4.7185351441297527E-003   0.0000000000000000     
   23.600000000000001       -5.0275497338606919E-003   0.0000000000000000     
   23.700000000000003        5.3453020066362876E-003   0.0000000000000000     
   23.800000000000001       -5.6707559743555160E-003   0.0000000000000000     
   23.900000000000002        6.0027169507557857E-003   0.0000000000000000     
   24.000000000000000       -6.3398276910758521E-003   0.0000000000000000     
   24.100000000000001        6.6805660379064260E-003   0.0000000000000000     
   24.200000000000003       -7.0232442571884386E-003   0.0000000000000000     
   24.300000000000001        7.3660102411234000E-003   0.0000000000000000     
   24.400000000000002       -7.7068507438395962E-003   0.0000000000000000     
   24.500000000000000        8.0435968004416176E-003   0.0000000000000000     
   24.600000000000001       -8.3739314610671543E-003   0.0000000000000000     
   24.700000000000003        8.6953999480756435E-003   0.0000000000000000     
   24.800000000000001       -9.0054223168993253E-003   0.0000000000000000     
   24.900000000000002        9.3013086696069058E-003   0.0000000000000000     
   25.000000000000000       -9.5802769346045018E-003   0.0000000000000000     
   25.100000000000001        9.8394731870307221E-003   0.0000000000000000     
   25.200000000000003       -1.0075994442259402E-002   0.0000000000000000     
   25.300000000000001        1.0286913810345629E-002   0.0000000000000000     
   25.400000000000002       -1.0469307852708616E-002   0.0000000000000000     
   25.500000000000000        1.0620285934476363E-002   0.0000000000000000     
   25.600000000000001       -1.0737021318119124E-002   0.0000000000000000     
   25.700000000000003        1.0816783696258297E-002   0.0000000000000000     
   25.800000000000001       -1.0856972815637649E-002   0.0000000000000000     
   25.900000000000002        1.0855152801077616E-002   0.0000000000000000     
   26.000000000000000       -1.0809086748207802E-002   0.0000000000000000     
   26.100000000000001        1.0716771119062191E-002   0.0000000000000000     
   26.200000000000003       -1.0576469445333858E-002   0.0000000000000000     
   26.300000000000001        1.0386744821545361E-002   0.0000000000000000     
   26.400000000000002       -1.0146490655972363E-002   0.0000000000000000     
   26.500000000000000        9.8549591408544721E-003   0.0000000000000000     
   26.600000000000001       -9.5117869067048444E-003   0.0000000000000000     
   26.700000000000003        9.1170173387394599E-003   0.0000000000000000     
   26.800000000000001       -8.6711190565879597E-003   0.0000000000000000     
   26.900000000000002        8.1750000924601888E-003   0.0000000000000000     
   27.000000000000000       -7.6300173470961359E-003   0.0000000000000000     
   27.100000000000001        7.0379809571566813E-003   0.0000000000000000     
   27.200000000000003       -6.4011532720739291E-003   0.0000000000000000     
   27.300000000000001        5.7222422110927906E-003   0.0000000000000000     
   27.400000000000002       -5.0043888523809005E-003   0.0000000000000000     
   27.500000000000000        4.2511491938536251E-003   0.0000000000000000     
   27.600000000000001       -3.4664701181006934E-003   0.0000000000000000     
   27.700000000000003        2.6546596907749539E-003   0.0000000000000000     
   27.800000000000001       -1.8203520200796572E-003   0.0000000000000000     
   27.900000000000002        9.6846700349889235E-004   0.0000000000000000     
   28.000000000000000       -1.0416538441759579E-004   0.0000000000000000     
   28.100000000000001       -7.6720036677422406E-004   0.0000000000000000     
   28.200000000000003        1.6401387462984397E-003   0.0000000000000000     
   28.300000000000001       -2.5090748068639498E-003   0.0000000000000000     
   28.400000000000002        3.3684078978545857E-003   0.0000000000000000     
   28.500000000000000       -4.2125707539979315E-003   0.0000000000000000     
   28.600000000000001        5.0360890885932140E-003   0.0000000000000000     
   28.700000000000003       -5.8336408199131532E-003   0.0000000000000000     
   28.800000000000001        6.6001140474353740E-003   0.0000000000000000     
   28.900000000000002       -7.3306628995553997E-003   0.0000000000000000     
   29.000000000000000        8.0207603956387822E-003   0.0000000000000000     
   29.100000000000001       -8.6662475033463977E-003   0.0000000000000000     
   29.200000000000003        9.2633776268058188E-003   0.0000000000000000     
   29.300000000000001       -9.8088558305448482E-003   0.0000000000000000     
   29.400000000000002        1.0299872188369261E-002   0.0000000000000000     
   29.500000000000000       -1.0734128742861768E-002   0.0000000000000000     
   29.600000000000001        1.1109859668407987E-002   0.0000000000000000     
   29.700000000000003       -1.1425844346919950E-002   0.0000000000000000     
   29.800000000000001        1.1681413187267349E-002   0.0000000000000000     
   29.900000000000002       -1.1876446145438011E-002   0.0000000000000000     
   30.000000000000000        1.2011364029242643E-002   0.0000000000000000     
   30.100000000000001       -1.2087112796277404E-002   0.0000000000000000     
   30.200000000000003        1.2105141174588618E-002   0.0000000000000000     
   30.300000000000001       -1.2067372048849877E-002   0.0000000000000000     
   30.400000000000002        1.1976168159002990E-002   0.0000000000000000     
   30.500000000000000       -1.1834292750624359E-002   0.0000000000000000     
   30.600000000000001        1.1644865894796045E-002   0.0000000000000000     
   30.700000000000003       -1.1411317258837102E-002   0.0000000000000000     
   30.800000000000001        1.1137336156114609E-002   0.0000000000000000     
   30.900000000000002       -1.0826819732795140E-002   0.0000000000000000     
   31.000000000000000        1.0483820161378905E-002   0.0000000000000000     
   31.100000000000001       -1.0112491705148156E-002   0.0000000000000000     
   31.200000000000003        9.7170384947898193E-003   0.0000000000000000     
   31.300000000000001       -9.3016638192463825E-003   0.0000000000000000     
   31.400000000000002        8.8705216786005812E-003   0.0000000000000000     
   31.500000000000000       -8.4276712789902539E-003   0.0000000000000000     
   31.600000000000001        7.9770350703843550E-003   0.0000000000000000     
   31.700000000000003       -7.5223608391168468E-003   0.0000000000000000     
   31.800000000000001        7.0671882712470841E-003   0.0000000000000000     
   31.900000000000002       -6.6148203021863475E-003   0.0000000000000000     
   32.000000000000000        6.1682994649413540E-003   0.0000000000000000     
   32.100000000000001       -5.7303893467198332E-003   0.0000000000000000     
   32.200000000000003        5.3035611630913373E-003   0.0000000000000000     
   32.300000000000004       -4.8899853634471434E-003   0.0000000000000000     
   32.399999999999999        4.4915280924077020E-003   0.0000000000000000     
   32.500000000000000       -4.1097522511420485E-003   0.0000000000000000     
   32.600000000000001        3.7459228319582315E-003   0.0000000000000000     
   32.700000000000003       -3.4010161395677868E-003   0.0000000000000000     
   32.800000000000004        3.0757324644367623E-003   0.0000000000000000     
   32.899999999999999       -2.7705117377285491E-003   0.0000000000000000     
   33.000000000000000        2.4855516739615757E-003   0.0000000000000000     
   33.100000000000001       -2.2208278959593313E-003   0.0000000000000000     
   33.200000000000003        1.9761155370376028E-003   0.0000000000000000     
   33.300000000000004       -1.7510118264385326E-003   0.0000000000000000     
   33.399999999999999        1.5449591848610542E-003   0.0000000000000000     
   33.500000000000000       -1.3572683867078793E-003   0.0000000000000000     
   33.600000000000001        1.1871413823147186E-003   0.0000000000000000     
   33.700000000000003       -1.0336934163933322E-003   0.0000000000000000     
   33.800000000000004        8.9597412584533753E-004   0.0000000000000000     
   33.899999999999999       -7.7298735017644561E-004   0.0000000000000000     
   34.000000000000000        6.6370943920617269E-004   0.0000000000000000     
   34.100000000000001       -5.6710589397946992E-004   0.0000000000000000     
   34.200000000000003        4.8214622731723657E-004   0.0000000000000000     
   34.300000000000004       -4.0781697800617526E-004   0.0000000000000000     
   34.399999999999999        3.4313285732037767E-004   0.0000000000000000     
   34.500000000000000       -2.8714604704801957E-004   0.0000000000000000     
   34.600000000000001        2.3895370365915078E-004   0.0000000000000000     
   34.700000000000003       -1.9770375418844122E-004   0.0000000000000000     
   34.800000000000004        1.6259909428212706E-004   0.0000000000000000     
   34.899999999999999       -1.3290031884468709E-004   0.0000000000000000     
   35.000000000000000        1.0792713012718103E-004   0.0000000000000000     
   35.100000000000001       -8.7058577264169414E-005   0.0000000000000000     
   35.200000000000003        6.9732286108185364E-005   0.0000000000000000     
   35.300000000000004       -5.5442838062686490E-005   0.0000000000000000     
   35.399999999999999        4.3739453464200728E-005   0.0000000000000000     
   35.500000000000000       -3.4223127946775829E-005   0.0000000000000000     
   35.600000000000001        2.6543360808811224E-005   0.0000000000000000     
   35.700000000000003       -2.0394603059972112E-005   0.0000000000000000     
   35.800000000000004        1.5512539627629826E-005   0.0000000000000000     
   35.899999999999999       -1.1670306396216150E-005   0.0000000000000000     
   36.000000000000000        8.6747283015151623E-006   0.0000000000000000     
   36.100000000000001       -6.3626505221160062E-006   0.0000000000000000     
   36.200000000000003        4.5974207612109744E-006   0.0000000000000000     
   36.300000000000004       -3.2655674485470653E-006   0.0000000000000000     
   36.399999999999999        2.2737065857351755E-006   0.0000000000000000     
   36.500000000000000       -1.5456988165933108E-006   0.0000000000000000     
   36.600000000000001        1.0200686209253567E-006   0.0000000000000000     
   36.700000000000003       -6.4768921041819191E-007   0.0000000000000000     
   36.800000000000004        3.8972961286676496E-007   0.0000000000000000     
   36.899999999999999       -2.1585487671671825E-007   0.0000000000000000     
   37.000000000000000        1.0266587556287361E-007   0.0000000000000000     
   37.100000000000001       -3.2362134619543110E-008   0.0000000000000000     
   37.200000000000003       -8.3912921551849618E-009   0.0000000000000000     
   37.300000000000004        2.9412705492327510E-008   0.0000000000000000     
   37.399999999999999       -3.7788925927006576E-008   0.0000000000000000     
   37.500000000000000        3.8516922790781782E-008   0.0000000000000000     
   37.600000000000001       -3.5021167405900243E-008   0.0000000000000000     
   37.700000000000003        2.9565142798030880E-008   0.0000000000000000     
   37.800000000000004       -2.3573628734000633E-008   0.0000000000000000     
   37.899999999999999        1.7881081378870498E-008   0.0000000000000000     
   38.000000000000000       -1.2919597861178411E-008   0.0000000000000000     
   38.100000000000001        8.8581813120804109E-009   0.0000000000000000     
   38.200000000000003       -5.7035719015227049E-009   0.0000000000000000     
   38.300000000000004        3.3711080939197532E-009   0.0000000000000000     
   38.400000000000006       -1.7327866862561939E-009   0.0000000000000000     
   38.500000000000000        6.4834587646917179E-010   0.0000000000000000     
   38.600000000000001        1.6025915109614248E-011   0.0000000000000000     
   38.700000000000003       -3.7759082093572239E-010   0.0000000000000000     
   38.800000000000004        5.3287506138862670E-010   0.0000000000000000     
   38.900000000000006       -5.5719899789843339E-010   0.0000000000000000     
   39.000000000000000        5.0637706188214381E-010   0.0000000000000000     
   39.100000000000001       -4.1960383765161379E-010   0.0000000000000000     
   39.200000000000003        3.2266299799143122E-010   0.0000000000000000     
   39.300000000000004       -2.3108423569896621E-010   0.0000000000000000     
   39.400000000000006        1.5300057246050883E-010   0.0000000000000000     
   39.500000000000000       -9.1456932942087192E-011   0.0000000000000000     
   39.600000000000001        4.6313916681004058E-011   0.0000000000000000     
   39.700000000000003       -1.5642930079266755E-011   0.0000000000000000     
   39.800000000000004       -3.2995387858969312E-012   0.0000000000000000     
   39.900000000000006        1.3413783648753234E-011   0.0000000000000000     
   40.000000000000000       -1.7365888713767150E-011   0.0000000000000000     
   40.100000000000001        1.7371286224378240E-011   0.0000000000000000     
   40.200000000000003       -1.5171327295689360E-011   0.0000000000000000     
   40.300000000000004        1.2002493124874056E-011   0.0000000000000000     
   40.400000000000006       -8.6812510292295701E-012   0.0000000000000000     
   40.500000000000000        5.6970987230808530E-012   0.0000000000000000     
   40.600000000000001       -3.2754517707412460E-012   0.0000000000000000     
   40.700000000000003        1.4903452126545657E-012   0.0000000000000000     
   40.800000000000004       -2.8635357599003395E-013   0.0000000000000000     
   40.900000000000006       -4.2686961752541005E-013   0.0000000000000000     
   41.000000000000000        7.7305187354475211E-013   0.0000000000000000     
   41.100000000000001       -8.6032003304374008E-013   0.0000000000000000     
   41.200000000000003        7.9161197124270920E-013   0.0000000000000000     
   41.300000000000004       -6.4956353786067421E-013   0.0000000000000000     
   41.400000000000006        4.7563116461934278E-013   0.0000000000000000     
   41.500000000000000       -3.1052346153283891E-013   0.0000000000000000     
   41.600000000000001        1.7251245454620251E-013   0.0000000000000000     
   41.700000000000003       -7.1728597650752131E-014   0.0000000000000000     
   41.800000000000004        7.0634959611956769E-015   0.0000000000000000     
   41.900000000000006        3.2880522460836204E-014   0.0000000000000000     
   42.000000000000000       -5.4121971740850085E-014   0.0000000000000000     
   42.100000000000001        5.5620728481296157E-014   0.0000000000000000     
   42.200000000000003       -4.7587675300662556E-014   0.0000000000000000     
   42.300000000000004        3.6737226053330409E-014   0.0000000000000000     
   42.400000000000006       -2.5099744824128463E-014   0.0000000000000000     
   42.500000000000000        1.5976959325691578E-014   0.0000000000000000     
   42.600000000000001       -6.3743769585545818E-015   0.0000000000000000     
   42.700000000000003        1.6119758410571290E-015   0.0000000000000000     
   42.800000000000004        2.6518719356689524E-015   0.0000000000000000     
   42.900000000000006       -7.2001841925550339E-015   0.0000000000000000     
   43.000000000000000        4.2565407348986205E-015   0.0000000000000000     
   43.100000000000001       -3.7424050776943877E-015   0.0000000000000000     
   43.200000000000003        9.4269180927867467E-016   0.0000000000000000     
   43.300000000000004       -4.5519829159194723E-015   0.0000000000000000     
   43.400000000000006       -1.8613813585990798E-016   0.0000000000000000     
   43.500000000000000        5.7197517881272170E-016   0.0000000000000000     
   43.600000000000001       -2.9110514460957494E-016   0.0000000000000000     
   43.700000000000003        4.3431974874101212E-015   0.0000000000000000     
   43.800000000000004       -2.6401406896354510E-015   0.0000000000000000     
   43.900000000000006        3.9190492003777798E-015   0.0000000000000000     
   44.000000000000000       -3.4238273886264614E-015   0.0000000000000000     
   44.100000000000001        4.4859528371572069E-015   0.0000000000000000     
   44.200000000000003       -3.6742999957690863E-015   0.0000000000000000     
   44.300000000000004        4.0680877087728794E-015   0.0000000000000000     
   44.400000000000006       -3.3991048084906889E-015   0.0000000000000000     
   44.500000000000000        1.5119839888439636E-015   0.0000000000000000     
   44.600000000000001       -6.1042439708803609E-015   0.0000000000000000     
   44.700000000000003        1.9886477742581040E-015   0.0000000000000000     
   44.800000000000004       -3.1589164607785563E-015   0.0000000000000000     
   44.900000000000006        2.4704529901913627E-015   0.0000000000000000     
   45.000000000000000       -4.3800073841943518E-015   0.0000000000000000     
   45.100000000000001        1.1459502127431993E-015   0.0000000000000000     
   45.200000000000003       -6.2990062693221362E-015   0.0000000000000000     
   45.300000000000004        6.5429520746978875E-015   0.0000000000000000     
   45.400000000000006       -3.7120995940770609E-015   0.0000000000000000     
   45.500000000000000        3.9664277743580294E-015   0.0000000000000000     
   45.600000000000001       -6.5475554957648920E-016   0.0000000000000000     
   45.700000000000003        1.3388771701053884E-015   0.0000000000000000     
   45.800000000000004       -2.6402766740285294E-015   0.0000000000000000     
   45.900000000000006        2.4936093684171447E-015   0.0000000000000000     
   46.000000000000000        2.5587555589671225E-015   0.0000000000000000     
   46.100000000000001       -2.0803329766568458E-016   0.0000000000000000     
   46.200000000000003       -1.2238853448398574E-015   0.0000000000000000     
   46.300000000000004       -3.0880450067785243E-015   0.0000000000000000     
   46.400000000000006        8.8245309397626829E-016   0.0000000000000000     
   46.500000000000000        2.9739594482865464E-015   0.0000000000000000     
   46.600000000000001       -4.6375663837216186E-015   0.0000000000000000     
   46.700000000000003       -2.5768767040739278E-015   0.0000000000000000     
   46.800000000000004        2.0201090041857664E-015   0.0000000000000000     
   46.900000000000006       -3.5080720466565662E-016   0.0000000000000000     
   47.000000000000000       -4.4922547964060220E-016   0.0000000000000000     
   47.100000000000001       -1.3639575131555038E-015   0.0000000000000000     
   47.200000000000003        4.5247462654996707E-015   0.0000000000000000     
   47.300000000000004       -2.0228907904379392E-015   0.0000000000000000     
   47.400000000000006        2.3412325617476660E-015   0.0000000000000000     
   47.500000000000000       -5.6285870611834757E-016   0.0000000000000000     
   47.600000000000001        4.1181207440212877E-015   0.0000000000000000     
   47.700000000000003       -1.0917108968506038E-015   0.0000000000000000     
   47.800000000000004        1.0802119752870620E-015   0.0000000000000000     
   47.900000000000006       -2.1571643333646414E-015   0.0000000000000000     
   48.000000000000000        1.3863321349452241E-015   0.0000000000000000     
   48.100000000000001        5.9661847385731259E-016   0.0000000000000000     
   48.200000000000003       -1.3522193682226078E-016   0.0000000000000000     
   48.300000000000004       -1.2294188787446683E-015   0.0000000000000000     
   48.400000000000006       -1.8346354234575026E-015   0.0000000000000000     
   48.500000000000000        1.9110329478919559E-015   0.0000000000000000     
   48.600000000000001       -3.4816094511723316E-015   0.0000000000000000     
   48.700000000000003        1.5049863346823684E-015   0.0000000000000000     
   48.800000000000004       -3.5735134890440837E-015   0.0000000000000000     
   48.900000000000006        3.3270640931482943E-015   0.0000000000000000     
   49.000000000000000       -1.8568650300749673E-015   0.0000000000000000     
   49.100000000000001       -2.1123050092522896E-016   0.0000000000000000     
   49.200000000000003        2.1130074429373994E-015   0.0000000000000000     
   49.300000000000004        1.1482140772044827E-015   0.0000000000000000     
   49.400000000000006        2.6795434800019323E-016   0.0000000000000000     
   49.500000000000000        1.0446566485590147E-016   0.0000000000000000     
   49.600000000000001        3.8574532624299359E-015   0.0000000000000000     
   49.700000000000003       -2.8015825177495821E-016   0.0000000000000000     
   49.800000000000004       -7.7978111316874889E-017   0.0000000000000000     
   49.900000000000006        5.0654071924799070E-054   0.0000000000000000     
